0	3.39269435494762073	0.170394679940928939	0.00000000000000000	-0.0274023375295037661	0.541929253318364612	0.00000000000000000	0.000164100000000000004	0.314159265359000017	0.00000000000000000
0	3.37978957946678493	0.340361645788057832	0.00000000000000000	-0.0547316725237660187	0.539887592189735699	0.00000000000000000	0.000164100000000000004	0.628318530718000146	0.00000000000000000
0	3.35831992361727627	0.509473798930363375	0.00000000000000000	-0.0819162647048502640	0.536488183251501938	0.00000000000000000	0.000164100000000000004	0.942477796076999996	0.00000000000000000
0	3.32834187423786076	0.677305437975042057	0.00000000000000000	-0.108886349067239180	0.531736956682048012	0.00000000000000000	0.000164100000000000004	1.25663706143599940	0.00000000000000000
0	3.28993351426218883	0.843433257852878482	0.00000000000000000	-0.135574168997909666	0.525643320676446035	0.00000000000000000	0.000164100000000000004	1.57079632679499959	0.00000000000000000
0	3.24319394030329189	1.00743750310317903	0.00000000000000000	-0.161913634869101514	0.518220491494330804	0.00000000000000000	0.000164100000000000004	1.88495559215399933	0.00000000000000000
0	3.18824279996663984	1.16890317601979232	0.00000000000000000	-0.187839949897688901	0.509485530196411518	0.00000000000000000	0.000164100000000000004	2.19911485751299995	0.00000000000000000
0	3.12521992668913029	1.32742122731151690	0.00000000000000000	-0.213289379361830039	0.499459216949715512	0.00000000000000000	0.000164100000000000004	2.51327412287199881	0.00000000000000000
0	3.05428502023221649	1.48258969736582280	0.00000000000000000	-0.238199186867407653	0.488165876271148547	0.00000000000000000	0.000164100000000000004	2.82743338823099899	0.00000000000000000
0	2.97561732635044640	1.63401480324547910	0.00000000000000000	-0.262507693628528882	0.475633211814251167	0.00000000000000000	0.000164100000000000004	3.14159265358999873	0.00000000000000000
0	2.88941528493587363	1.78131197769953054	0.00000000000000000	-0.286154411170341794	0.461892166958342176	0.00000000000000000	0.000164100000000000004	3.45575191894899802	0.00000000000000000
0	2.79589613023955907	1.92410686797180186	0.00000000000000000	-0.309080208174341953	0.446976807427060085	0.00000000000000000	0.000164100000000000004	3.76991118430799732	0.00000000000000000
0	2.69529543626066292	2.06203630020567941	0.00000000000000000	-0.331227491170041299	0.430924218313454621	0.00000000000000000	0.000164100000000000004	4.08407044966699839	0.00000000000000000
0	2.58786660524318091	2.19474921256445743	0.00000000000000000	-0.352540384612809954	0.413774405956890967	0.00000000000000000	0.000164100000000000004	4.39822971502599902	0.00000000000000000
0	2.47388030018912586	2.32190755787225100	0.00000000000000000	-0.372964907661975764	0.395570201377903830	0.00000000000000000	0.000164100000000000004	4.71238898038499876	0.00000000000000000
0	2.35362382308466200	2.44318717534747565	0.00000000000000000	-0.392449141600486717	0.376357159080186299	0.00000000000000000	0.000164100000000000004	5.02654824574399850	0.00000000000000000
0	2.22740044159026906	2.55827862962810038	0.00000000000000000	-0.410943391140932812	0.356183450877421537	0.00000000000000000	0.000164100000000000004	5.34070751110299735	0.00000000000000000
0	2.09552866635023616	2.66688801542690390	0.00000000000000000	-0.428400335904368657	0.335099752769938974	0.00000000000000000	0.000164100000000000004	5.65486677646199709	0.00000000000000000
0	1.95834148202780511	2.76873772565865472	0.00000000000000000	-0.444775174829935782	0.313159125517896764	0.00000000000000000	0.000164100000000000004	5.96902604182099417	0.00000000000000000
0	1.81618553435465047	2.86356718064484861	0.00000000000000000	-0.460025761633251540	0.290416886631656712	0.00000000000000000	0.000164100000000000004	6.28318530717999302	0.00000000000000000
0	1.66942027584433572	2.95113351636156018	0.00000000000000000	-0.474112732249790669	0.266930476591918264	0.00000000000000000	0.000164100000000000004	6.59734457253899187	0.00000000000000000
0	1.51841707270973725	3.03121222923441147	0.00000000000000000	-0.486999624561516131	0.242759316451837903	0.00000000000000000	0.000164100000000000004	6.91150383789799072	0.00000000000000000
0	1.36355827614538683	3.10359777521828617	0.00000000000000000	-0.498652985755570655	0.217964659743273836	0.00000000000000000	0.000164100000000000004	7.22566310325698868	0.00000000000000000
0	1.20523626027039010	3.16810412132669494	0.00000000000000000	-0.509042476256557186	0.192609437457546911	0.00000000000000000	0.000164100000000000004	7.53982236861599020	0.00000000000000000
0	1.04385242980042925	3.22456524734264871	0.00000000000000000	-0.518140959279079993	0.166758096532417910	0.00000000000000000	0.000164100000000000004	7.85398163397499083	0.00000000000000000
0	0.879816200263374260	3.27283559626913068	0.00000000000000000	-0.525924585924923749	0.140476434861283250	0.00000000000000000	0.000164100000000000004	8.16814089933399146	0.00000000000000000
0	0.713543953957167965	3.31279047208144029	0.00000000000000000	-0.532372864216777764	0.113831430772388845	0.00000000000000000	0.000164100000000000004	8.48230016469299208	0.00000000000000000
0	0.545457974536141754	3.34432638298036711	0.00000000000000000	-0.537468726115115314	0.0868910665067350318	0.00000000000000000	0.000164100000000000004	8.79645943005199094	0.00000000000000000
0	0.375985363110380555	3.36736132893883733	0.00000000000000000	-0.541198579002268643	0.0597241506176459103	0.00000000000000000	0.000164100000000000004	9.11061869541099334	0.00000000000000000
0	0.205556939120271009	3.38183503289651854	0.00000000000000000	-0.543552349609952801	0.0324001365437010178	0.00000000000000000	0.000164100000000000004	9.42477796076999397	0.00000000000000000
0	0.0346061291346613092	3.38770911430964672	0.00000000000000000	-0.544523517641256394	0.00498893752618615686	0.00000000000000000	0.000164100000000000004	9.73893722612899104	0.00000000000000000
1	-0.136432152825583880	3.38496720455680888	0.00000000000000000	-0.544109136813344829	-0.0224392586503010284	0.00000000000000000	0.000164100000000000004	10.0530964914879917	0.00000000000000000
1	-0.307122630566266042	3.37361500370840117	0.00000000000000000	-0.542309848631537972	-0.0498141772877870037	0.00000000000000000	0.000164100000000000004	10.3672557568469923	0.00000000000000000
1	-0.477030793508853690	3.35368027843424832	0.00000000000000000	-0.539129884944624327	-0.0770656437873357830	0.00000000000000000	0.000164100000000000004	10.6814150222059876	0.00000000000000000
1	-0.645724023450690687	3.32521280103870209	0.00000000000000000	-0.534577058222841628	-0.104123772087021491	0.00000000000000000	0.000164100000000000004	10.9955742875649900	0.00000000000000000
1	-0.812772716667430895	3.28828422950353971	0.00000000000000000	-0.528662742660536700	-0.130919150597788192	0.00000000000000000	0.000164100000000000004	11.3097335529239942	0.00000000000000000
1	-0.977751398856762322	3.24298792902367294	0.00000000000000000	-0.521401846309046735	-0.157383029451172357	0.00000000000000000	0.000164100000000000004	11.6238928182829948	0.00000000000000000
1	-1.14023982924145884	3.18943873506868947	0.00000000000000000	-0.512812770868719014	-0.183447504815765827	0.00000000000000000	0.000164100000000000004	11.9380520836419937	0.00000000000000000
1	-1.29982409046435143	3.12777265911111924	0.00000000000000000	-0.502917361079338932	-0.209045699913804783	0.00000000000000000	0.000164100000000000004	12.2522113490009925	0.00000000000000000
1	-1.45609766086295656	3.05814653762253874	0.00000000000000000	-0.491740843478970457	-0.234111945118322201	0.00000000000000000	0.000164100000000000004	12.5663706143599914	0.00000000000000000
1	-1.60866246610885377	2.98073762530774911	0.00000000000000000	-0.479311755661798011	-0.258581952204662235	0.00000000000000000	0.000164100000000000004	12.8805298797189902	0.00000000000000000
1	-1.75712990661012025	2.89574313425161822	0.00000000000000000	-0.465661863217762817	-0.282392984387263568	0.00000000000000000	0.000164100000000000004	13.1946891450779891	0.00000000000000000
1	-1.90112185751858132	2.80337972043151451	0.00000000000000000	-0.450826068046666639	-0.305484022554557810	0.00000000000000000	0.000164100000000000004	13.5088484104369950	0.00000000000000000
1	-2.04027163809044110	2.70388291812741643	0.00000000000000000	-0.434842305565948328	-0.327795928336100884	0.00000000000000000	0.000164100000000000004	13.8230076757959921	0.00000000000000000
1	-2.17422494732655425	2.59750652501692691	0.00000000000000000	-0.417751432005507684	-0.349271596544115603	0.00000000000000000	0.000164100000000000004	14.1371669411549910	0.00000000000000000
1	-2.30264076250249738	2.48452193998505955	0.00000000000000000	-0.399597102182983943	-0.369856103737222830	0.00000000000000000	0.000164100000000000004	14.4513262065139934	0.00000000000000000
1	-2.42519219800998886	2.36521745482144707	0.00000000000000000	-0.380425637926489479	-0.389496852504298940	0.00000000000000000	0.000164100000000000004	14.7654854718729922	0.00000000000000000
1	-2.54156732126854701	2.23989750236642582	0.00000000000000000	-0.360285887158693918	-0.408143704478460878	0.00000000000000000	0.000164100000000000004	15.0796447372319911	0.00000000000000000
1	-2.65146992283740079	2.10888186347122941	0.00000000000000000	-0.339229072063249426	-0.425749109918780233	0.00000000000000000	0.000164100000000000004	15.3938040025909917	0.00000000000000000
1	-2.75462023714822468	1.97250483488266748	0.00000000000000000	-0.317308627918906905	-0.442268226240885298	0.00000000000000000	0.000164100000000000004	15.7079632679499905	0.00000000000000000
1	-2.85075561126491461	1.83111436058503041	0.00000000000000000	-0.294580032036026618	-0.457659034066132953	0.00000000000000000	0.000164100000000000004	16.0221225333089947	0.00000000000000000
1	-2.93963111806606481	1.68507112675384274	0.00000000000000000	-0.271100622975987082	-0.471882451768362909	0.00000000000000000	0.000164100000000000004	16.3362817986679900	0.00000000000000000
1	-3.02102011245248647	1.53474762121275465	0.00000000000000000	-0.246929418505621334	-0.484902448678362685	0.00000000000000000	0.000164100000000000004	16.6504410640269960	0.00000000000000000
1	-3.09471472996377406	1.38052715588559027	0.00000000000000000	-0.222126932879143812	-0.496686168651340521	0.00000000000000000	0.000164100000000000004	16.9646003293859877	0.00000000000000000
1	-3.16052633085674595	1.22280284810731921	0.00000000000000000	-0.196755016612897210	-0.507204069572896099	0.00000000000000000	0.000164100000000000004	17.2787595947449866	0.00000000000000000
1	-3.21828590013416305	1.06197655426315296	0.00000000000000000	-0.170876741346544930	-0.516430088136844323	0.00000000000000000	0.000164100000000000004	17.5929188601039854	0.00000000000000000
1	-3.26784442477765014	0.898457748414404733	0.00000000000000000	-0.144556379289016601	-0.524341822471240282	0.00000000000000000	0.000164100000000000004	17.9070781254629914	0.00000000000000000
1	-3.30907328548410007	0.732662343844199815	0.00000000000000000	-0.117859522953724677	-0.530920705255105485	0.00000000000000000	0.000164100000000000004	18.2212373908219973	0.00000000000000000
1	-3.34186471303636168	0.565011471666898024	0.00000000000000000	-0.0908533774051302756	-0.536152084827936748	0.00000000000000000	0.000164100000000000004	18.5353966561809962	0.00000000000000000
1	-3.36613235569583980	0.395930264876592830	0.00000000000000000	-0.0636071473487450217	-0.540025087404141346	0.00000000000000000	0.000164100000000000004	18.8495559215399986	0.00000000000000000
1	-3.38181195323186223	0.225846735184360908	0.00000000000000000	-0.0361922737119636101	-0.542532156456753567	0.00000000000000000	0.000164100000000000004	19.1637151868990010	0.00000000000000000
1	-3.38886201233896056	0.0551908375411718777	0.00000000000000000	-0.00868214634973743515	-0.543668357653756207	0.00000000000000000	0.000164100000000000004	19.4778744522579927	0.00000000000000000
2	-3.38726428075427854	-0.115606254265380431	0.00000000000000000	0.0188488828037726916	-0.543430805702902586	0.00000000000000000	0.000164100000000000004	19.7920337176169880	0.00000000000000000
2	-3.37702383436702869	-0.286112767462328554	0.00000000000000000	0.0463268838127532528	-0.541818619838036475	0.00000000000000000	0.000164100000000000004	20.1061929829759904	0.00000000000000000
2	-3.35816875293211980	-0.455897031612538528	0.00000000000000000	0.0736794743617567166	-0.538833452835190796	0.00000000000000000	0.000164100000000000004	20.4203522483349929	0.00000000000000000
2	-3.33074954552067259	-0.624528391260091853	0.00000000000000000	0.100836261455086368	-0.534480229545390539	0.00000000000000000	0.000164100000000000004	20.7345115136939917	0.00000000000000000
2	-3.29483853854373221	-0.791578327735502407	0.00000000000000000	0.127728686249126339	-0.528767689772207783	0.00000000000000000	0.000164100000000000004	21.0486707790529870	0.00000000000000000
2	-3.25052936001014947	-0.956621697751593225	0.00000000000000000	0.154289630957855972	-0.521708589658316901	0.00000000000000000	0.000164100000000000004	21.3628300444119894	0.00000000000000000
2	-3.19793654241367342	-1.11923799164865412	0.00000000000000000	0.180453088820606400	-0.513319648835943942	0.00000000000000000	0.000164100000000000004	21.6769893097709883	0.00000000000000000
2	-3.13719520382455919	-1.27901255372996059	0.00000000000000000	0.206154003034156874	-0.503621383517319110	0.00000000000000000	0.000164100000000000004	21.9911485751299942	0.00000000000000000
2	-3.06846075304770149	-1.43553774564210301	0.00000000000000000	0.231328265480644224	-0.492637921585884986	0.00000000000000000	0.000164100000000000004	22.3053078404890002	0.00000000000000000
2	-2.99190857739774829	-1.58841405476887831	0.00000000000000000	0.255912820874305946	-0.480396840184946661	0.00000000000000000	0.000164100000000000004	22.6194671058479990	0.00000000000000000
2	-2.90773368761320805	-1.73725115582843492	0.00000000000000000	0.279845827393355728	-0.466929029901015702	0.00000000000000000	0.000164100000000000004	22.9336263712069979	0.00000000000000000
2	-2.81615030773104102	-1.88166893342665320	0.00000000000000000	0.303066843549852194	-0.452268580362238992	0.00000000000000000	0.000164100000000000004	23.2477856365659861	0.00000000000000000
2	-2.71739140485802055	-2.02129847058451384	0.00000000000000000	0.325517020424003822	-0.436452676374766591	0.00000000000000000	0.000164100000000000004	23.5619449019249849	0.00000000000000000
2	-2.61170815912650189	-2.15578300535799006	0.00000000000000000	0.347139290535663281	-0.419521497582160618	0.00000000000000000	0.000164100000000000004	23.8761041672839909	0.00000000000000000
2	-2.49936937500301815	-2.28477885570273331	0.00000000000000000	0.367878550642424529	-0.401518116142406456	0.00000000000000000	0.000164100000000000004	24.1902634326429968	0.00000000000000000
2	-2.38066083700624542	-2.40795631159540457	0.00000000000000000	0.387681833802487386	-0.382488389986986255	0.00000000000000000	0.000164100000000000004	24.5044226980019886	0.00000000000000000
2	-2.25588461247695671	-2.52500049242594882	0.00000000000000000	0.406498473363665180	-0.362480848429546365	0.00000000000000000	0.000164100000000000004	24.8185819633609803	0.00000000000000000
2	-2.12535830465415287	-2.63561216750270155	0.00000000000000000	0.424280256326316163	-0.341546571627282969	0.00000000000000000	0.000164100000000000004	25.1327412287199792	0.00000000000000000
2	-1.98941425862037535	-2.73950853726358590	0.00000000000000000	0.440981569141298879	-0.319739060928077745	0.00000000000000000	0.000164100000000000004	25.4469004940789816	0.00000000000000000
2	-1.84839872343568912	-2.83642397274280667	0.00000000000000000	0.456559531594903145	-0.297114102897332255	0.00000000000000000	0.000164100000000000004	25.7610597594379875	0.00000000000000000
2	-1.70267097304742920	-2.92611071094658781	0.00000000000000000	0.470974124929702309	-0.273729624567644547	0.00000000000000000	0.000164100000000000004	26.0752190247969864	0.00000000000000000
2	-1.55260238916125726	-3.00833950396655103	0.00000000000000000	0.484188305869385494	-0.249645543882687060	0.00000000000000000	0.000164100000000000004	26.3893782901559888	0.00000000000000000
2	-1.39857550912827033	-3.08290021975784523	0.00000000000000000	0.496168115976774737	-0.224923611404504897	0.00000000000000000	0.000164100000000000004	26.7035375555149841	0.00000000000000000
2	-1.24098304129358161	-3.14960239258586894	0.00000000000000000	0.506882778063253547	-0.199627248536257157	0.00000000000000000	0.000164100000000000004	27.0176968208739865	0.00000000000000000
2	-1.08022685164966203	-3.20827572154280549	0.00000000000000000	0.516304784091629720	-0.173821378470279564	0.00000000000000000	0.000164100000000000004	27.3318560862329818	0.00000000000000000
2	-0.916716924095114072	-3.25877051533581197	0.00000000000000000	0.524409973362077286	-0.147572253828464423	0.00000000000000000	0.000164100000000000004	27.6460153515919700	0.00000000000000000
2	-0.750870298206121611	-3.30095808237412047	0.00000000000000000	0.531177599308175985	-0.120947280054944609	0.00000000000000000	0.000164100000000000004	27.9601746169509688	0.00000000000000000
2	-0.583109987139104002	-3.33473106459442103	0.00000000000000000	0.536590387688120174	-0.0940148349642662140	0.00000000000000000	0.000164100000000000004	28.2743338823099712	0.00000000000000000
2	-0.413863879311276606	-3.36000371439427159	0.00000000000000000	0.540634582544006870	-0.0668440862133313357	0.00000000000000000	0.000164100000000000004	28.5884931476689665	0.00000000000000000
2	-0.243563626941690148	-3.37671211352944178	0.00000000000000000	0.543299983517407159	-0.0395048051424249924	0.00000000000000000	0.000164100000000000004	28.9026524130279583	0.00000000000000000
2	-0.0726435247694868502	-3.38481433371256912	0.00000000000000000	0.544579971322268874	-0.0120671814057420976	0.00000000000000000	0.000164100000000000004	29.2168116783869678	0.00000000000000000
3	0.0984606177468050209	-3.38429053823150472	0.00000000000000000	0.544471523406084290	0.0153983667757739834	0.00000000000000000	0.000164100000000000004	29.5309709437459702	0.00000000000000000
3	0.269312607192036646	-3.37514302451938919	0.00000000000000000	0.542975217746752281	0.0428213786863307910	0.00000000000000000	0.000164100000000000004	29.8451302091049655	0.00000000000000000
3	0.439476996861669966	-3.35739620773353931	0.00000000000000000	0.540095227772082742	0.0701315407997714912	0.00000000000000000	0.000164100000000000004	30.1592894744639644	0.00000000000000000
3	0.608520213802941856	-3.33109654526128507	0.00000000000000000	0.535839305042932645	0.0972588727034193190	0.00000000000000000	0.000164100000000000004	30.4734487398229632	0.00000000000000000
3	0.776011679068759341	-3.29631240265205649	0.00000000000000000	0.530218752693318973	0.124133914169973006	0.00000000000000000	0.000164100000000000004	30.7876080051819656	0.00000000000000000
3	0.941524917781087267	-3.25313386130176818	0.00000000000000000	0.523248387826252270	0.150687908408085963	0.00000000000000000	0.000164100000000000004	31.1017672705409716	0.00000000000000000
3	1.10463865612827949	-3.20167246901053959	0.00000000000000000	0.514946495087947653	0.176852983074642561	0.00000000000000000	0.000164100000000000004	31.4159265358999775	0.00000000000000000
3	1.26493790172890042	-3.14206093388701291	0.00000000000000000	0.505334768138246182	0.202562328919135975	0.00000000000000000	0.000164100000000000004	31.7300858012589764	0.00000000000000000
3	1.42201500452945817	-3.07445276311517413	0.00000000000000000	0.494438243482734352	0.227750372877473045	0.00000000000000000	0.000164100000000000004	32.0442450666179823	0.00000000000000000
3	1.57547069495677783	-2.99902184759339718	0.00000000000000000	0.482285222699194993	0.252352948889308981	0.00000000000000000	0.000164100000000000004	32.3584043319769847	0.00000000000000000
3	1.72491509661575981	-2.91596199405632550	0.00000000000000000	0.468907187325664165	0.276307461820260392	0.00000000000000000	0.000164100000000000004	32.6725635973359871	0.00000000000000000
3	1.86996871023950906	-2.82548640613978597	0.00000000000000000	0.454338701681057278	0.299553048117051912	0.00000000000000000	0.000164100000000000004	32.9867228626949895	0.00000000000000000
3	2.01026336607804046	-2.72782711638500874	0.00000000000000000	0.438617308743346257	0.322030727718800647	0.00000000000000000	0.000164100000000000004	33.3008821280539777	0.00000000000000000
3	2.14544314170591788	-2.62323437099405821	0.00000000000000000	0.421783414301418358	0.343683552750612242	0.00000000000000000	0.000164100000000000004	33.6150413934129801	0.00000000000000000
3	2.27516524239275109	-2.51197596925496036	0.00000000000000000	0.403880164445111933	0.364456747459633468	0.00000000000000000	0.000164100000000000004	33.9292006587719897	0.00000000000000000
3	2.39910084110861943	-2.39433655975142390	0.00000000000000000	0.384953311033686907	0.384297843328470057	0.00000000000000000	0.000164100000000000004	34.2433599241309778	0.00000000000000000
3	2.51693587515987227	-2.27061689536440259	0.00000000000000000	0.365051070059298877	0.403156806230968279	0.00000000000000000	0.000164100000000000004	34.5575191894899660	0.00000000000000000
3	2.62837179653612729	-2.14113304919885916	0.00000000000000000	0.344223968925248036	0.420986158407933575	0.00000000000000000	0.000164100000000000004	34.8716784548489684	0.00000000000000000
3	2.73312627326064561	-2.00621559301158836	0.00000000000000000	0.322524686725501220	0.437741095192005270	0.00000000000000000	0.000164100000000000004	35.1858377202079566	0.00000000000000000
3	2.83093383868879744	-1.86620873939081844	0.00000000000000000	0.300007883675964926	0.453379599680369783	0.00000000000000000	0.000164100000000000004	35.4999969855669661	0.00000000000000000
3	2.92154648693057606	-1.72146944822591497	0.00000000000000000	0.276730028622579505	0.467862556066949820	0.00000000000000000	0.000164100000000000004	35.8141562509259614	0.00000000000000000
3	3.00473421346528813	-1.57236649631747882	0.00000000000000000	0.252749224916645143	0.481153872330780163	0.00000000000000000	0.000164100000000000004	36.1283155162849567	0.00000000000000000
3	3.08028550325111361	-1.41927950669959069	0.00000000000000000	0.228125052371905501	0.493220614925623857	0.00000000000000000	0.000164100000000000004	36.4424747816439591	0.00000000000000000
3	3.14800777428893852	-1.26259793256571151	0.00000000000000000	0.202918447996371071	0.504033164267078782	0.00000000000000000	0.000164100000000000004	36.7566340470029687	0.00000000000000000
3	3.20772779471677971	-1.10271998873572974	0.00000000000000000	0.177191663939327698	0.513565391635135926	0.00000000000000000	0.000164100000000000004	37.0707933123619497	0.00000000000000000
3	3.25929210622778109	-0.940051527176882784	0.00000000000000000	0.151008358874992255	0.521794831826148164	0.00000000000000000	0.000164100000000000004	37.3849525777209379	0.00000000000000000
3	3.30256750170184077	-0.775004866247236301	0.00000000000000000	0.124433853906200723	0.528702789541008911	0.00000000000000000	0.000164100000000000004	37.6991118430799261	0.00000000000000000
3	3.33744160665856970	-0.607997612405264398	0.00000000000000000	0.0975355191482537159	0.534274258080786990	0.00000000000000000	0.000164100000000000004	38.0132711084389285	0.00000000000000000
3	3.36382357759548212	-0.439451553026525499	0.00000000000000000	0.0703830812849594034	0.538497535853935672	0.00000000000000000	0.000164100000000000004	38.3274303737979238	0.00000000000000000
3	3.38164483872691379	-0.269791716439252371	0.00000000000000000	0.0430484967019598916	0.541363571896097295	0.00000000000000000	0.000164100000000000004	38.6415896391569191	0.00000000000000000
3	3.39085967099679708	-0.0994456432109810384	0.00000000000000000	0.0156051231002009589	0.542865348394219738	0.00000000000000000	0.000164100000000000004	38.9557489045159144	0.00000000000000000
4	3.39144544743732501	0.0711572127690438816	0.00000000000000000	-0.0118736258905202674	0.542997732112085796	0.00000000000000000	0.000164100000000000004	39.2699081698749168	0.00000000000000000
4	3.38340244484449659	0.241586135573414879	0.00000000000000000	-0.0393155160183411290	0.541757939119024257	0.00000000000000000	0.000164100000000000004	39.5840674352339192	0.00000000000000000
4	3.36675335979903290	0.411410004371749960	0.00000000000000000	-0.0666500883930702115	0.539146302430694946	0.00000000000000000	0.000164100000000000004	39.8982267005929145	0.00000000000000000
4	3.34154274860024758	0.580198378547959193	0.00000000000000000	-0.0938085876685078729	0.535166894552042915	0.00000000000000000	0.000164100000000000004	40.2123859659519383	0.00000000000000000
4	3.30783654973149233	0.747522724672816108	0.00000000000000000	-0.120723573947785059	0.529827800237162805	0.00000000000000000	0.000164100000000000004	40.5265452313109407	0.00000000000000000
4	3.26572173233854146	0.912957679621958951	0.00000000000000000	-0.147328552029449389	0.523141097395056098	0.00000000000000000	0.000164100000000000004	40.8407044966699360	0.00000000000000000
4	3.21530603623553057	1.07608228205048406	0.00000000000000000	-0.173557768269444329	0.515122698605208318	0.00000000000000000	0.000164100000000000004	41.1548637620289384	0.00000000000000000
4	3.15671774725558718	1.23648114760493089	0.00000000000000000	-0.199346182590672272	0.505792165345295253	0.00000000000000000	0.000164100000000000004	41.4690230273879337	0.00000000000000000
4	3.09010546155868093	1.39374558902088941	0.00000000000000000	-0.224629556657887752	0.495172546498361899	0.00000000000000000	0.000164100000000000004	41.7831822927469361	0.00000000000000000
4	3.01563781069767645	1.54747469049973918	0.00000000000000000	-0.249344607884890296	0.483290248471375194	0.00000000000000000	0.000164100000000000004	42.0973415581059385	0.00000000000000000
4	2.93350313248398153	1.69727634546273443	0.00000000000000000	-0.273429196455881818	0.470174929642384831	0.00000000000000000	0.000164100000000000004	42.4115008234649480	0.00000000000000000
4	2.84390908175226143	1.84276826345221756	0.00000000000000000	-0.296822517596466273	0.455859409201567201	0.00000000000000000	0.000164100000000000004	42.7256600888239433	0.00000000000000000
4	2.74708218052844666	1.98357894999126061	0.00000000000000000	-0.319465293967951924	0.440379583155798893	0.00000000000000000	0.000164100000000000004	43.0398193541829386	0.00000000000000000
4	2.64326730945937083	2.11934865947432893	0.00000000000000000	-0.341299957953901945	0.423774336851241495	0.00000000000000000	0.000164100000000000004	43.3539786195419410	0.00000000000000000
4	2.53272714215980521	2.24973032017777497	0.00000000000000000	-0.362270832222620076	0.406085453904353078	0.00000000000000000	0.000164100000000000004	43.6681378849009434	0.00000000000000000
4	2.41574152454629276	2.37439042954938850	0.00000000000000000	-0.382324298272040231	0.387357518837569303	0.00000000000000000	0.000164100000000000004	43.9822971502599458	0.00000000000000000
4	2.29260680289062835	2.49300991833034402	0.00000000000000000	-0.401408955568726356	0.367637814332905877	0.00000000000000000	0.000164100000000000004	44.2964564156189411	0.00000000000000000
4	2.16363510303203377	2.60528498034682610	0.00000000000000000	-0.419475773324867518	0.346976206708954293	0.00000000000000000	0.000164100000000000004	44.6106156809779364	0.00000000000000000
4	2.02915356273332570	2.71092786570715516	0.00000000000000000	-0.436478236284156829	0.325425027307741255	0.00000000000000000	0.000164100000000000004	44.9247749463369388	0.00000000000000000
4	1.88950352027868962	2.80966763566057409	0.00000000000000000	-0.452372477817067631	0.303038946803015574	0.00000000000000000	0.000164100000000000004	45.2389342116959270	0.00000000000000000
4	1.74503966225889018	2.90125087657712610	0.00000000000000000	-0.467117407388444095	0.279874839780395346	0.00000000000000000	0.000164100000000000004	45.5530934770549081	0.00000000000000000
4	1.59612913244738386	2.98544236976425781	0.00000000000000000	-0.480674830158070776	0.255991640260937126	0.00000000000000000	0.000164100000000000004	45.8672527424139247	0.00000000000000000
4	1.44315060431879605	3.06202571529961665	0.00000000000000000	-0.493009559156544708	0.231450193395624143	0.00000000000000000	0.000164100000000000004	46.1814120077729200	0.00000000000000000
4	1.28649331951746304	3.13080390838022016	0.00000000000000000	-0.504089518567963468	0.206313100931340226	0.00000000000000000	0.000164100000000000004	46.4955712731319295	0.00000000000000000
4	1.12655609596663320	3.19159986601835621	0.00000000000000000	-0.513885835140006741	0.180644559945307842	0.00000000000000000	0.000164100000000000004	46.8097305384909248	0.00000000000000000
4	0.963746307893071585	3.24425690211988238	0.00000000000000000	-0.522372924812626316	0.154510196025903768	0.00000000000000000	0.000164100000000000004	47.1238898038499130	0.00000000000000000
4	0.798478840353687325	3.28863914969065529	0.00000000000000000	-0.529528567929616334	0.127976893459647245	0.00000000000000000	0.000164100000000000004	47.4380490692089012	0.00000000000000000
4	0.631175022025586063	3.32463192911486782	0.00000000000000000	-0.535333972984922246	0.101112620772179931	0.00000000000000000	0.000164100000000000004	47.7522083345679036	0.00000000000000000
4	0.462261539234292085	3.35214206015146043	0.00000000000000000	-0.539773832460291536	0.0739862482695418794	0.00000000000000000	0.000164100000000000004	48.0663675999268989	0.00000000000000000
4	0.292169333837937806	3.37109811655784730	0.00000000000000000	-0.542836369493218118	0.0466673648520354173	0.00000000000000000	0.000164100000000000004	48.3805268652858871	0.00000000000000000
4	0.121332488115970000	3.38145062273952979	0.00000000000000000	-0.544513373301455994	0.0192260927122627559	0.00000000000000000	0.000164100000000000004	48.6946861306448895	0.00000000000000000
5	-0.0498128994239106643	3.38317219215458564	0.00000000000000000	-0.544800222594847727	-0.00826709899770676146	0.00000000000000000	0.000164100000000000004	49.0088453960038848	0.00000000000000000
5	-0.220829844402677888	3.37625760631833938	0.00000000000000000	-0.543695900720510439	-0.0357415849458343690	0.00000000000000000	0.000164100000000000004	49.3230046613628730	0.00000000000000000
5	-0.391281609746577830	3.36072383440635702	0.00000000000000000	-0.541202998640446409	-0.0631267709310329439	0.00000000000000000	0.000164100000000000004	49.6371639267218896	0.00000000000000000
5	-0.560732838231459918	3.33660999395008551	0.00000000000000000	-0.537327707815691280	-0.0903522822999939246	0.00000000000000000	0.000164100000000000004	49.9513231920808920	0.00000000000000000
5	-0.728750681013926815	3.30397725215898452	0.00000000000000000	-0.532079801688652876	-0.117348152849985676	0.00000000000000000	0.000164100000000000004	50.2654824574399015	0.00000000000000000
5	-0.894905918719139160	3.26290866808930735	0.00000000000000000	-0.525472607290187299	-0.144045012369823394	0.00000000000000000	0.000164100000000000004	50.5796417227989110	0.00000000000000000
5	-1.05877407210291419	3.21350897633941868	0.00000000000000000	-0.517522966599796352	-0.170374271197730992	0.00000000000000000	0.000164100000000000004	50.8938009881579063	0.00000000000000000
5	-1.21993649861641451	3.15590431307999575	0.00000000000000000	-0.508251185966365315	-0.196268302595796196	0.00000000000000000	0.000164100000000000004	51.2079602535169158	0.00000000000000000
5	-1.37798147174617536	3.09024188535237210	0.00000000000000000	-0.497680976975171163	-0.221660621860611334	0.00000000000000000	0.000164100000000000004	51.5221195188759111	0.00000000000000000
5	-1.53250524000040866	3.01668958463569981	0.00000000000000000	-0.485839385726769268	-0.246486061339165230	0.00000000000000000	0.000164100000000000004	51.8362787842349277	0.00000000000000000
5	-1.68311306206773037	2.93543554653628291	0.00000000000000000	-0.472756712370189458	-0.270680938859549747	0.00000000000000000	0.000164100000000000004	52.1504380495939230	0.00000000000000000
5	-1.82942021522052456	2.84668765789165512	0.00000000000000000	-0.458466420625870397	-0.294183224321263537	0.00000000000000000	0.000164100000000000004	52.4645973149529112	0.00000000000000000
5	-1.97105297341204011	2.75067301238099393	0.00000000000000000	-0.443005035788916812	-0.316932700016297753	0.00000000000000000	0.000164100000000000004	52.7787565803119065	0.00000000000000000
5	-2.10764955202875592	2.64763731676292391	0.00000000000000000	-0.426412034386778327	-0.338871115052516325	0.00000000000000000	0.000164100000000000004	53.0929158456709160	0.00000000000000000
5	-2.23886101621048228	2.53784424916769602	0.00000000000000000	-0.408729722388796013	-0.359942336117928807	0.00000000000000000	0.000164100000000000004	53.4070751110299184	0.00000000000000000
5	-2.36435214959723172	2.42157477115114750	0.00000000000000000	-0.390003105457190136	-0.380092490485666290	0.00000000000000000	0.000164100000000000004	53.7212343763889066	0.00000000000000000
5	-2.48380228083394261	2.29912639576412969	0.00000000000000000	-0.370279748980657020	-0.399270104307568041	0.00000000000000000	0.000164100000000000004	54.0353936417479161	0.00000000000000000
5	-2.59690606433145055	2.17081241231557831	0.00000000000000000	-0.349609627614017815	-0.417426239058799664	0.00000000000000000	0.000164100000000000004	54.3495529071069186	0.00000000000000000
5	-2.70337421259348387	2.03696106923829001	0.00000000000000000	-0.328044967201528870	-0.434514622982138110	0.00000000000000000	0.000164100000000000004	54.6637121724659210	0.00000000000000000
5	-2.80293417757208152	1.89791471509263054	0.00000000000000000	-0.305640079144228527	-0.450491787058120319	0.00000000000000000	0.000164100000000000004	54.9778714378249163	0.00000000000000000
5	-2.89533077985584253	1.75402889564535047	0.00000000000000000	-0.282451195585143422	-0.465317209613915650	0.00000000000000000	0.000164100000000000004	55.2920307031839329	0.00000000000000000
5	-2.98032678746428692	1.60567140328884150	0.00000000000000000	-0.258536317277366257	-0.478953475297834275	0.00000000000000000	0.000164100000000000004	55.6061899685429211	0.00000000000000000
5	-3.05770345320920089	1.45322127396711198	0.00000000000000000	-0.233955107296423492	-0.491366451407571236	0.00000000000000000	0.000164100000000000004	55.9203492339019235	0.00000000000000000
5	-3.12726102952574880	1.29706772595005915	0.00000000000000000	-0.208768861060470962	-0.502525479234393613	0.00000000000000000	0.000164100000000000004	56.2345084992609401	0.00000000000000000
5	-3.18881929332234204	1.13760903929691159	0.00000000000000000	-0.183040609245961994	-0.512403552524485661	0.00000000000000000	0.000164100000000000004	56.5486677646199496	0.00000000000000000
5	-3.24221812874211102	0.975251390590896605	0.00000000000000000	-0.156835383776717796	-0.520977407448897090	0.00000000000000000	0.000164100000000000004	56.8628270299789449	0.00000000000000000
5	-3.28731821355583298	0.810407687790708486	0.00000000000000000	-0.130220590232119626	-0.528227410419040755	0.00000000000000000	0.000164100000000000004	57.1769862953379402	0.00000000000000000
5	-3.32400181249307902	0.643496486811000468	0.00000000000000000	-0.103266263184334073	-0.534137142138720211	0.00000000000000000	0.000164100000000000004	57.4911455606969497	0.00000000000000000
5	-3.35217358533610055	0.474941081059159498	0.00000000000000000	-0.0760448450961370148	-0.538692746773206999	0.00000000000000000	0.000164100000000000004	57.8053048260559308	0.00000000000000000
5	-3.37176121606317203	0.305168790675089674	0.00000000000000000	-0.0486302615844906097	-0.541882385933754374	0.00000000000000000	0.000164100000000000004	58.1194640914149403	0.00000000000000000
5	-3.38271566557288672	0.134610350345931995	0.00000000000000000	-0.0210965368793625437	-0.543696209961357813	0.00000000000000000	0.000164100000000000004	58.4336233567739356	0.00000000000000000
6	-3.38501100065320548	-0.0363007928483247699	0.00000000000000000	0.00648340515385485445	-0.544126930376984563	0.00000000000000000	0.000164100000000000004	58.7477826221329238	0.00000000000000000
6	-3.37864394709588689	-0.207129410988813323	0.00000000000000000	0.0340382579057206328	-0.543170624692559945	0.00000000000000000	0.000164100000000000004	59.0619418874919262	0.00000000000000000
6	-3.36363338937211331	-0.377439655810154595	0.00000000000000000	0.0614982012267975414	-0.540827333627246110	0.00000000000000000	0.000164100000000000004	59.3761011528509215	0.00000000000000000
6	-3.34001996574044124	-0.546796348014813471	0.00000000000000000	0.0887944935994010864	-0.537101283393623841	0.00000000000000000	0.000164100000000000004	59.6902604182099168	0.00000000000000000
6	-3.30786578953726584	-0.714766288045610265	0.00000000000000000	0.115859113656668303	-0.532000826378744796	0.00000000000000000	0.000164100000000000004	60.0044196835689334	0.00000000000000000
6	-3.26725425643431233	-0.880919525450401086	0.00000000000000000	0.142624579182741240	-0.525538262117207888	0.00000000000000000	0.000164100000000000004	60.3185789489279216	0.00000000000000000
6	-3.21828988035105068	-1.04483056863644674	0.00000000000000000	0.169023938223459930	-0.517729647477265686	0.00000000000000000	0.000164100000000000004	60.6327382142869453	0.00000000000000000
6	-3.16109811254039696	-1.20607953914431931	0.00000000000000000	0.194990874379358498	-0.508594637260468607	0.00000000000000000	0.000164100000000000004	60.9468974796459548	0.00000000000000000
6	-3.09582511694670126	-1.36425328200646678	0.00000000000000000	0.220459873332391337	-0.498156362839253131	0.00000000000000000	0.000164100000000000004	61.2610567450049501	0.00000000000000000
6	-3.02263748791789855	-1.51894644265899892	0.00000000000000000	0.245366418218377486	-0.486441337927990380	0.00000000000000000	0.000164100000000000004	61.5752160103639525	0.00000000000000000
6	-2.94172190531757627	-1.66976251653608143	0.00000000000000000	0.269647191189164137	-0.473479377216278363	0.00000000000000000	0.000164100000000000004	61.8893752757229336	0.00000000000000000
6	-2.85328472594436899	-1.81631487384466284	0.00000000000000000	0.293240275683342322	-0.459303518391355414	0.00000000000000000	0.000164100000000000004	62.2035345410819360	0.00000000000000000
6	-2.75755151276369403	-1.95822776003178611	0.00000000000000000	0.316085349902335278	-0.443949944921764317	0.00000000000000000	0.000164100000000000004	62.5176938064409455	0.00000000000000000
6	-2.65476650407953585	-2.09513727102387470	0.00000000000000000	0.338123875771423998	-0.427457901352291891	0.00000000000000000	0.000164100000000000004	62.8318530717999550	0.00000000000000000
6	-2.54519202471486361	-2.22669230063047596	0.00000000000000000	0.359299278716376569	-0.409869600775332465	0.00000000000000000	0.000164100000000000004	63.1460123371589503	0.00000000000000000
6	-2.42910784198149798	-2.35255545693425328	0.00000000000000000	0.379557118967995044	-0.391230120412950189	0.00000000000000000	0.000164100000000000004	63.4601716025179456	0.00000000000000000
6	-2.30681046915643373	-2.47240394530361840	0.00000000000000000	0.398845255683104472	-0.371587293273237806	0.00000000000000000	0.000164100000000000004	63.7743308678769338	0.00000000000000000
6	-2.17861241831643060	-2.58593041557378100	0.00000000000000000	0.417114003872286254	-0.350991588231029716	0.00000000000000000	0.000164100000000000004	64.0884901332359078	0.00000000000000000
6	-2.04484140554986471	-2.69284377015993570	0.00000000000000000	0.434316280896131612	-0.329495981010814343	0.00000000000000000	0.000164100000000000004	64.4026493985949173	0.00000000000000000
6	-1.90583951143435870	-2.79286993009315010	0.00000000000000000	0.450407744429171197	-0.307155815765646101	0.00000000000000000	0.000164100000000000004	64.7168086639538984	0.00000000000000000
6	-1.76196230003353405	-2.88575255598971303	0.00000000000000000	0.465346919139782100	-0.284028656199204199	0.00000000000000000	0.000164100000000000004	65.0309679293128937	0.00000000000000000
6	-1.61357789887978242	-2.97125372097639273	0.00000000000000000	0.479095318181469221	-0.260174130236176804	0.00000000000000000	0.000164100000000000004	65.3451271946719174	0.00000000000000000
6	-1.46106604257954764	-3.04915453432642058	0.00000000000000000	0.491617552992422213	-0.235653770395956669	0.00000000000000000	0.000164100000000000004	65.6592864600309127	0.00000000000000000
6	-1.30481708366393279	-3.11925571380788069	0.00000000000000000	0.502881431833868464	-0.210530847833072576	0.00000000000000000	0.000164100000000000004	65.9734457253899080	0.00000000000000000
6	-1.14523097412686403	-3.18137810525644360	0.00000000000000000	0.512858048583260229	-0.184870201668132728	0.00000000000000000	0.000164100000000000004	66.2876049907489175	0.00000000000000000
6	-0.982716220552682485	-3.23536314770130051	0.00000000000000000	0.521521861186463265	-0.158738063386349632	0.00000000000000000	0.000164100000000000004	66.6017642561079271	0.00000000000000000
6	-0.817688816637692439	-3.28107328243497998	0.00000000000000000	0.528850758342327865	-0.132201875185249063	0.00000000000000000	0.000164100000000000004	66.9159235214669081	0.00000000000000000
6	-0.650571155654158795	-3.31839230443633770	0.00000000000000000	0.534826119513265308	-0.105330106144776933	0.00000000000000000	0.000164100000000000004	67.2300827868259177	0.00000000000000000
6	-0.481790926101839934	-3.34722565617866952	0.00000000000000000	0.539432861783985418	-0.0781920682139668477	0.00000000000000000	0.000164100000000000004	67.5442420521849129	0.00000000000000000
6	-0.311779994490490264	-3.36750066303630202	0.00000000000000000	0.542659475427089255	-0.0508577284871294596	0.00000000000000000	0.000164100000000000004	67.8584013175439082	0.00000000000000000
6	-0.140973278320709910	-3.37916670922926965	0.00000000000000000	0.544498050578178683	-0.0233975189716247312	0.00000000000000000	0.000164100000000000004	68.1725605829029035	0.00000000000000000
7	0.0301923877000434757	-3.38219535393678195	0.00000000000000000	0.544944293452895301	0.00411785407191204815	0.00000000000000000	0.000164100000000000004	68.4867198482619415	0.00000000000000000
7	0.201279388650489499	-3.37658038746150302	0.00000000000000000	0.543997530430334941	0.0316176009198089400	0.00000000000000000	0.000164100000000000004	68.8008791136209368	0.00000000000000000
7	0.371850465870997515	-3.36233782783593016	0.00000000000000000	0.541660701198758865	0.0590310364676437452	0.00000000000000000	0.000164100000000000004	69.1150383789799463	0.00000000000000000
7	0.541469849737066689	-3.33950585847591386	0.00000000000000000	0.537940341843370584	0.0862877681183572137	0.00000000000000000	0.000164100000000000004	69.4291976443389558	0.00000000000000000
7	0.709704385355654721	-3.30814470689721674	0.00000000000000000	0.532846556691866424	0.113317882735755937	0.00000000000000000	0.000164100000000000004	69.7433569096979511	0.00000000000000000
7	0.876124647804527701	-3.26833646504617592	0.00000000000000000	0.526392980143767786	0.140052130878706993	0.00000000000000000	0.000164100000000000004	70.0575161750569890	0.00000000000000000
7	1.04030604384743941	-3.22018485222651174	0.00000000000000000	0.518596728329039691	0.166422108306155198	0.00000000000000000	0.000164100000000000004	70.3716754404159843	0.00000000000000000
7	1.20182989673385610	-3.16381492148399435	0.00000000000000000	0.509478339900239607	0.192360434124560331	0.00000000000000000	0.000164100000000000004	70.6858347057749796	0.00000000000000000
7	1.36028451085180113	-3.09937271054255392	0.00000000000000000	0.499061707306883540	0.217800925416576752	0.00000000000000000	0.000164100000000000004	70.9999939711339749	0.00000000000000000
7	1.51526621337945100	-3.02702483885782181	0.00000000000000000	0.487373998657901986	0.242678765976672095	0.00000000000000000	0.000164100000000000004	71.3141532364929844	0.00000000000000000
7	1.66638036966005543	-2.94695805216340956	0.00000000000000000	0.474445568875745571	0.266930671067191649	0.00000000000000000	0.000164100000000000004	71.6283125018519797	0.00000000000000000
7	1.81324236927813121	-2.85937871638642616	0.00000000000000000	0.460309861966676004	0.290495045912832817	0.00000000000000000	0.000164100000000000004	71.9424717672110035	0.00000000000000000
7	1.95547857987717677	-2.76451226217534796	0.00000000000000000	0.445003303117654292	0.313312140924143723	0.00000000000000000	0.000164100000000000004	72.2566310325699845	0.00000000000000000
7	2.09272726540994825	-2.66260258209979650	0.00000000000000000	0.428565180763370801	0.335324197827432113	0.00000000000000000	0.000164100000000000004	72.5707902979289941	0.00000000000000000
7	2.22463946602351959	-2.55391138245110882	0.00000000000000000	0.411037519596256562	0.356475593419323333	0.00000000000000000	0.000164100000000000004	72.8849495632880036	0.00000000000000000
7	2.35087983638661635	-2.43871749052170461	0.00000000000000000	0.392464943671827993	0.376712978410213339	0.00000000000000000	0.000164100000000000004	73.1991088286469989	0.00000000000000000
7	2.47112743985915184	-2.31731611886193578	0.00000000000000000	0.372894531949509667	0.395985413546164233	0.00000000000000000	0.000164100000000000004	73.5132680940059799	0.00000000000000000
7	2.58507649593737021	-2.19001808674322085	0.00000000000000000	0.352375665702555185	0.414244505805534846	0.00000000000000000	0.000164100000000000004	73.8274273593649895	0.00000000000000000
7	2.69243707933315601	-2.05714899848171129	0.00000000000000000	0.330959874526627729	0.431444548180611676	0.00000000000000000	0.000164100000000000004	74.1415866247239848	0.00000000000000000
7	2.79293577139814309	-1.91904837628827907	0.00000000000000000	0.308700688876234586	0.447542669659008296	0.00000000000000000	0.000164100000000000004	74.4557458900830085	0.00000000000000000
7	2.88631626859440882	-1.77606874426045436	0.00000000000000000	0.285653518115771499	0.462498997839671133	0.00000000000000000	0.000164100000000000004	74.7699051554419896	0.00000000000000000
7	2.97233996022704039	-1.62857465811980062	0.00000000000000000	0.261875583329763295	0.476276840046902572	0.00000000000000000	0.000164100000000000004	75.0840644208009849	0.00000000000000000
7	3.05078649976833605	-1.47694167733291604	0.00000000000000000	0.237425952084640679	0.488842865167310681	0.00000000000000000	0.000164100000000000004	75.3982236861599660	0.00000000000000000
7	3.12145440944805008	-1.32155528523289201	0.00000000000000000	0.212365721806924118	0.500167241047414834	0.00000000000000000	0.000164100000000000004	75.7123829515189328	0.00000000000000000
7	3.18416176687817210	-1.16280978473321461	0.00000000000000000	0.186758350320531286	0.510223633298059642	0.00000000000000000	0.000164100000000000004	76.0265422168779565	0.00000000000000000
7	3.23874700510367663	-1.00110723155405679	0.00000000000000000	0.160670013467571898	0.518988951199596649	0.00000000000000000	0.000164100000000000004	76.3407014822369803	0.00000000000000000
7	3.28506979244463926	-0.836856493819350011	0.00000000000000000	0.134169693644198257	0.526442806953946296	0.00000000000000000	0.000164100000000000004	76.6548607475959614	0.00000000000000000
7	3.32301185038560831	-0.670472504245178125	0.00000000000000000	0.107328652187388407	0.532566887579075665	0.00000000000000000	0.000164100000000000004	76.9690200129549993	0.00000000000000000
7	3.35247749610662771	-0.502375669119248691	0.00000000000000000	0.0802192414251195474	0.537344659383678591	0.00000000000000000	0.000164100000000000004	77.2831792783139804	0.00000000000000000
7	3.37339376524070289	-0.332991273342555960	0.00000000000000000	0.0529135334975689778	0.540761703521960846	0.00000000000000000	0.000164100000000000004	77.5973385436729757	0.00000000000000000
7	3.38571016394972402	-0.162748696984932495	0.00000000000000000	0.0254824220030522748	0.542806513671800106	0.00000000000000000	0.000164100000000000004	77.9114978090319426	0.00000000000000000
8	3.38939825530386596	0.00791962899794627397	0.00000000000000000	-0.00200453951774986344	0.543471277771040540	0.00000000000000000	0.000164100000000000004	78.2256570743909521	0.00000000000000000
8	3.38445128262464090	0.178579461181235494	0.00000000000000000	-0.0294788079294070610	0.542752303783208156	0.00000000000000000	0.000164100000000000004	78.5398163397499189	0.00000000000000000
8	3.37088392090030720	0.348796053948670415	0.00000000000000000	-0.0568724226391749826	0.540650071469767068	0.00000000000000000	0.000164100000000000004	78.8539756051088858	0.00000000000000000
8	3.34873214373459449	0.518135449313440466	0.00000000000000000	-0.0841177201162668781	0.537169081099693080	0.00000000000000000	0.000164100000000000004	79.1681348704678669	0.00000000000000000
8	3.31805314891859915	0.686165708018419807	0.00000000000000000	-0.111147243274910268	0.532317651016049886	0.00000000000000000	0.000164100000000000004	79.4822941358268480	0.00000000000000000
8	3.27892528814451367	0.852458080258063577	0.00000000000000000	-0.137893794973712652	0.526107741872719914	0.00000000000000000	0.000164100000000000004	79.7964534011858859	0.00000000000000000
8	3.23144796492481090	1.01658812838318235	0.00000000000000000	-0.164290578178205998	0.518554827008801511	0.00000000000000000	0.000164100000000000004	80.1106126665448954	0.00000000000000000
8	3.17574148090311326	1.17813681480970933	0.00000000000000000	-0.190271379449092309	0.509677798298027951	0.00000000000000000	0.000164100000000000004	80.4247719319038907	0.00000000000000000
8	3.11194682148192792	1.33669156452312832	0.00000000000000000	-0.215770766479754933	0.499498896324391095	0.00000000000000000	0.000164100000000000004	80.7389311972629002	0.00000000000000000
8	3.04022537961445938	1.49184730782430020	0.00000000000000000	-0.240724285394202930	0.488043652650606841	0.00000000000000000	0.000164100000000000004	81.0530904626219240	0.00000000000000000
8	2.96075861729819811	1.64320750568645368	0.00000000000000000	-0.265068658252495148	0.475340834700934523	0.00000000000000000	0.000164100000000000004	81.3672497279809193	0.00000000000000000
8	2.87374766632135659	1.79038515677838017	0.00000000000000000	-0.288741971622446358	0.461422384293056487	0.00000000000000000	0.000164100000000000004	81.6814089933399003	0.00000000000000000
8	2.77941287086773103	1.93300378455924782	0.00000000000000000	-0.311683858767627775	0.446323351816064195	0.00000000000000000	0.000164100000000000004	81.9955682586989099	0.00000000000000000
8	2.67799327401735665	2.07069840259787075	0.00000000000000000	-0.333835674828340145	0.430081822844389117	0.00000000000000000	0.000164100000000000004	82.3097275240578767	0.00000000000000000
8	2.56974604955281016	2.20311645524247224	0.00000000000000000	-0.355140669079342219	0.412738834366026264	0.00000000000000000	0.000164100000000000004	82.6238867894168720	0.00000000000000000
8	2.45494588138500358	2.32991873047230769	0.00000000000000000	-0.375544146756323638	0.394338282023911524	0.00000000000000000	0.000164100000000000004	82.9380460547758958	0.00000000000000000
8	2.33388429237309669	2.45078024257114802	0.00000000000000000	-0.394993629169411609	0.374926820498914681	0.00000000000000000	0.000164100000000000004	83.2522053201348911	0.00000000000000000
8	2.20686892408169300	2.56539108199445876	0.00000000000000000	-0.413439005269417792	0.354553753526843540	0.00000000000000000	0.000164100000000000004	83.5663645854938864	0.00000000000000000
8	2.07422277006353228	2.67345722874416314	0.00000000000000000	-0.430832675988527980	0.333270912347168102	0.00000000000000000	0.000164100000000000004	83.8805238508528390	0.00000000000000000
8	1.93628336516216759	2.77470132633417066	0.00000000000000000	-0.447129690474146357	0.311132526246154451	0.00000000000000000	0.000164100000000000004	84.1946831162118343	0.00000000000000000
8	1.79340193270409021	2.86886341338159490	0.00000000000000000	-0.462287877722013407	0.288195083101835392	0.00000000000000000	0.000164100000000000004	84.5088423815708438	0.00000000000000000
8	1.64594249161706019	2.95570161089244987	0.00000000000000000	-0.476267969415300307	0.264517186395717252	0.00000000000000000	0.000164100000000000004	84.8230016469298391	0.00000000000000000
8	1.49428092660225320	3.03499276332724754	0.00000000000000000	-0.489033712212223304	0.240159403809748095	0.00000000000000000	0.000164100000000000004	85.1371609122888486	0.00000000000000000
8	1.33880402454029435	3.10653303086104549	0.00000000000000000	-0.500551970240626476	0.215184107625341514	0.00000000000000000	0.000164100000000000004	85.4513201776478724	0.00000000000000000
8	1.17990848062941889	3.17013843017100783	0.00000000000000000	-0.510792816061959365	0.189655307820946001	0.00000000000000000	0.000164100000000000004	85.7654794430068534	0.00000000000000000
8	1.01799987689424198	3.22564532225172851	0.00000000000000000	-0.519729615887825291	0.163638481141504422	0.00000000000000000	0.000164100000000000004	86.0796387083658630	0.00000000000000000
8	0.853491635047400221	3.27291084576395264	0.00000000000000000	-0.527339106386120360	0.137200396533311814	0.00000000000000000	0.000164100000000000004	86.3937979737248583	0.00000000000000000
8	0.686803947289758021	3.31181329554692772	0.00000000000000000	-0.533601458441046783	0.110408939876751863	0.00000000000000000	0.000164100000000000004	86.7079572390838678	0.00000000000000000
8	0.518362688918827308	3.34225244569649904	0.00000000000000000	-0.538500329517857201	0.0833329356615042927	0.00000000000000000	0.000164100000000000004	87.0221165044428773	0.00000000000000000
8	0.348598315724331420	3.36414981521525025	0.00000000000000000	-0.542022908710101836	0.0560419603541921427	0.00000000000000000	0.000164100000000000004	87.3362757698018868	0.00000000000000000
8	0.177944748623466348	3.37744887492028223	0.00000000000000000	-0.544159952179593676	0.0286061560194755399	0.00000000000000000	0.000164100000000000004	87.6504350351608821	0.00000000000000000
9	0.00683824900117308530	3.38211519578418329	0.00000000000000000	-0.544905806820895844	0.00109604304066633846	0.00000000000000000	0.000164100000000000004	87.9645943005198632	0.00000000000000000
9	-0.164283711422105377	3.37813653827090432	0.00000000000000000	-0.544258421743333054	-0.0264176678165891632	0.00000000000000000	0.000164100000000000004	88.2787535658788869	0.00000000000000000
9	-0.334983582781010980	3.36552288265248301	0.00000000000000000	-0.542219350183753002	-0.0538642633199214113	0.00000000000000000	0.000164100000000000004	88.5929128312378396	0.00000000000000000
9	-0.504824868381574254	3.34430640015685521	0.00000000000000000	-0.538793741389519631	-0.0811732165912014692	0.00000000000000000	0.000164100000000000004	88.9070720965968633	0.00000000000000000
9	-0.673373251581292132	3.31454136483274020	0.00000000000000000	-0.533990320537806040	-0.108274374798728923	0.00000000000000000	0.000164100000000000004	89.2212313619558870	0.00000000000000000
9	-0.840197714769242432	3.27630400689481993	0.00000000000000000	-0.527821358884553282	-0.135098144576022094	0.00000000000000000	0.000164100000000000004	89.5353906273148539	0.00000000000000000
9	-1.00487164729867318	3.22969230802024354	0.00000000000000000	-0.520302632935007559	-0.161575676027780196	0.00000000000000000	0.000164100000000000004	89.8495498926738776	0.00000000000000000
9	-1.16697393881082245	3.17482573905201670	0.00000000000000000	-0.511453372503445469	-0.187639044721097464	0.00000000000000000	0.000164100000000000004	90.1637091580328871	0.00000000000000000
9	-1.32609005466119689	3.11184494122990385	0.00000000000000000	-0.501296198808271587	-0.213221429885253555	0.00000000000000000	0.000164100000000000004	90.4778684233918682	0.00000000000000000
9	-1.48181309022827246	3.04091135186269712	0.00000000000000000	-0.489857051526644827	-0.238257289491807883	0.00000000000000000	0.000164100000000000004	90.7920276887508777	0.00000000000000000
9	-1.63374480050895499	2.96220677568742641	0.00000000000000000	-0.477165104707885535	-0.262682530751773169	0.00000000000000000	0.000164100000000000004	91.1061869541098872	0.00000000000000000
9	-1.78149660154242495	2.87593290349048791	0.00000000000000000	-0.463252671562257246	-0.286434676078464401	0.00000000000000000	0.000164100000000000004	91.4203462194689251	0.00000000000000000
9	-1.92469054032773323	2.78231077865671139	0.00000000000000000	-0.448155098728144963	-0.309453027913111856	0.00000000000000000	0.000164100000000000004	91.7345054848279204	0.00000000000000000
9	-2.06296022966042569	2.68158021294604598	0.00000000000000000	-0.431910649092496601	-0.331678827453223635	0.00000000000000000	0.000164100000000000004	92.0486647501869442	0.00000000000000000
9	-2.19595174471561894	2.57399915258127132	0.00000000000000000	-0.414560375243377077	-0.353055412780803046	0.00000000000000000	0.000164100000000000004	92.3628240155459252	0.00000000000000000
9	-2.32332447832772848	2.45984299463596923	0.00000000000000000	-0.396147983815111737	-0.373528377105711074	0.00000000000000000	0.000164100000000000004	92.6769832809049063	0.00000000000000000
9	-2.44475195306440440	2.33940385337452827	0.00000000000000000	-0.376719696864652953	-0.393045730159085838	0.00000000000000000	0.000164100000000000004	92.9911425462638874	0.00000000000000000
9	-2.55992258994085731	2.21298977477276182	0.00000000000000000	-0.356324116234454813	-0.411558067093304725	0.00000000000000000	0.000164100000000000004	93.3053018116228543	0.00000000000000000
9	-2.66854043724171142	2.08092389636948738	0.00000000000000000	-0.335012109042422179	-0.429018748353253543	0.00000000000000000	0.000164100000000000004	93.6194610769818922	0.00000000000000000
9	-2.77032586987827667	1.94354354850903199	0.00000000000000000	-0.312836740061705587	-0.445384091792954351	0.00000000000000000	0.000164100000000000004	93.9336203423408875	0.00000000000000000
9	-2.86501628030940925	1.80119929519809463	0.00000000000000000	-0.289853294018655394	-0.460613561157021179	0.00000000000000000	0.000164100000000000004	94.2477796076998970	0.00000000000000000
