0	1.60225011308696952	0.245980868259933927	0.00000000000000000	-0.119131497341930598	0.776921969007424273	0.00000000000000000	0.00148499999999999999	0.314159265359000017	0.00000000000000000
0	1.54643640393090376	0.486270675999897650	0.00000000000000000	-0.235498323747595023	0.749855449756675840	0.00000000000000000	0.00148499999999999999	0.628318530718000146	0.00000000000000000
0	1.45485401681820914	0.715311244184503536	0.00000000000000000	-0.346400976273860406	0.705447167055299862	0.00000000000000000	0.00148499999999999999	0.942477796076999996	0.00000000000000000
0	1.32962756364902024	0.927806971009453640	0.00000000000000000	-0.449268840206140774	0.644733412736815503	0.00000000000000000	0.00148499999999999999	1.25663706143599940	0.00000000000000000
0	1.17366101241478571	1.11884817675342019	0.00000000000000000	-0.541720755000580700	0.569129782641111914	0.00000000000000000	0.00148499999999999999	1.57079632679499959	0.00000000000000000
0	0.990569207397831275	1.28402517884019951	0.00000000000000000	-0.621621150023585756	0.480397346681511295	0.00000000000000000	0.00148499999999999999	1.88495559215399933	0.00000000000000000
0	0.784592848384424335	1.41953028788673885	0.00000000000000000	-0.687128839452063600	0.380599642897423651	0.00000000000000000	0.00148499999999999999	2.19911485751299995	0.00000000000000000
0	0.560499074019374710	1.52224540059265934	0.00000000000000000	-0.736740219980484667	0.272054553983015257	0.00000000000000000	0.00148499999999999999	2.51327412287199881	0.00000000000000000
0	0.323469773016044182	1.58981322995834362	0.00000000000000000	-0.769323094942444219	0.157277857279427474	0.00000000000000000	0.00148499999999999999	2.82743338823099899	0.00000000000000000
0	0.0789809422660567029	1.62069021602937080	0.00000000000000000	-0.784140831158575358	0.0389239312011829264	0.00000000000000000	0.00148499999999999999	3.14159265358999873	0.00000000000000000
0	-0.167324479097997358	1.61418020873727452	0.00000000000000000	-0.780868726852509631	-0.0802771700146091283	0.00000000000000000	0.00148499999999999999	3.45575191894899802	0.00000000000000000
0	-0.409766680122926052	1.57044844830881392	0.00000000000000000	-0.759596541847410656	-0.197581977965420846	0.00000000000000000	0.00148499999999999999	3.76991118430799732	0.00000000000000000
0	-0.642758668056995108	1.49051623377918263	0.00000000000000000	-0.720824377593058507	-0.310294335534331445	0.00000000000000000	0.00148499999999999999	4.08407044966699839	0.00000000000000000
0	-0.860933722272132163	1.37623644030170533	0.00000000000000000	-0.665452118807941195	-0.415826221336241642	0.00000000000000000	0.00148499999999999999	4.39822971502599902	0.00000000000000000
0	-1.05926840257709598	1.23025043127117928	0.00000000000000000	-0.594760696546081546	-0.511755879683620685	0.00000000000000000	0.00148499999999999999	4.71238898038499876	0.00000000000000000
0	-1.23319729889059126	1.05592696635854955	0.00000000000000000	-0.510379303569902021	-0.595882725355167397	0.00000000000000000	0.00148499999999999999	5.02654824574399850	0.00000000000000000
0	-1.37871682845128074	0.857284913643004076	0.00000000000000000	-0.414248388114343502	-0.666276574357534956	0.00000000000000000	0.00148499999999999999	5.34070751110299735	0.00000000000000000
0	-1.49247608339194926	0.638901234910456362	0.00000000000000000	-0.308574963643297118	-0.721321429184142993	0.00000000000000000	0.00148499999999999999	5.65486677646199709	0.00000000000000000
0	-1.57185308410226376	0.405806238433130628	0.00000000000000000	-0.195783560704445359	-0.759752362262325120	0.00000000000000000	0.00148499999999999999	5.96902604182099417	0.00000000000000000
0	-1.61501441926609313	0.163368804332153394	0.00000000000000000	-0.0784604432204254881	-0.780682885802171267	0.00000000000000000	0.00148499999999999999	6.28318530717999302	0.00000000000000000
0	-1.62095710718211317	-0.0828258675415525225	0.00000000000000000	0.0407037492541066567	-0.783624848191259327	0.00000000000000000	0.00148499999999999999	6.59734457253899187	0.00000000000000000
0	-1.58953201026486002	-0.327103324999049982	0.00000000000000000	0.158973993560107940	-0.768499238959053921	0.00000000000000000	0.00148499999999999999	6.91150383789799072	0.00000000000000000
0	-1.52144827748319922	-0.563828980398027313	0.00000000000000000	0.273631441321755486	-0.735638746627688467	0.00000000000000000	0.00148499999999999999	7.22566310325698868	0.00000000000000000
0	-1.41825871074925192	-0.787536792519154649	0.00000000000000000	0.382034317594831696	-0.685781727275957986	0.00000000000000000	0.00148499999999999999	7.53982236861599020	0.00000000000000000
0	-1.28232598187672275	-0.993054470031938141	0.00000000000000000	0.481678550649735637	-0.620056713416587191	0.00000000000000000	0.00148499999999999999	7.85398163397499083	0.00000000000000000
0	-1.11677017804294798	-1.17562263496554098	0.00000000000000000	0.570255552422633483	-0.539958997416308262	0.00000000000000000	0.00148499999999999999	8.16814089933399146	0.00000000000000000
0	-0.925398960896272049	-1.33100493040322987	0.00000000000000000	0.645705153617064820	-0.447316880359186986	0.00000000000000000	0.00148499999999999999	8.48230016469299208	0.00000000000000000
0	-0.712621743531112406	-1.45558670440659799	0.00000000000000000	0.706264271928443876	-0.344252849420403295	0.00000000000000000	0.00148499999999999999	8.79645943005199094	0.00000000000000000
0	-0.483349543977487472	-1.54646020621024127	0.00000000000000000	0.750508877203459268	-0.233136102105045789	0.00000000000000000	0.00148499999999999999	9.11061869541099334	0.00000000000000000
0	-0.242882930167605593	-1.60149380980220890	0.00000000000000000	0.777388330651161974	-0.116529265388093314	0.00000000000000000	0.00148499999999999999	9.42477796076999397	0.00000000000000000
0	0.00320976640002338179	-1.61938385670494744	0.00000000000000000	0.786252220214950892	0.00286950565773442298	0.00000000000000000	0.00148499999999999999	9.73893722612899104	0.00000000000000000
1	0.249221098153304871	-1.59968742403553676	0.00000000000000000	0.776867361079877750	0.122289321074056240	0.00000000000000000	0.00148499999999999999	10.0530964914879917	0.00000000000000000
1	0.489437111865214103	-1.54283515576916597	0.00000000000000000	0.749426135931166248	0.238950662185473728	0.00000000000000000	0.00148499999999999999	10.3672557568469923	0.00000000000000000
1	0.718270879675358520	-1.45012363913321907	0.00000000000000000	0.704543331592772271	0.350131177838372110	0.00000000000000000	0.00148499999999999999	10.6814150222059876	0.00000000000000000
1	0.930393451413781492	-1.32368727543454390	0.00000000000000000	0.643243814138750647	0.453230101595444967	0.00000000000000000	0.00148499999999999999	10.9955742875649900	0.00000000000000000
1	1.12085964184516174	-1.16645020117958897	0.00000000000000000	0.566941296699309927	0.545830805152082710	0.00000000000000000	0.00148499999999999999	11.3097335529239942	0.00000000000000000
1	1.28522521693395708	-0.982059125493771168	0.00000000000000000	0.477404838617508931	0.625759037300211651	0.00000000000000000	0.00148499999999999999	11.6238928182829948	0.00000000000000000
1	1.41965227690563456	-0.774798784871224888	0.00000000000000000	0.376718125784551994	0.691135558465458821	0.00000000000000000	0.00148499999999999999	11.9380520836419937	0.00000000000000000
1	1.52100077819732404	-0.549491762746029844	0.00000000000000000	0.267231300320271370	0.740422654162899208	0.00000000000000000	0.00148499999999999999	12.2522113490009925	0.00000000000000000
1	1.58690343764321717	-0.311385099736334547	0.00000000000000000	0.151503760937990423	0.772461100977890891	0.00000000000000000	0.00148499999999999999	12.5663706143599914	0.00000000000000000
1	1.61582194508363530	-0.0660268176458238265	0.00000000000000000	0.0322431406734508194	0.786498006379511283	0.00000000000000000	0.00148499999999999999	12.8805298797189902	0.00000000000000000
1	1.60708353831862372	0.180864995240942933	0.00000000000000000	-0.0877590520200280527	0.782205866695787733	0.00000000000000000	0.00148499999999999999	13.1946891450779891	0.00000000000000000
1	1.56089674792866484	0.423537290841014602	0.00000000000000000	-0.205695174712629048	0.759689733729805972	0.00000000000000000	0.00148499999999999999	13.5088484104369950	0.00000000000000000
1	1.47834587334293643	0.656337590747945399	0.00000000000000000	-0.318808547559727318	0.719483455606719779	0.00000000000000000	0.00148499999999999999	13.8230076757959921	0.00000000000000000
1	1.36136467014014761	0.873846939452439075	0.00000000000000000	-0.424458847300779929	0.662536900104330972	0.00000000000000000	0.00148499999999999999	14.1371669411549910	0.00000000000000000
1	1.21268978610602640	1.07100722337877796	0.00000000000000000	-0.520185134739714838	0.590192402217046053	0.00000000000000000	0.00148499999999999999	14.4513262065139934	0.00000000000000000
1	1.03579518716443109	1.24323929546895551	0.00000000000000000	-0.603763445068336568	0.504150510667121576	0.00000000000000000	0.00148499999999999999	14.7654854718729922	0.00000000000000000
1	0.834809517173156101	1.38654924909626631	0.00000000000000000	-0.673258101657304042	0.406429104157393861	0.00000000000000000	0.00148499999999999999	15.0796447372319911	0.00000000000000000
1	0.614418216487708557	1.49762075810157591	0.00000000000000000	-0.727066806185288184	0.299315044698376775	0.00000000000000000	0.00148499999999999999	15.3938040025909917	0.00000000000000000
1	0.379752981024172709	1.57389092238660866	0.00000000000000000	-0.763955985881118127	0.185308346666923612	0.00000000000000000	0.00148499999999999999	15.7079632679499905	0.00000000000000000
1	0.136271513153140039	1.61360808796624244	0.00000000000000000	-0.783087743444445095	0.0670635550001510150	0.00000000000000000	0.00148499999999999999	16.0221225333089947	0.00000000000000000
1	-0.110369966895943999	1.61587075825161119	0.00000000000000000	-0.784038180673358842	-0.0526723127828426230	0.00000000000000000	0.00148499999999999999	16.3362817986679900	0.00000000000000000
1	-0.354448129071198104	1.58064652182616250	0.00000000000000000	-0.766804340147412167	-0.171124133756407754	0.00000000000000000	0.00148499999999999999	16.6504410640269960	0.00000000000000000
1	-0.590304779780243649	1.50877090788215540	0.00000000000000000	-0.731802994222811587	-0.285552087706420321	0.00000000000000000	0.00148499999999999999	16.9646003293859877	0.00000000000000000
1	-0.812477268234914063	1.40192643463688316	0.00000000000000000	-0.679859332960829121	-0.393314147187425245	0.00000000000000000	0.00148499999999999999	17.2787595947449866	0.00000000000000000
1	-1.01582370685547119	1.26260239872180891	0.00000000000000000	-0.612186202736209606	-0.491925869146970618	0.00000000000000000	0.00148499999999999999	17.5929188601039854	0.00000000000000000
1	-1.19564061807857613	1.09403644985368675	0.00000000000000000	-0.530356354563636390	-0.579116522949040480	0.00000000000000000	0.00148499999999999999	17.9070781254629914	0.00000000000000000
1	-1.34777032132475694	0.900139363179412122	0.00000000000000000	-0.436264759121646528	-0.652879421204593524	0.00000000000000000	0.00148499999999999999	18.2212373908219973	0.00000000000000000
1	-1.46869550478297595	0.685404923126151755	0.00000000000000000	-0.332085650226877693	-0.711516788546312728	0.00000000000000000	0.00148499999999999999	18.5353966561809962	0.00000000000000000
1	-1.55561949489342655	0.454806552480096327	0.00000000000000000	-0.220223620481631049	-0.753678491679667939	0.00000000000000000	0.00148499999999999999	18.8495559215399986	0.00000000000000000
1	-1.60652996982185337	0.213683383246022096	0.00000000000000000	-0.103258049239868852	-0.778390843323990445	0.00000000000000000	0.00148499999999999999	19.1637151868990010	0.00000000000000000
1	-1.62024497985759508	-0.0323818975793555494	0.00000000000000000	0.0161140472437068770	-0.785080164603674469	0.00000000000000000	0.00148499999999999999	19.4778744522579927	0.00000000000000000
2	-1.59644032346767561	-0.277691047296870663	0.00000000000000000	0.135139460439867021	-0.773585563647103847	0.00000000000000000	0.00148499999999999999	19.7920337176169880	0.00000000000000000
2	-1.53565745690696498	-0.516560611406465808	0.00000000000000000	0.251070727697521479	-0.744162257760640045	0.00000000000000000	0.00148499999999999999	20.1061929829759904	0.00000000000000000
2	-1.43929198180601992	-0.743452319370833004	0.00000000000000000	0.361228008613427076	-0.697477549898544158	0.00000000000000000	0.00148499999999999999	20.4203522483349929	0.00000000000000000
2	-1.30956272555241449	-0.953100376861434562	0.00000000000000000	0.463060228787170292	-0.634595554061376022	0.00000000000000000	0.00148499999999999999	20.7345115136939917	0.00000000000000000
2	-1.14946207896329122	-1.14063279386976957	0.00000000000000000	0.554203293097530136	-0.556954792617709860	0.00000000000000000	0.00148499999999999999	21.0486707790529870	0.00000000000000000
2	-0.962688585880046688	-1.30168422608354795	0.00000000000000000	0.632534342812520523	-0.466335959004625988	0.00000000000000000	0.00148499999999999999	21.3628300444119894	0.00000000000000000
2	-0.753563299222900773	-1.43249743404011909	0.00000000000000000	0.696221042070071960	-0.364822755359493767	0.00000000000000000	0.00148499999999999999	21.6769893097709883	0.00000000000000000
2	-0.526931431130262307	-1.53001156023206231	0.00000000000000000	0.743765467476389053	-0.254756384090121191	0.00000000000000000	0.00148499999999999999	21.9911485751299942	0.00000000000000000
2	-0.288051581898436271	-1.59193468820190520	0.00000000000000000	0.774038985523164635	-0.138681574028113902	0.00000000000000000	0.00148499999999999999	22.3053078404890002	0.00000000000000000
2	-0.0424750918188681117	-1.61679893314715839	0.00000000000000000	0.786310769063346293	-0.0192897886792072898	0.00000000000000000	0.00148499999999999999	22.6194671058479990	0.00000000000000000
2	0.204082357714067159	-1.60399704285898581	0.00000000000000000	0.780267635774202550	0.100642216017351738	0.00000000000000000	0.00148499999999999999	22.9336263712069979	0.00000000000000000
2	0.445873402802663188	-1.55379898165659958	0.00000000000000000	0.756021747299204239	0.218317422313098808	0.00000000000000000	0.00148499999999999999	23.2477856365659861	0.00000000000000000
2	0.677252985260043183	-1.46734814281269665	0.00000000000000000	0.714111668492858898	0.330983256278102989	0.00000000000000000	0.00148499999999999999	23.5619449019249849	0.00000000000000000
2	0.892811132666475715	-1.34663714262246614	0.00000000000000000	0.655492604927192080	0.435996836036951496	0.00000000000000000	0.00148499999999999999	23.8761041672839909	0.00000000000000000
2	1.08750055155194714	-1.19446333190653808	0.00000000000000000	0.581513908280353986	0.530888057569003813	0.00000000000000000	0.00148499999999999999	24.1902634326429968	0.00000000000000000
2	1.25675610753920508	-1.01436511386722072	0.00000000000000000	0.493890277388299381	0.613418903335276267	0.00000000000000000	0.00148499999999999999	24.5044226980019886	0.00000000000000000
2	1.39660387467175640	-0.810540294259436300	0.00000000000000000	0.394663347692113475	0.681638171539806437	0.00000000000000000	0.00148499999999999999	24.8185819633609803	0.00000000000000000
2	1.50375633859722480	-0.587748236755730180	0.00000000000000000	0.286152534539114212	0.733929238544859808	0.00000000000000000	0.00148499999999999999	25.1327412287199792	0.00000000000000000
2	1.57569118948276188	-0.351198371580595026	0.00000000000000000	0.170900454511167116	0.769049431365604663	0.00000000000000000	0.00148499999999999999	25.4469004940789816	0.00000000000000000
2	1.61071226948266721	-0.106427612573708197	0.00000000000000000	0.0516135250502538293	0.786161150512107776	0.00000000000000000	0.00148499999999999999	25.7610597594379875	0.00000000000000000
2	1.60799093417729333	0.140830684283633767	0.00000000000000000	-0.0689031885530764360	0.784853961676526546	0.00000000000000000	0.00148499999999999999	26.0752190247969864	0.00000000000000000
2	1.56758631132443105	0.384782685091575816	0.00000000000000000	-0.187814387128131588	0.765153822679078499	0.00000000000000000	0.00148499999999999999	26.3893782901559888	0.00000000000000000
2	1.49044418135147971	0.619711170877396911	0.00000000000000000	-0.302321969703172710	0.727521806353767286	0.00000000000000000	0.00148499999999999999	26.7035375555149841	0.00000000000000000
2	1.37837470603093193	0.840111093065903813	0.00000000000000000	-0.409732340748765078	0.672844993626172894	0.00000000000000000	0.00148499999999999999	27.0176968208739865	0.00000000000000000
2	1.23400926299744462	1.04082033291066023	0.00000000000000000	-0.507521660642355044	0.602414680902164545	0.00000000000000000	0.00148499999999999999	27.3318560862329818	0.00000000000000000
2	1.06073748552842240	1.21714164924529999	0.00000000000000000	-0.593395999543767760	0.517892904363077777	0.00000000000000000	0.00148499999999999999	27.6460153515919700	0.00000000000000000
2	0.862626395225483900	1.36495304778286020	0.00000000000000000	-0.665345413737961744	0.421272565156630641	0.00000000000000000	0.00148499999999999999	27.9601746169509688	0.00000000000000000
2	0.644323555156956607	1.48080450100238914	0.00000000000000000	-0.721691342119343604	0.314829960294051581	0.00000000000000000	0.00148499999999999999	28.2743338823099712	0.00000000000000000
2	0.410946490551807431	1.56199841570578046	0.00000000000000000	-0.761126107521261974	0.201069034011019943	0.00000000000000000	0.00148499999999999999	28.5884931476689665	0.00000000000000000
2	0.167961397213579305	1.60665162220936852	0.00000000000000000	-0.782741578438354124	0.0826603085463721715	0.00000000000000000	0.00148499999999999999	28.9026524130279583	0.00000000000000000
2	-0.0789455919734267653	1.61373790942590345	0.00000000000000000	-0.786048441720204383	-0.0376217930374688203	0.00000000000000000	0.00148499999999999999	29.2168116783869678	0.00000000000000000
3	-0.324002081132785058	1.58311049160334227	0.00000000000000000	-0.770987638660249219	-0.156964271371071162	0.00000000000000000	0.00148499999999999999	29.5309709437459702	0.00000000000000000
3	-0.561484693969534820	1.51550358880900249	0.00000000000000000	-0.737929010847405142	-0.272582419579993684	0.00000000000000000	0.00148499999999999999	29.8451302091049655	0.00000000000000000
3	-0.785852140504703423	1.41251341757911586	0.00000000000000000	-0.687659558836111295	-0.381783731082084188	0.00000000000000000	0.00148499999999999999	30.1592894744639644	0.00000000000000000
3	-0.991873683912649295	1.27655945612776711	0.00000000000000000	-0.621365376807659908	-0.482029784414362727	0.00000000000000000	0.00148499999999999999	30.4734487398229632	0.00000000000000000
3	-1.17475021988493999	1.11082671228759011	0.00000000000000000	-0.540602367063916733	-0.570994722646206543	0.00000000000000000	0.00148499999999999999	30.7876080051819656	0.00000000000000000
3	-1.33022454382677924	0.919190646282026957	0.00000000000000000	-0.447257777454687921	-0.646616967402111942	0.00000000000000000	0.00148499999999999999	31.1017672705409716	0.00000000000000000
3	-1.45467891477673383	0.706126679584704542	0.00000000000000000	-0.343507605675162697	-0.707145915702437122	0.00000000000000000	0.00148499999999999999	31.4159265358999775	0.00000000000000000
3	-1.54521806612027524	0.476606045402826917	0.00000000000000000	-0.231766132031722527	-0.751181502783259791	0.00000000000000000	0.00148499999999999999	31.7300858012589764	0.00000000000000000
3	-1.59973524632875064	0.235980749354625541	0.00000000000000000	-0.114629443210965604	-0.777704102296487787	0.00000000000000000	0.00148499999999999999	32.0442450666179823	0.00000000000000000
3	-1.61696030847890593	-0.0101398198996805848	0.00000000000000000	0.00518250876986115112	-0.786098078853736393	0.00000000000000000	0.00148499999999999999	32.3584043319769847	0.00000000000000000
3	-1.59648900549234685	-0.256018366957437238	0.00000000000000000	0.124887857521675555	-0.776166096510973458	0.00000000000000000	0.00148499999999999999	32.6725635973359871	0.00000000000000000
3	-1.53879240512601934	-0.495921764260923270	0.00000000000000000	0.241706453340273381	-0.748131948169914351	0.00000000000000000	0.00148499999999999999	32.9867228626949895	0.00000000000000000
3	-1.44520654650944080	-0.724253020095442679	0.00000000000000000	0.352922277006545992	-0.702637261512606193	0.00000000000000000	0.00148499999999999999	33.3008821280539777	0.00000000000000000
3	-1.31790248592818471	-0.935680764324470116	0.00000000000000000	0.455945684760739767	-0.640728019262865267	0.00000000000000000	0.00148499999999999999	33.6150413934129801	0.00000000000000000
3	-1.15983722105387677	-1.12526256895313992	0.00000000000000000	0.548372298329448227	-0.563829800070853149	0.00000000000000000	0.00148499999999999999	33.9292006587719897	0.00000000000000000
3	-0.974686700882909096	-1.28855969795713321	0.00000000000000000	0.628038469710143321	-0.473718034591298409	0.00000000000000000	0.00148499999999999999	34.2433599241309778	0.00000000000000000
3	-0.766762021793434889	-1.42174118936321348	0.00000000000000000	0.693072302745994073	-0.372478995122174250	0.00000000000000000	0.00148499999999999999	34.5575191894899660	0.00000000000000000
3	-0.540910776291469220	-1.52167402976630362	0.00000000000000000	0.741936883479102915	-0.262461360137483279	0.00000000000000000	0.00148499999999999999	34.8716784548489684	0.00000000000000000
3	-0.302405774972448138	-1.58599758854091033	0.00000000000000000	0.773467845216499805	-0.146224574376218830	0.00000000000000000	0.00148499999999999999	35.1858377202079566	0.00000000000000000
3	-0.0568230759461550924	-1.61318096911619913	0.00000000000000000	0.786903152871041067	-0.0264811221307060772	0.00000000000000000	0.00148499999999999999	35.4999969855669661	0.00000000000000000
3	0.190087698274629235	-1.60256112412539631	0.00000000000000000	0.781902169390155777	0.0939673683889139244	0.00000000000000000	0.00148499999999999999	35.8141562509259614	0.00000000000000000
3	0.432537521988887841	-1.55436067270300415	0.00000000000000000	0.758555702304596569	0.212295035207456351	0.00000000000000000	0.00148499999999999999	36.1283155162849567	0.00000000000000000
3	0.664833946100058970	-1.46968526033874358	0.00000000000000000	0.717387147729811936	0.325717371700823211	0.00000000000000000	0.00148499999999999999	36.4424747816439591	0.00000000000000000
3	0.881515839775992793	-1.35049999751325012	0.00000000000000000	0.659342989086937004	0.431558450915785763	0.00000000000000000	0.00148499999999999999	36.7566340470029687	0.00000000000000000
3	1.07748314754347541	-1.19958508263451824	0.00000000000000000	0.585770932523798193	0.527315512394649577	0.00000000000000000	0.00148499999999999999	37.0707933123619497	0.00000000000000000
3	1.24811830589584405	-1.02047193735936670	0.00000000000000000	0.498389305329090038	0.610718619241575555	0.00000000000000000	0.00148499999999999999	37.3849525777209379	0.00000000000000000
3	1.38939694364090349	-0.817361055445775198	0.00000000000000000	0.399248865827997346	0.679787110512505621	0.00000000000000000	0.00148499999999999999	37.6991118430799261	0.00000000000000000
3	1.49798492011400408	-0.595023200959350684	0.00000000000000000	0.290684021064914200	0.732878680469833177	0.00000000000000000	0.00148499999999999999	38.0132711084389285	0.00000000000000000
3	1.57131865376378954	-0.358686523922433831	0.00000000000000000	0.175256014907673063	0.768729722133186577	0.00000000000000000	0.00148499999999999999	38.3274303737979238	0.00000000000000000
3	1.60766683380919817	-0.113912437504036734	0.00000000000000000	0.0556914304909832403	0.786486647676989836	0.00000000000000000	0.00148499999999999999	38.6415896391569191	0.00000000000000000
3	1.60617217731148076	0.133536797546477959	0.00000000000000000	-0.0651833122360657019	0.785727188853184710	0.00000000000000000	0.00148499999999999999	38.9557489045159144	0.00000000000000000
4	1.56687207209336732	0.377835663420289958	0.00000000000000000	-0.184510581325984468	0.766471678258289213	0.00000000000000000	0.00148499999999999999	39.2699081698749168	0.00000000000000000
4	1.49069742658609239	0.613234528166319626	0.00000000000000000	-0.299471281648135468	0.729181597590832564	0.00000000000000000	0.00148499999999999999	39.5840674352339192	0.00000000000000000
4	1.37944977012150072	0.834196429291974906	0.00000000000000000	-0.407352995171233356	0.674746391761812836	0.00000000000000000	0.00148499999999999999	39.8982267005929145	0.00000000000000000
4	1.23575743682861794	1.03552830929444561	0.00000000000000000	-0.505615049578499121	0.604461503161836333	0.00000000000000000	0.00148499999999999999	40.2123859659519383	0.00000000000000000
4	1.06301201905722542	1.21250375428764512	0.00000000000000000	-0.591948689828262320	0.519996076547011188	0.00000000000000000	0.00148499999999999999	40.5265452313109407	0.00000000000000000
4	0.865286699777030210	1.36097416899915746	0.00000000000000000	-0.664332020499340481	0.423351822062916439	0.00000000000000000	0.00148499999999999999	40.8407044966699360	0.00000000000000000
4	0.647238576909642815	1.47746560502576063	0.00000000000000000	-0.721076557758609682	0.316813087421789930	0.00000000000000000	0.00148499999999999999	41.1548637620289384	0.00000000000000000
4	0.413997891630531523	1.55925895833971029	0.00000000000000000	-0.760864326831390825	0.202891564706743355	0.00000000000000000	0.00148499999999999999	41.4690230273879337	0.00000000000000000
4	0.171046625087049098	1.60445226260661067	0.00000000000000000	-0.782778341754288287	0.0842674003984627273	0.00000000000000000	0.00148499999999999999	41.7831822927469361	0.00000000000000000
4	-0.0759109090931953806	1.61200375453110345	0.00000000000000000	-0.786322573045720397	-0.0362743130954723825	0.00000000000000000	0.00148499999999999999	42.0973415581059385	0.00000000000000000
4	-0.321082020969357840	1.58175445988298891	0.00000000000000000	-0.771431060891678233	-0.155909663681813027	0.00000000000000000	0.00148499999999999999	42.4115008234649480	0.00000000000000000
4	-0.558720917544138329	1.51443004916374790	0.00000000000000000	-0.738467481248417656	-0.271841499648840190	0.00000000000000000	0.00148499999999999999	42.7256600888239433	0.00000000000000000
4	-0.783262403152574449	1.41162237050346251	0.00000000000000000	-0.688215526943930067	-0.381363349986742373	0.00000000000000000	0.00148499999999999999	43.0398193541829386	0.00000000000000000
4	-0.989451095953569726	1.27575101348775166	0.00000000000000000	-0.621859653377735855	-0.481922235328767490	0.00000000000000000	0.00148499999999999999	43.3539786195419410	0.00000000000000000
4	-1.17246290202777614	1.11000580870292631	0.00000000000000000	-0.540955469642178555	-0.571176685628221881	0.00000000000000000	0.00148499999999999999	43.6681378849009434	0.00000000000000000
4	-1.32801601141899051	0.918272164131607171	0.00000000000000000	-0.447393254423819220	-0.647048298831852553	0.00000000000000000	0.00148499999999999999	43.9822971502599458	0.00000000000000000
4	-1.45246961750557713	0.705040790811576557	0.00000000000000000	-0.343355665855048009	-0.707769372340108949	0.00000000000000000	0.00148499999999999999	44.2964564156189411	0.00000000000000000
4	-1.54290801726445359	0.475303605625369718	0.00000000000000000	-0.231267235571007257	-0.751922672700562567	0.00000000000000000	0.00148499999999999999	44.6106156809779364	0.00000000000000000
4	-1.59720796873673576	0.234438603441962212	0.00000000000000000	-0.113739053192422696	-0.778472309009645702	0.00000000000000000	0.00148499999999999999	44.9247749463369388	0.00000000000000000
4	-1.61408834398177436	-0.0119141021813172036	0.00000000000000000	0.00648901640809016345	-0.786789002817762650	0.00000000000000000	0.00148499999999999999	45.2389342116959270	0.00000000000000000
4	-1.59314083385625938	-0.257982785635950063	0.00000000000000000	0.126611090147085326	-0.776665745238966476	0.00000000000000000	0.00148499999999999999	45.5530934770549081	0.00000000000000000
4	-1.53484054484449595	-0.497997689746475014	0.00000000000000000	0.243819726058766645	-0.748322153170556392	0.00000000000000000	0.00148499999999999999	45.8672527424139247	0.00000000000000000
4	-1.44053645344412184	-0.726324844312387752	0.00000000000000000	0.355369739334739088	-0.702401898209040088	0.00000000000000000	0.00148499999999999999	46.1814120077729200	0.00000000000000000
4	-1.31242184923919725	-0.937597630581541996	0.00000000000000000	0.458641836356296961	-0.639960199548536779	0.00000000000000000	0.00148499999999999999	46.4955712731319295	0.00000000000000000
4	-1.15348501071855347	-1.12684260843436457	0.00000000000000000	0.551204096084905948	-0.562440141432972274	0.00000000000000000	0.00148499999999999999	46.8097305384909248	0.00000000000000000
4	-0.967441231045030658	-1.28959655750227675	0.00000000000000000	0.630869150029001902	-0.471640905500902041	0.00000000000000000	0.00148499999999999999	47.1238898038499130	0.00000000000000000
4	-0.758647736327541566	-1.42201236938740272	0.00000000000000000	0.695745995307863629	-0.369678265332181288	0.00000000000000000	0.00148499999999999999	47.4380490692089012	0.00000000000000000
4	-0.532003054200870795	-1.52095113750810551	0.00000000000000000	0.744286558952310884	-0.258936274759934693	0.00000000000000000	0.00148499999999999999	47.7522083345679036	0.00000000000000000
4	-0.292833139973131540	-1.58405789395639562	0.00000000000000000	0.775323348277466962	-0.142011944158924680	0.00000000000000000	0.00148499999999999999	48.0663675999268989	0.00000000000000000
4	-0.0467671015103074267	-1.60981916400492664	0.00000000000000000	0.788098130381433615	-0.0216550812710164901	0.00000000000000000	0.00148499999999999999	48.3805268652858871	0.00000000000000000
4	0.200394959824989033	-1.59760103226612249	0.00000000000000000	0.782283199441008548	0.0992956247598221486	0.00000000000000000	0.00148499999999999999	48.6946861306448895	0.00000000000000000
5	0.442819046382499748	-1.54766656191000807	0.00000000000000000	0.757991188286281203	0.217979936731028251	0.00000000000000000	0.00148499999999999999	49.0088453960038848	0.00000000000000000
5	0.674775747832385142	-1.46117178404569237	0.00000000000000000	0.715774261121592481	0.331584623720097393	0.00000000000000000	0.00148499999999999999	49.3230046613628730	0.00000000000000000
5	0.890776783047193432	-1.34014026770925887	0.00000000000000000	0.656612512153230132	0.437411136282038315	0.00000000000000000	0.00148499999999999999	49.6371639267218896	0.00000000000000000
5	1.08570618216499759	-1.18741680862062582	0.00000000000000000	0.581891654798383673	0.532940506963252569	0.00000000000000000	0.00148499999999999999	49.9513231920808920	0.00000000000000000
5	1.25494311130575897	-1.00660121614339260	0.00000000000000000	0.493372054265415194	0.615895062480210864	0.00000000000000000	0.00148499999999999999	50.2654824574399015	0.00000000000000000
5	1.39447331644756445	-0.801963522378624782	0.00000000000000000	0.393147228494534207	0.684294529997425904	0.00000000000000000	0.00148499999999999999	50.5796417227989110	0.00000000000000000
5	1.50098612604022708	-0.578342615031081753	0.00000000000000000	0.283593788950389003	0.736505238210644175	0.00000000000000000	0.00148499999999999999	50.8938009881579063	0.00000000000000000
5	1.57195454173647309	-0.341030806809966613	0.00000000000000000	0.167313974147852235	0.771280199695371427	0.00000000000000000	0.00148499999999999999	51.2079602535169158	0.00000000000000000
5	1.60569630821155429	-0.0956472590438285086	0.00000000000000000	0.0470724178594832954	0.787789909357143991	0.00000000000000000	0.00148499999999999999	51.5221195188759111	0.00000000000000000
5	1.60141446140100996	0.151996724226831720	0.00000000000000000	-0.0742711124798036554	0.785643101419622014	0.00000000000000000	0.00148499999999999999	51.8362787842349277	0.00000000000000000
5	1.55921624036055118	0.396037058424838384	0.00000000000000000	-0.193831772401006741	0.764895639692617424	0.00000000000000000	0.00148499999999999999	52.1504380495939230	0.00000000000000000
5	1.48010992361518157	0.630697462167365108	0.00000000000000000	-0.308769893178260535	0.726049371527033638	0.00000000000000000	0.00148499999999999999	52.4645973149529112	0.00000000000000000
5	1.36597971871845236	0.850427730373770063	0.00000000000000000	-0.416360051625663918	0.670038453389770861	0.00000000000000000	0.00148499999999999999	52.7787565803119065	0.00000000000000000
5	1.21953943732534742	1.05003604193302835	0.00000000000000000	-0.514056754202732447	0.598205395328245793	0.00000000000000000	0.00148499999999999999	53.0929158456709160	0.00000000000000000
5	1.04426629143972183	1.22481213089980967	0.00000000000000000	-0.599555082840932285	0.512266838185916229	0.00000000000000000	0.00148499999999999999	53.4070751110299184	0.00000000000000000
5	0.844316695118390914	1.37063818638172763	0.00000000000000000	-0.670844370333294915	0.414270093988319599	0.00000000000000000	0.00148499999999999999	53.7212343763889066	0.00000000000000000
5	0.624426271410947420	1.48408510565718843	0.00000000000000000	-0.726255029583174117	0.306543466373407625	0.00000000000000000	0.00148499999999999999	54.0353936417479161	0.00000000000000000
5	0.389796509323351081	1.56249204134905617	0.00000000000000000	-0.764496355236445102	0.191639663588903997	0.00000000000000000	0.00148499999999999999	54.3495529071069186	0.00000000000000000
5	0.145971029746458786	1.60402741306085916	0.00000000000000000	-0.784684952126919799	0.0722748627944925087	0.00000000000000000	0.00148499999999999999	54.6637121724659210	0.00000000000000000
5	-0.101295554530654322	1.60773030028606745	0.00000000000000000	-0.786363296688437408	-0.0487352453356891188	0.00000000000000000	0.00148499999999999999	54.9778714378249163	0.00000000000000000
5	-0.346173020098350159	1.57353137702171630	0.00000000000000000	-0.769508317348298054	-0.168541335682943300	0.00000000000000000	0.00148499999999999999	55.2920307031839329	0.00000000000000000
5	-0.582892285383806330	1.50225308447009342	0.00000000000000000	-0.734531476368072589	-0.284326652273248937	0.00000000000000000	0.00148499999999999999	55.6061899685429211	0.00000000000000000
5	-0.805880552467722278	1.39558904997329525	0.00000000000000000	-0.682268231500417044	-0.393372670606208230	0.00000000000000000	0.00148499999999999999	55.9203492339019235	0.00000000000000000
5	-1.00989153131943543	1.25606319833351510	0.00000000000000000	-0.613957447133761325	-0.493122263218357226	0.00000000000000000	0.00148499999999999999	56.2345084992609401	0.00000000000000000
5	-1.19012769414365693	1.08696967358691299	0.00000000000000000	-0.531211338616260798	-0.581238527855906684	0.00000000000000000	0.00148499999999999999	56.5486677646199496	0.00000000000000000
5	-1.34235170078914878	0.892295190780229008	0.00000000000000000	-0.435977064803243775	-0.655657721289357398	0.00000000000000000	0.00148499999999999999	56.8628270299789449	0.00000000000000000
5	-1.46298483178319172	0.676625506098367913	0.00000000000000000	-0.330492241836513490	-0.714637326683234431	0.00000000000000000	0.00148499999999999999	57.1769862953379402	0.00000000000000000
5	-1.54919017906635914	0.445038018746512776	0.00000000000000000	-0.217232454853089230	-0.756795808024730232	0.00000000000000000	0.00148499999999999999	57.4911455606969497	0.00000000000000000
5	-1.59893841483003518	0.202983289500805825	0.00000000000000000	-0.0988534493416306642	-0.781143505207075761	0.00000000000000000	0.00148499999999999999	57.8053048260559308	0.00000000000000000
5	-1.61105491757130137	-0.0438418908386824929	0.00000000000000000	0.0218695779299150211	-0.787105589270474693	0.00000000000000000	0.00148499999999999999	58.1194640914149403	0.00000000000000000
5	-1.58524742949704911	-0.289627191181798749	0.00000000000000000	0.142105324843170788	-0.774535546583438483	0.00000000000000000	0.00148499999999999999	58.4336233567739356	0.00000000000000000
6	-1.52211340951366547	-0.528584185000744111	0.00000000000000000	0.259031858863795927	-0.743719039350008271	0.00000000000000000	0.00148499999999999999	58.7477826221329238	0.00000000000000000
6	-1.42312686272004396	-0.755081324560051170	0.00000000000000000	0.369901531447162590	-0.695367206198785004	0.00000000000000000	0.00148499999999999999	59.0619418874919262	0.00000000000000000
6	-1.29060505990619823	-0.963775280051295757	0.00000000000000000	0.472103910327889287	-0.630600512896653531	0.00000000000000000	0.00148499999999999999	59.3761011528509215	0.00000000000000000
6	-1.12765579944386185	-1.14973607136654810	0.00000000000000000	0.563226609632096809	-0.550925224473415964	0.00000000000000000	0.00148499999999999999	59.6902604182099168	0.00000000000000000
6	-0.938106173022169920	-1.30856325339335777	0.00000000000000000	0.641111867768417776	-0.458199776288892302	0.00000000000000000	0.00148499999999999999	60.0044196835689334	0.00000000000000000
6	-0.726414406535034307	-1.43649011754941514	0.00000000000000000	0.703907464609426436	-0.354592602957307879	0.00000000000000000	0.00148499999999999999	60.3185789489279216	0.00000000000000000
6	-0.497566708007860792	-1.53047352222086941	0.00000000000000000	0.750111124259480677	-0.242532873078016964	0.00000000000000000	0.00148499999999999999	60.6327382142869453	0.00000000000000000
6	-0.256961460562012523	-1.58826725785144696	0.00000000000000000	0.778606650401254985	-0.124655220454619020	0.00000000000000000	0.00148499999999999999	60.9468974796459548	0.00000000000000000
6	-0.0102831014983463635	-1.60847724824777982	0.00000000000000000	0.788693201635712660	-0.00373931804653272271	0.00000000000000000	0.00148499999999999999	61.2610567450049501	0.00000000000000000
6	0.236631580165740207	-1.59059697887699469	0.00000000000000000	0.780103910634069142	0.117355269756870828	0.00000000000000000	0.00148499999999999999	61.5752160103639525	0.00000000000000000
6	0.477931370606053840	-1.53502201963481100	0.00000000000000000	0.753014375272631376	0.235756597560438652	0.00000000000000000	0.00148499999999999999	61.8893752757229336	0.00000000000000000
6	0.707889630496885691	-1.44304319490048583	0.00000000000000000	0.708040825323160816	0.348648642990066038	0.00000000000000000	0.00148499999999999999	62.2035345410819360	0.00000000000000000
6	0.921040965431084491	-1.31681834202121517	0.00000000000000000	0.646227237606666338	0.453338964555239143	0.00000000000000000	0.00148499999999999999	62.5176938064409455	0.00000000000000000
6	1.11231238569799706	-1.15932313829289435	0.00000000000000000	0.569023077033323221	0.547324137748903428	0.00000000000000000	0.00148499999999999999	62.8318530717999550	0.00000000000000000
6	1.27714569362104080	-0.974281893669331045	0.00000000000000000	0.478249751020931868	0.628351409951861894	0.00000000000000000	0.00148499999999999999	63.1460123371589503	0.00000000000000000
6	1.41160790222322019	-0.766079904050781080	0.00000000000000000	0.376058249984013160	0.694474268741375855	0.00000000000000000	0.00148499999999999999	63.4601716025179456	0.00000000000000000
6	1.51248692623505421	-0.539659463574469922	0.00000000000000000	0.264877772538785472	0.744100594148008443	0.00000000000000000	0.00148499999999999999	63.7743308678769338	0.00000000000000000
6	1.57737000292300733	-0.300402043348292014	0.00000000000000000	0.147357561437024165	0.776032506051483661	0.00000000000000000	0.00148499999999999999	64.0884901332359078	0.00000000000000000
6	1.60470290641559732	-0.0539994054134696616	0.00000000000000000	0.0263028557483532925	0.789496682215712453	0.00000000000000000	0.00148499999999999999	64.4026493985949173	0.00000000000000000
6	1.59382826131576416	0.193683125586208954	0.00000000000000000	-0.0953936876223959729	0.784163905744115985	0.00000000000000000	0.00148499999999999999	64.7168086639538984	0.00000000000000000
6	1.54500196549762259	0.436747926080772730	0.00000000000000000	-0.214822575797153803	0.760158217380712098	0.00000000000000000	0.00148499999999999999	65.0309679293128937	0.00000000000000000
6	1.45938719993872912	0.669407218074819621	0.00000000000000000	-0.329129115871873046	0.718053403695826598	0.00000000000000000	0.00148499999999999999	65.3451271946719174	0.00000000000000000
6	1.33902624929253666	0.886122469145020353	0.00000000000000000	-0.435582860836207508	0.658859123993870477	0.00000000000000000	0.00148499999999999999	65.6592864600309127	0.00000000000000000
6	1.18679089947442340	1.08173759725389873	0.00000000000000000	-0.531644150694224216	0.583995350130067647	0.00000000000000000	0.00148499999999999999	65.9734457253899080	0.00000000000000000
6	1.00631272651190851	1.25160261187763111	0.00000000000000000	-0.615025409944922052	0.495257332242482640	0.00000000000000000	0.00148499999999999999	66.2876049907489175	0.00000000000000000
6	0.801895120679668616	1.39168470532300614	0.00000000000000000	-0.683745820700334739	0.394770761413089255	0.00000000000000000	0.00148499999999999999	66.6017642561079271	0.00000000000000000
6	0.578409293945260194	1.49866403612082455	0.00000000000000000	-0.736178487420173777	0.284939557459425896	0.00000000000000000	0.00148499999999999999	66.9159235214669081	0.00000000000000000
6	0.341176828018986578	1.57001207721354996	0.00000000000000000	-0.771088733118488134	0.168387132229553482	0.00000000000000000	0.00148499999999999999	67.2300827868259177	0.00000000000000000
6	0.0958417560426829268	1.60405057093472969	0.00000000000000000	-0.787662291695394701	0.0478920845038289592	0.00000000000000000	0.00148499999999999999	67.5442420521849129	0.00000000000000000
6	-0.151764653908722541	1.59998983960972696	0.00000000000000000	-0.785523483064510586	-0.0736786998686789485	0.00000000000000000	0.00148499999999999999	67.8584013175439082	0.00000000000000000
6	-0.395762988086204637	1.55794567605229894	0.00000000000000000	-0.764741704305345382	-0.193439145582321503	0.00000000000000000	0.00148499999999999999	68.1725605829029035	0.00000000000000000
7	-0.630365270846146464	1.47893464153699594	0.00000000000000000	-0.725828213932353750	-0.308552158471937732	0.00000000000000000	0.00148499999999999999	68.4867198482619415	0.00000000000000000
7	-0.850011777660777734	1.36484814359163953	0.00000000000000000	-0.669721588088557640	-0.416296221979459702	0.00000000000000000	0.00148499999999999999	68.8008791136209368	0.00000000000000000
7	-1.04950179429805690	1.21840609589730753	0.00000000000000000	-0.597764071520416551	-0.514128612862773227	0.00000000000000000	0.00148499999999999999	69.1150383789799463	0.00000000000000000
7	-1.22411550875225905	1.04309139571230891	0.00000000000000000	-0.511668690839130580	-0.599744089398261404	0.00000000000000000	0.00148499999999999999	69.4291976443389558	0.00000000000000000
7	-1.36972414988331304	0.843066879048347539	0.00000000000000000	-0.413477652073222735	-0.671127505780289124	0.00000000000000000	0.00148499999999999999	69.7433569096979511	0.00000000000000000
7	-1.48288609222381784	0.623076742985537280	0.00000000000000000	-0.305514715496661982	-0.726600041533609908	0.00000000000000000	0.00148499999999999999	70.0575161750569890	0.00000000000000000
7	-1.56092691468454592	0.388334653071677804	0.00000000000000000	-0.190330758411460549	-0.764857447598047524	0.00000000000000000	0.00148499999999999999	70.3716754404159843	0.00000000000000000
7	-1.60200157191035952	0.144401146895405036	0.00000000000000000	-0.0706446632829927784	-0.784999878698900311	0.00000000000000000	0.00148499999999999999	70.6858347057749796	0.00000000000000000
7	-1.60513736357261072	-0.102946826564141322	0.00000000000000000	0.0507197095872084225	-0.786552004397893745	0.00000000000000000	0.00148499999999999999	70.9999939711339749	0.00000000000000000
7	-1.57025669857434402	-0.347851173140258207	0.00000000000000000	0.170898729605849592	-0.769473549712359817	0.00000000000000000	0.00148499999999999999	71.3141532364929844	0.00000000000000000
7	-1.49817921921887720	-0.584509834622107927	0.00000000000000000	0.287055122625246018	-0.734160911705715846	0.00000000000000000	0.00148499999999999999	71.6283125018519797	0.00000000000000000
7	-1.39060312499338323	-0.807312840355914441	0.00000000000000000	0.396443924467457853	-0.681438252108067744	0.00000000000000000	0.00148499999999999999	71.9424717672110035	0.00000000000000000
7	-1.25006605448331842	-1.01097407771674153	0.00000000000000000	0.496476405646334162	-0.612539267477520299	0.00000000000000000	0.00148499999999999999	72.2566310325699845	0.00000000000000000
7	-1.07988645703333264	-1.19065573044885342	0.00000000000000000	0.584780110723748137	-0.529078763648941131	0.00000000000000000	0.00148499999999999999	72.5707902979289941	0.00000000000000000
7	-0.884086826547516358	-1.34208247639940859	0.00000000000000000	0.659254133287002886	-0.433016230399220714	0.00000000000000000	0.00148499999999999999	72.8849495632880036	0.00000000000000000
7	-0.667300457274641934	-1.46164308543447796	0.00000000000000000	0.718118635311757347	-0.326611960271053492	0.00000000000000000	0.00148499999999999999	73.1991088286469989	0.00000000000000000
7	-0.434663719682385263	-1.54647700416639200	0.00000000000000000	0.759957318891490097	-0.212375605610402002	0.00000000000000000	0.00148499999999999999	73.5132680940059799	0.00000000000000000
7	-0.191696086935187970	-1.59454393834158270	0.00000000000000000	0.783752816349400416	-0.0930093810554776940	0.00000000000000000	0.00148499999999999999	73.8274273593649895	0.00000000000000000
7	0.0558295958666841577	-1.60467458512519068	0.00000000000000000	0.788913057263482487	0.0286548964802172228	0.00000000000000000	0.00148499999999999999	74.1415866247239848	0.00000000000000000
7	0.302023618407212147	-1.57660100747460352	0.00000000000000000	0.775288092608807822	0.149722140015738830	0.00000000000000000	0.00148499999999999999	74.4557458900830085	0.00000000000000000
7	0.541019557688068864	-1.51096570853569268	0.00000000000000000	0.743176191715503309	0.267303048312925562	0.00000000000000000	0.00148499999999999999	74.7699051554419896	0.00000000000000000
7	0.767114646728293326	-1.40930885618387003	0.00000000000000000	0.693319287139207874	0.378583742031026849	0.00000000000000000	0.00148499999999999999	75.0840644208009849	0.00000000000000000
7	0.974907091298748418	-1.27403379895848667	0.00000000000000000	0.626887935935310781	0.480894188381584764	0.00000000000000000	0.00148499999999999999	75.3982236861599660	0.00000000000000000
7	1.15942676318319271	-1.10835140417256084	0.00000000000000000	0.545454341178322033	0.571774179654950476	0.00000000000000000	0.00148499999999999999	75.7123829515189328	0.00000000000000000
7	1.31625596469661055	-0.916204398622297522	0.00000000000000000	0.450956187159070654	0.649034434729061860	0.00000000000000000	0.00148499999999999999	76.0265422168779565	0.00000000000000000
7	1.44163709525897366	-0.702173467042284116	0.00000000000000000	0.345649612186442357	0.710811258630501874	0.00000000000000000	0.00148499999999999999	76.3407014822369803	0.00000000000000000
7	1.53256436744421309	-0.471367425904622550	0.00000000000000000	0.232054993251666564	0.755613165489207095	0.00000000000000000	0.00148499999999999999	76.6548607475959614	0.00000000000000000
7	1.58685727463466142	-0.229300212111065937	0.00000000000000000	0.112895138711993165	0.782357889403851869	0.00000000000000000	0.00148499999999999999	76.9690200129549993	0.00000000000000000
7	1.60321387204647414	0.0182422176810372733	0.00000000000000000	-0.00897104794600115003	0.790399592515674598	0.00000000000000000	0.00148499999999999999	77.2831792783139804	0.00000000000000000
7	1.58124257311546446	0.265341744901533505	0.00000000000000000	-0.130618830527428870	0.779544472497638030	0.00000000000000000	0.00148499999999999999	77.5973385436729757	0.00000000000000000
7	1.52147159946749500	0.506091185430958435	0.00000000000000000	-0.249129247468888954	0.750055811677217354	0.00000000000000000	0.00148499999999999999	77.9114978090319426	0.00000000000000000
8	1.42533588364762909	0.734737067630047869	0.00000000000000000	-0.361660798770482406	0.702646760078443733	0.00000000000000000	0.00148499999999999999	78.2256570743909521	0.00000000000000000
8	1.29514172152467810	0.945818413257941248	0.00000000000000000	-0.465519015373900558	0.638462314798785124	0.00000000000000000	0.00148499999999999999	78.5398163397499189	0.00000000000000000
8	1.13401018304714474	1.13429813903037857	0.00000000000000000	-0.558221838178700636	0.559050327023502547	0.00000000000000000	0.00148499999999999999	78.8539756051088858	0.00000000000000000
8	0.945800839586663611	1.29568369727807431	0.00000000000000000	-0.637559242926991288	0.466322330717230671	0.00000000000000000	0.00148499999999999999	79.1681348704678669	0.00000000000000000
8	0.735017863560069262	1.42613414026502761	0.00000000000000000	-0.701645686864033280	0.362506336244967364	0.00000000000000000	0.00148499999999999999	79.4822941358268480	0.00000000000000000
8	0.506700944560080302	1.52255096842764082	0.00000000000000000	-0.748964091634122364	0.250091249356535872	0.00000000000000000	0.00148499999999999999	79.7964534011858859	0.00000000000000000
8	0.266303793712398762	1.58265079247732210	0.00000000000000000	-0.778400818898922764	0.131766751452962849	0.00000000000000000	0.00148499999999999999	80.1106126665448954	0.00000000000000000
8	0.0195632095292216264	1.60501818445644395	0.00000000000000000	-0.789270559416215267	0.0103576630042245005	0.00000000000000000	0.00148499999999999999	80.4247719319038907	0.00000000000000000
8	-0.227638039500646455	1.58913761894978123	0.00000000000000000	-0.781330910535434020	-0.111243286156344018	0.00000000000000000	0.00148499999999999999	80.7389311972629002	0.00000000000000000
8	-0.469411246278162442	1.53540398225656682	0.00000000000000000	-0.754786192507358789	-0.230144403671361575	0.00000000000000000	0.00148499999999999999	81.0530904626219240	0.00000000000000000
8	-0.700001392140736645	1.44511155700682581	0.00000000000000000	-0.710281228451141500	-0.343522826536051207	0.00000000000000000	0.00148499999999999999	81.3672497279809193	0.00000000000000000
8	-0.913923132789318027	1.32042197397619243	0.00000000000000000	-0.648884327775283709	-0.448690446200500304	0.00000000000000000	0.00148499999999999999	81.6814089933399003	0.00000000000000000
8	-1.10608994684011597	1.16431196207704835	0.00000000000000000	-0.572061039081096734	-0.543156303632927440	0.00000000000000000	0.00148499999999999999	81.9955682586989099	0.00000000000000000
8	-1.27193367911180300	0.980502220947111813	0.00000000000000000	-0.481639201007232176	-0.624684219942997054	0.00000000000000000	0.00148499999999999999	82.3097275240578767	0.00000000000000000
8	-1.40751163537834922	0.773369128634621927	0.00000000000000000	-0.379764979186508700	-0.691344152033416592	0.00000000000000000	0.00148499999999999999	82.6238867894168720	0.00000000000000000
8	-1.50959895071293349	0.547841402627859519	0.00000000000000000	-0.268853177370548202	-0.741556600463593174	0.00000000000000000	0.00148499999999999999	82.9380460547758958	0.00000000000000000
8	-1.57576427107489847	0.309284054903824102	0.00000000000000000	-0.151530882737482053	-0.774128819322660311	0.00000000000000000	0.00148499999999999999	83.2522053201348911	0.00000000000000000
8	-1.60442706780986666	0.0633723042293874300	0.00000000000000000	-0.0305771350365192998	-0.788282593513284113	0.00000000000000000	0.00148499999999999999	83.5663645854938864	0.00000000000000000
8	-1.59489537437242990	-0.184041756966371262	0.00000000000000000	0.0911412910751725897	-0.783672356986988894	0.00000000000000000	0.00148499999999999999	83.8805238508528390	0.00000000000000000
8	-1.54738296287538502	-0.427066722311552627	0.00000000000000000	0.210736182134028394	-0.760394066572531391	0.00000000000000000	0.00148499999999999999	84.1946831162118343	0.00000000000000000
8	-1.46300557415032673	-0.659910719643000410	0.00000000000000000	0.325364883519460635	-0.718984362073245675	0.00000000000000000	0.00148499999999999999	84.5088423815708438	0.00000000000000000
8	-1.34375604676301719	-0.877018266768738841	0.00000000000000000	0.432297178153804251	-0.660408815010992134	0.00000000000000000	0.00148499999999999999	84.8230016469298391	0.00000000000000000
8	-1.19245886235076637	-1.07320206116630379	0.00000000000000000	0.528979357045371801	-0.586041453676618196	0.00000000000000000	0.00148499999999999999	85.1371609122888486	0.00000000000000000
8	-1.01270500013946152	-1.24376667121872098	0.00000000000000000	0.613095149881453860	-0.497633690149250074	0.00000000000000000	0.00148499999999999999	85.4513201776478724	0.00000000000000000
8	-0.808768483101199087	-1.38462115339284964	0.00000000000000000	0.682621200555361907	-0.397275148325988370	0.00000000000000000	0.00148499999999999999	85.7654794430068534	0.00000000000000000
8	-0.585506463419317780	-1.49237797461359745	0.00000000000000000	0.735876146412721588	-0.287345631339404106	0.00000000000000000	0.00148499999999999999	86.0796387083658630	0.00000000000000000
8	-0.348244990474729676	-1.56443575898757503	0.00000000000000000	0.771562542875683266	-0.170460474511085841	0.00000000000000000	0.00148499999999999999	86.3937979737248583	0.00000000000000000
8	-0.102652987811178667	-1.59904379352012205	0.00000000000000000	0.788799751457022524	-0.0494091151078919419	0.00000000000000000	0.00148499999999999999	86.7079572390838678	0.00000000000000000
8	0.145392644382627140	-1.59534643290067546	0.00000000000000000	0.787147472225616207	0.0729110456381691918	0.00000000000000000	0.00148499999999999999	87.0221165044428773	0.00000000000000000
8	0.389947726300709896	-1.55340618350458226	0.00000000000000000	0.766618940327193910	0.193564078014194285	0.00000000000000000	0.00148499999999999999	87.3362757698018868	0.00000000000000000
8	0.625143855774768942	-1.47420462716223155	0.00000000000000000	0.727682743410642430	0.309646770831462470	0.00000000000000000	0.00148499999999999999	87.6504350351608821	0.00000000000000000
9	0.845330383863659662	-1.35962095269378591	0.00000000000000000	0.671254038189255886	0.418359720303091931	0.00000000000000000	0.00148499999999999999	87.9645943005198632	0.00000000000000000
9	1.04521170128658025	-1.21238845333421263	0.00000000000000000	0.598673596490142734	0.517076124428249462	0.00000000000000000	0.00148499999999999999	88.2787535658788869	0.00000000000000000
9	1.21997637739627951	-1.03602990708849041	0.00000000000000000	0.511676871802779876	0.603407183144501591	0.00000000000000000	0.00148499999999999999	88.5929128312378396	0.00000000000000000
9	1.36541481067278725	-0.834773374784226196	0.00000000000000000	0.412352095630866833	0.675261065816158634	0.00000000000000000	0.00148499999999999999	88.9070720965968633	0.00000000000000000
9	1.47802238233216365	-0.613450414575291481	0.00000000000000000	0.303089913704666536	0.730895614918933512	0.00000000000000000	0.00148499999999999999	89.2212313619558870	0.00000000000000000
9	1.55508542766894986	-0.377379270689888469	0.00000000000000000	0.186524768503387978	0.768961123285245463	0.00000000000000000	0.00148499999999999999	89.5353906273148539	0.00000000000000000
9	1.59474782476127297	-0.132235908617085701	0.00000000000000000	0.0654702521153194272	0.788534763452002019	0.00000000000000000	0.00148499999999999999	89.8495498926738776	0.00000000000000000
9	1.59605650474836414	0.116083968045954916	0.00000000000000000	-0.0571500668274260923	0.789143489594927638	0.00000000000000000	0.00148499999999999999	90.1637091580328871	0.00000000000000000
9	1.55898465407043463	0.361608527035617799	0.00000000000000000	-0.178375298108763042	0.770776597685650433	0.00000000000000000	0.00148499999999999999	90.4778684233918682	0.00000000000000000
9	1.48443191685248421	0.598435261834806442	0.00000000000000000	-0.295280509305193672	0.733885120354876186	0.00000000000000000	0.00148499999999999999	90.7920276887508777	0.00000000000000000
9	1.37420163211387458	0.820874544827261632	0.00000000000000000	-0.405049359710650758	0.679370164997973980	0.00000000000000000	0.00148499999999999999	91.1061869541098872	0.00000000000000000
9	1.23095578712791331	1.02358750564778411	0.00000000000000000	-0.505042936375578289	0.608558763694054372	0.00000000000000000	0.00148499999999999999	91.4203462194689251	0.00000000000000000
9	1.05814906242484841	1.20171477323609932	0.00000000000000000	-0.592863835716485377	0.523169939454419808	0.00000000000000000	0.00148499999999999999	91.7345054848279204	0.00000000000000000
9	0.859943785550913442	1.35099293416276911	0.00000000000000000	-0.666413303769011200	0.425270713988262883	0.00000000000000000	0.00148499999999999999	92.0486647501869442	0.00000000000000000
9	0.641108163145584609	1.46785600697604424	0.00000000000000000	-0.723940498965654489	0.317224909261263344	0.00000000000000000	0.00148499999999999999	92.3628240155459252	0.00000000000000000
9	0.406900367608421409	1.54951965394844060	0.00000000000000000	-0.764082979957808828	0.201634653248210755	0.00000000000000000	0.00148499999999999999	92.6769832809049063	0.00000000000000000
9	0.162941446996278549	1.59404629992955926	0.00000000000000000	-0.785897489750973177	0.0812775985316096239	0.00000000000000000	0.00148499999999999999	92.9911425462638874	0.00000000000000000
9	-0.0849199652403355154	1.60038981077715881	0.00000000000000000	-0.788881028889543479	-0.0409602386081144645	0.00000000000000000	0.00148499999999999999	93.3053018116228543	0.00000000000000000
9	-0.330747877459177719	1.56841876463138319	0.00000000000000000	-0.772981368627902676	-0.162153313818758554	0.00000000000000000	0.00148499999999999999	93.6194610769818922	0.00000000000000000
9	-0.568660812885396494	1.49891784951316942	0.00000000000000000	-0.738596765766998620	-0.279406670619692599	0.00000000000000000	0.00148499999999999999	93.9336203423408875	0.00000000000000000
9	-0.792971897800990200	1.39356743015762019	0.00000000000000000	-0.686565118978020084	-0.389924480172568810	0.00000000000000000	0.00148499999999999999	94.2477796076998970	0.00000000000000000
