0	0	0	0	0	0	0	0	0	0
0	8.18217016560705271e-07	-7.05750295144616697e-06	0	0	3.26796768763884928e-07	-3.37538126418211179e-06	0	0	0.314159265359000017
0	8.22962051521012932e-06	-2.98441674776539858e-05	0	0	3.84966046161780656e-06	-1.4375781868667558e-05	0	0	0.628318530718000146
0	2.37443161019985482e-05	-6.68099359148306921e-05	0	0	1.13006901847988292e-05	-3.22473215737780139e-05	0	0	0.942477796076999996
0	4.25122988116886924e-05	-0.000112713624114593952	0	0	2.03287412909045951e-05	-5.44458557791295382e-05	0	0	1.2566370614359994
0	5.78192325236865268e-05	-0.000159453446117956507	0	0	2.76807524597774625e-05	-7.70414578220124477e-05	0	0	1.57079632679499959
0	6.67447206005689986e-05	-0.000201481871869698661	0	0	3.19453353913519184e-05	-9.73454318132523208e-05	0	0	1.88495559215399933
0	6.99849025270486333e-05	-0.000238259275730810414	0	0	3.34639694296260802e-05	-0.000115097507081990871	0	0	2.19911485751299995
0	7.15276593055167516e-05	-0.000266176664634945733	0	0	3.41712392712140568e-05	-0.000128551951715620506	0	0	2.51327412287199881
0	7.23310260104444993e-05	-0.000279098152772741862	0	0	3.45331413453758905e-05	-0.000134746938291913716	0	0	2.82743338823099899
0	7.25093364905502196e-05	-0.000284716315591124973	0	0	3.46054701223904915e-05	-0.000137414923961434851	0	0	3.14159265358999873
0	7.18437863259406226e-05	-0.000287082926894150652	-0	-0	3.4286090319397147e-05	-0.000138525278003925699	-0	-0	3.45575191894899802
0	6.91078234692065342e-05	-0.000284351786002204527	-0	-0	3.29848815904966301e-05	-0.000137190910870364357	-0	-0	3.76991118430799732
0	6.33935735869901006e-05	-0.000286040140913520428	-0	-0	3.02671941834562613e-05	-0.000138017173006937976	-0	-0	4.08407044966699839
0	5.61497572355141141e-05	-0.000286922789127702692	-0	-0	2.68361555765251583e-05	-0.000138474892130281083	-0	-0	4.39822971502599902
0	4.88892710673314353e-05	-0.00028240143349244609	-0	-0	2.34208140421630667e-05	-0.000136340255254759752	-0	-0	4.71238898038499876
0	4.2882794498667106e-05	-0.00027607796943345214	-0	-0	2.06293821164812334e-05	-0.000133351752211977661	-0	-0	5.0265482457439985
0	3.73380166161557583e-05	-0.000281802211905090748	-0	-0	1.80722383075505584e-05	-0.00013619988188106927	-0	-0	5.34070751110299735
0	3.11148780535741858e-05	-0.000292712847839162523	-0	-0	1.5193246090159225e-05	-0.000141566363991187512	-0	-0	5.65486677646199709
0	2.49869003839580457e-05	-0.000301233974585458919	-0	-0	1.23627946330014636e-05	-0.000145788787852213177	-0	-0	5.96902604182099417
0	1.96039726768219077e-05	-0.000305122130440844117	-0	-0	9.89297094464763253e-06	-0.0001477802877223064	-0	-0	6.28318530717999302
0	1.62349200883433315e-05	-0.000308286092785331023	0	0	8.39605442410893248e-06	-0.000149427948314110416	0	0	6.59734457253899187
0	1.47093918162029204e-05	-0.000311425169717530496	0	0	7.78847692357219562e-06	-0.000151069103500887372	0	0	6.91150383789799072
0	1.35789119149542321e-05	-0.000305050809698539189	0	0	7.36621825144943496e-06	-0.000148113733912634451	0	0	7.22566310325698868
0	1.30941605734608392e-05	-0.00030177864456862769	0	0	7.24438745116257098e-06	-0.000146659793657203589	0	0	7.5398223686159902
0	1.22590248756070325e-05	-0.000302380720552928727	0	0	6.93649521464628381e-06	-0.000147079669958923481	0	0	7.85398163397499083
0	1.0437507508331118e-05	-0.000298705684657723223	0	0	6.13214178647947727e-06	-0.000145424285155712989	0	0	8.16814089933399146
0	8.07486817637882801e-06	-0.000297414123135518568	0	0	5.04433109368149831e-06	-0.000144912338213426338	0	0	8.48230016469299208
0	5.10956816769550341e-06	-0.000298712573434967502	0	0	3.64243290479945424e-06	-0.000145642941275799328	0	0	8.79645943005199094
0	2.22604590832399226e-06	-0.000300448906050619115	0	0	2.25883330944861649e-06	-0.00014657191806419963	0	0	9.11061869541099334
0	-1.02638938959400089e-06	-0.00029543575809834184	0	0	6.73777178407741566e-07	-0.000144210078893906575	0	0	9.42477796076999397
0	-3.69740622025466392e-06	-0.000292800958507291511	0	0	-6.53714351308119937e-07	-0.00014298232237028118	0	0	9.73893722612899104
1	-3.69740622025466392e-06	-0.000292800958507291511	0	0	-6.53714351308119937e-07	-0.00014298232237028118	0	0	9.73893722612899104
1	-5.28611419853969311e-06	-0.000292129824603100017	0	0	-1.47856076369967779e-06	-0.000142688960651507805	0	0	10.0530964914879917
1	-7.25609934069292506e-06	-0.000283129747544816216	0	0	-2.51097185968360542e-06	-0.000138328095053334731	0	0	10.3672557568469923
1	-9.1537082180138821e-06	-0.000280512706493966099	0	0	-3.53093148681364166e-06	-0.000137045052090589302	0	0	10.6814150222059876
1	-1.05180624609015191e-05	-0.000282071176223508012	0	0	-4.31063477093003751e-06	-0.000137771124897683578	0	0	10.99557428756499
1	-1.30294856529537383e-05	-0.000276014765697311373	0	0	-5.66411894774917091e-06	-0.000134773053163989004	0	0	11.3097335529239942
1	-1.57560775027069597e-05	-0.000276808770411746629	0	0	-7.13616580608688548e-06	-0.000135087443735792349	0	0	11.6238928182829948
1	-1.74058034842978267e-05	-0.000280151211426483819	0	0	-8.0930427940772336e-06	-0.000136626113871055586	0	0	11.9380520836419937
1	-1.95523253853402998e-05	-0.000274818633034086871	0	0	-9.29629551243865726e-06	-0.000133929385199902572	0	0	12.2522113490009925
1	-2.13398261267776571e-05	-0.000275084546475004663	0	0	-1.03257289439911807e-05	-0.000133946900259475875	0	0	12.5663706143599914
1	-2.11701578000342993e-05	-0.000276878101512430881	0	0	-1.03986084939688533e-05	-0.000134701175994291796	0	0	12.8805298797189902
1	-2.1233011240234822e-05	-0.000272385679631921584	0	0	-1.05771441611450615e-05	-0.000132392094433078763	0	0	13.1946891450779891
1	-2.14576289354936455e-05	-0.000273448175710290801	0	0	-1.08229493681367972e-05	-0.000132786617906521142	0	0	13.508848410436995
1	-2.04010105560607693e-05	-0.0002751783344333913	0	0	-1.04305520862979766e-05	-0.000133509256783322523	0	0	13.8230076757959921
1	-1.96138007812760636e-05	-0.000273354831444871731	0	0	-1.01522088874360828e-05	-0.000132508775815722252	0	0	14.137166941154991
1	-1.91931943645107369e-05	-0.000275401170979726513	0	0	-1.00322023329255214e-05	-0.000133399933632838115	0	0	14.4513262065139934
1	-1.79737103365808009e-05	-0.000276390061054228623	0	0	-9.50247678243307855e-06	-0.000133788671977189008	0	0	14.7654854718729922
1	-1.67670689815421553e-05	-0.000274867356503899246	0	0	-8.95687064261422401e-06	-0.000132969817132402792	0	0	15.0796447372319911
1	-1.59330180562846963e-05	-0.000276481348643324955	0	0	-8.56903433599118204e-06	-0.000133690562298183332	0	0	15.3938040025909917
1	-1.45388448624375805e-05	-0.000277491919013812902	0	0	-7.88668836215392468e-06	-0.000134134373258749104	0	0	15.7079632679499905
1	-1.34538526548489833e-05	-0.000275334624038114711	0	0	-7.33277304493124026e-06	-0.000133056681963745669	0	0	16.0221225333089947
1	-1.27533232832023911e-05	-0.000276644469342612941	-0	-0	-6.94433556386381869e-06	-0.000133679118071337448	-0	-0	16.33628179866799
1	-1.15444617887164747e-05	-0.000279829412917495925	-0	-0	-6.29057004755635479e-06	-0.000135227367786481606	-0	-0	16.650441064026996
1	-1.11699219770367095e-05	-0.000276401040471066072	-0	-0	-6.02487118207540836e-06	-0.000133584077529753844	-0	-0	16.9646003293859877
1	-1.09150094826430911e-05	-0.000277734543703784761	-0	-0	-5.80227154711255091e-06	-0.000134265492819839356	-0	-0	17.2787595947449866
1	-1.01540252450153454e-05	-0.000283037765898535708	-0	-0	-5.32268368110038132e-06	-0.000136884469208677567	-0	-0	17.5929188601039854
1	-1.04382398996484159e-05	-0.000278533513353627373	-0	-0	-5.34099253395763692e-06	-0.000134763125652459504	-0	-0	17.9070781254629914
1	-1.04257644036008512e-05	-0.000279911837763236696	-0	-0	-5.20917455798064304e-06	-0.000135504100060196615	-0	-0	18.2212373908219973
1	-1.04553458788778737e-05	-0.000284955922775355407	-0	-0	-5.0942841506828305e-06	-0.000138030775157227284	-0	-0	18.5353966561809962
1	-1.12018967607665728e-05	-0.000282090233942146069	-0	-0	-5.3256572627214966e-06	-0.000136734133627531358	-0	-0	18.8495559215399986
1	-1.17475321433071426e-05	-0.000282723271805428178	-0	-0	-5.46032256749547898e-06	-0.00013714011572696049	-0	-0	19.163715186899001
1	-1.25652299079933957e-05	-0.000284979719706269174	0	0	-5.72886367816884592e-06	-0.000138339589688385082	0	0	19.4778744522579927
2	-1.25652299079933957e-05	-0.000284979719706269174	0	0	-5.72886367816884592e-06	-0.000138339589688385082	0	0	19.4778744522579927
2	-1.33761068828426935e-05	-0.000285411298977488771	0	0	-5.99686008104292727e-06	-0.000138661326686549116	0	0	19.792033717616988
2	-1.4563558908789844e-05	-0.000282439893631154695	0	0	-6.45125671334012985e-06	-0.000137339235556272588	0	0	20.1061929829759904
2	-1.57957976317409099e-05	-0.000282989696163380778	0	0	-6.9334638041360845e-06	-0.00013772797708548368	0	0	20.4203522483349929
2	-1.66988779074498566e-05	-0.000286169081501280297	0	0	-7.26340776388984801e-06	-0.000139395250331506286	0	0	20.7345115136939917
2	-1.85101447649029839e-05	-0.000280419079561308618	0	0	-8.04332172707895561e-06	-0.000136732217491047773	0	0	21.048670779052987
2	-2.02722950598035198e-05	-0.000280242038383727232	0	0	-8.81296994308193018e-06	-0.000136769551275975191	0	0	21.3628300444119894
2	-2.14821261689200063e-05	-0.000283274578607583963	0	0	-9.32965649582371843e-06	-0.000138361235739397958	0	0	21.6769893097709883
2	-2.36882413345549953e-05	-0.000276226258219967511	0	0	-1.03469913560978516e-05	-0.000135049493578123293	0	0	21.9911485751299942
2	-2.56200225957074659e-05	-0.000275465602452600034	0	0	-1.12520076416122033e-05	-0.000134779334721383333	0	0	22.3053078404890002
2	-2.69656549365506985e-05	-0.000277411827621146722	0	0	-1.18936279286001241e-05	-0.000135812319652538861	0	0	22.619467105847999
2	-2.92691476032002588e-05	-0.000269943477064505711	0	0	-1.30225715023313379e-05	-0.000132249769016485393	0	0	22.9336263712069979
2	-3.11831774529358662e-05	-0.000269385889965206534	0	0	-1.39863491604977537e-05	-0.00013202878603346056	0	0	23.2477856365659861
2	-3.20539652854999555e-05	-0.000270731158325055398	0	0	-1.44652762075171627e-05	-0.00013271493565442265	0	0	23.5619449019249849
2	-3.39879808139032652e-05	-0.000263210105176203788	0	0	-1.54828090994422692e-05	-0.000129061342231088903	0	0	23.8761041672839909
2	-3.58847622379344705e-05	-0.000263130800240148272	0	0	-1.65041595607765684e-05	-0.000129009748371654412	0	0	24.1902634326429968
2	-3.58084006158029215e-05	-0.000264195585288735989	0	0	-1.65822502532813254e-05	-0.000129495252257823875	0	0	24.5044226980019886
2	-3.65806399962718314e-05	-0.000257735639191092618	0	0	-1.70888211134941569e-05	-0.000126292125705346919	0	0	24.8185819633609803
2	-3.81889591341186252e-05	-0.00025776377753293267	0	0	-1.80168607779542704e-05	-0.000126233731615185924	0	0	25.1327412287199792
2	-3.82467596912423945e-05	-0.000255915589874836698	0	0	-1.81974880462730613e-05	-0.000125243246199831281	0	0	25.4469004940789816
2	-3.79325832193717384e-05	-0.000254183286861376886	0	0	-1.82014458260616427e-05	-0.000124296992228491512	0	0	25.7610597594379875
2	-3.77795629982976861e-05	-0.000254484747715495231	0	0	-1.82857566505145204e-05	-0.000124333047714281545	0	0	26.0752190247969864
2	-3.83216486735086397e-05	-0.000249191449782038498	0	0	-1.87067248860114932e-05	-0.000121631464556958956	0	0	26.3893782901559888
2	-3.85424537590522759e-05	-0.000251349662518657009	0	0	-1.89642542800639679e-05	-0.000122563997559549138	0	0	26.7035375555149841
2	-3.70034800849482204e-05	-0.000254922162797169771	0	0	-1.83521959559020749e-05	-0.000124186932439296653	0	0	27.0176968208739865
2	-3.69705012577528549e-05	-0.000250407032701517509	0	0	-1.84619546827818285e-05	-0.000121866000125907709	0	0	27.3318560862329818
2	-3.77617040645730068e-05	-0.00025345384263024878	0	0	-1.89565676671912885e-05	-0.000123241918563050609	0	0	27.64601535159197
2	-3.6486069568931849e-05	-0.000256885418456279492	0	0	-1.84227272264714595e-05	-0.000124815020149910999	0	0	27.9601746169509688
2	-3.55138089670970153e-05	-0.00025707081039361249	0	0	-1.80159923113610339e-05	-0.000124815098077198425	0	0	28.2743338823099712
2	-3.54442401804631727e-05	-0.000260889796387290087	0	0	-1.80260054110193768e-05	-0.000126600332128654725	0	0	28.5884931476689665
2	-3.49274677310164338e-05	-0.000260690436877600339	0	0	-1.77941130241196513e-05	-0.000126443259224967347	0	0	28.9026524130279583
2	-3.37890190577651024e-05	-0.000264081895232625926	-0	-0	-1.72351615457694442e-05	-0.000128051386907987675	-0	-0	29.2168116783869678
3	-3.37890190577651024e-05	-0.000264081895232625926	-0	-0	-1.72351615457694442e-05	-0.000128051386907987675	-0	-0	29.2168116783869678
3	-3.26548384233653647e-05	-0.000269342552917468372	-0	-0	-1.66545073715838811e-05	-0.000130586306664107194	-0	-0	29.5309709437459702
3	-3.24316505418998919e-05	-0.000266907156916520452	-0	-0	-1.6495505283006432e-05	-0.000129392385318666633	-0	-0	29.8451302091049655
3	-3.14815049126802209e-05	-0.00027049610239209172	-0	-0	-1.59611325167682209e-05	-0.000131149079964071444	-0	-0	30.1592894744639644
3	-2.99366633082469172e-05	-0.000275984027028276704	-0	-0	-1.51182767666428611e-05	-0.000133846612003425198	-0	-0	30.4734487398229632
3	-2.99272827258201994e-05	-0.00027207629131468505	-0	-0	-1.5006504619093715e-05	-0.000131991036962099211	-0	-0	30.7876080051819656
3	-2.93482108730403878e-05	-0.000273933762151068406	-0	-0	-1.46032456378190813e-05	-0.000132956561970732175	-0	-0	31.1017672705409716
3	-2.81482731819095774e-05	-0.000277889504319036641	-0	-0	-1.38870674436668328e-05	-0.000134957364428595837	-0	-0	31.4159265358999775
3	-2.86443929398638936e-05	-0.000272227618963335766	-0	-0	-1.39880127884795739e-05	-0.00013229634186397705	-0	-0	31.7300858012589764
3	-2.87578127355677521e-05	-0.000272479269879968909	-0	-0	-1.38981857682279029e-05	-0.000132522757135361286	-0	-0	32.0442450666179823
3	-2.8305553268725133e-05	-0.000275024977934729901	0	0	-1.35321619549683929e-05	-0.000133874922950657875	0	0	32.3584043319769847
3	-2.93346072133952613e-05	-0.000268104948410933521	0	0	-1.38881176603867368e-05	-0.000130633480763573165	0	0	32.6725635973359871
3	-2.98975689753341075e-05	-0.000267333398340966464	0	0	-1.40228530096258338e-05	-0.000130386741314407234	0	0	32.9867228626949895
3	-2.97014734311391599e-05	-0.000268521801375362851	0	0	-1.3796566890200636e-05	-0.000131096690439554277	0	0	33.3008821280539777
3	-3.05755226032617972e-05	-0.000260633854603048345	0	0	-1.41007167900878056e-05	-0.00012739167645575247	0	0	33.6150413934129801
3	-3.09433214668953854e-05	-0.0002594128706985039	0	0	-1.41724465243017587e-05	-0.000126926063570471042	0	0	33.9292006587719897
3	-3.02385839371227538e-05	-0.000259870334831603406	0	0	-1.37379989123400997e-05	-0.000127271874344348586	0	0	34.2433599241309778
3	-3.08626920951730454e-05	-0.000251735865570158572	0	0	-1.39673743437317231e-05	-0.000123424538753389004	0	0	34.557519189489966
3	-3.19337083514661816e-05	-0.000251226777639250963	0	0	-1.44361033643328218e-05	-0.00012327673584011794	0	0	34.8716784548489684
3	-3.17150497363647972e-05	-0.000252551067188549918	0	0	-1.42994309721815191e-05	-0.000124007722523782808	0	0	35.1858377202079566
3	-3.30885711684208474e-05	-0.000246543659329623993	0	0	-1.49623059786688038e-05	-0.000121147366753991052	0	0	35.4999969855669661
3	-3.6109136237325013e-05	-0.000247050314259773221	0	0	-1.64564331381903328e-05	-0.000121442123517192277	0	0	35.8141562509259614
3	-3.80177301744014096e-05	-0.000246643724726796373	0	0	-1.74353172028179383e-05	-0.00012126814657085195	0	0	36.1283155162849567
3	-4.02692157383477628e-05	-0.00024591528234459896	0	0	-1.8607533881726283e-05	-0.000120916376015418447	0	0	36.4424747816439591
3	-4.35077965181733875e-05	-0.000247576767474240954	0	0	-2.02892904018730624e-05	-0.000121708029115652266	0	0	36.7566340470029687
3	-4.74879399883404484e-05	-0.000243882363166003679	0	0	-2.23574374293829476e-05	-0.000119857818288910577	0	0	37.0707933123619497
3	-5.14739660722726483e-05	-0.000246863198796871161	0	0	-2.44504955580138661e-05	-0.000121247635528395914	0	0	37.3849525777209379
3	-5.28552079265413085e-05	-0.000250249634032227838	0	0	-2.52878128832251183e-05	-0.000122815202117348461	0	0	37.6991118430799261
3	-5.5092376092050698e-05	-0.000247244904821128755	0	0	-2.65555012528397917e-05	-0.00012123886062764339	0	0	38.0132711084389285
3	-5.83136958816261896e-05	-0.000250491749148568684	0	0	-2.8311947542906436e-05	-0.000122704089550273131	0	0	38.3274303737979238
3	-5.9885953136268296e-05	-0.000249829791141617194	0	0	-2.92615665170835157e-05	-0.00012224583672200263	0	0	38.6415896391569191
3	-6.10535071438219321e-05	-0.000252787865595838148	0	0	-3.00058613983428274e-05	-0.000123552619164208699	0	0	38.9557489045159144
4	-6.10535071438219321e-05	-0.000252787865595838148	0	0	-3.00058613983428274e-05	-0.000123552619164208699	0	0	38.9557489045159144
4	-6.04364889977170765e-05	-0.000256307385242459458	0	0	-2.98633779850064217e-05	-0.000125133084966973218	0	0	39.2699081698749168
4	-6.06483519628093267e-05	-0.000252482048500190408	0	0	-3.01080486072827398e-05	-0.000123124886968688175	0	0	39.5840674352339192
4	-6.18775153237968766e-05	-0.000256118690020969728	0	0	-3.08269845690225218e-05	-0.000124774837149243883	0	0	39.8982267005929145
4	-6.06088438419230676e-05	-0.000257311594908265259	0	0	-3.02985092059157145e-05	-0.000125243341093912453	0	0	40.2123859659519383
4	-5.89355498695149152e-05	-0.000259090978337836973	0	0	-2.95464011036369358e-05	-0.000126012923674910157	0	0	40.5265452313109407
4	-5.67530371570353596e-05	-0.000263423870392646292	0	0	-2.85178893261585982e-05	-0.00012804806149746629	0	0	40.840704496669936
4	-5.52699671690727373e-05	-0.000260911630942188479	0	0	-2.78045756385383348e-05	-0.000126760149045533008	0	0	41.1548637620289384
4	-5.43647694578556638e-05	-0.000265682798679952464	0	0	-2.73457636870655884e-05	-0.00012904998564709048	0	0	41.4690230273879337
4	-5.18552854947264356e-05	-0.000271659387477896715	0	0	-2.60773105419367034e-05	-0.000131948159683174348	0	0	41.7831822927469361
4	-5.14557727007700555e-05	-0.000271713328990822898	-0	-0	-2.58155188477960558e-05	-0.000131975562039439914	-0	-0	42.0973415581059385
4	-5.3094919321038732e-05	-0.000277319446652410091	-0	-0	-2.6525462039686358e-05	-0.000134731572200901862	-0	-0	42.411500823464948
4	-5.34685074205032765e-05	-0.000281513702574484105	-0	-0	-2.65988150888946183e-05	-0.000136818783519038716	-0	-0	42.7256600888239433
4	-5.36942957112620817e-05	-0.00028388737066956522	-0	-0	-2.65851960164482752e-05	-0.000138036323350591682	-0	-0	43.0398193541829386
4	-5.36386612062227531e-05	-0.000289593353021575829	-0	-0	-2.64218552817390372e-05	-0.000140896274197240895	-0	-0	43.353978619541941
4	-5.2391077410994546e-05	-0.00028949918747017819	-0	-0	-2.56678484824518298e-05	-0.000140947549086515992	-0	-0	43.6681378849009434
4	-5.01097967041426581e-05	-0.000292557539231940009	-0	-0	-2.44023655469917931e-05	-0.000142550590192854436	-0	-0	43.9822971502599458
4	-4.74781964833737285e-05	-0.000298368293929809501	-0	-0	-2.2960803565923258e-05	-0.000145508454786219619	-0	-0	44.2964564156189411
4	-4.68271806235795603e-05	-0.000296954085635190877	-0	-0	-2.24818091756726513e-05	-0.000144957177400338642	-0	-0	44.6106156809779364
4	-4.7811672998160083e-05	-0.000302037758940244642	-0	-0	-2.28016753968319277e-05	-0.000147580715967062323	-0	-0	44.9247749463369388
4	-4.97735195835948577e-05	-0.000309207156505538275	0	0	-2.3605338692152566e-05	-0.000151227033791422061	0	0	45.238934211695927
4	-5.49609368374709374e-05	-0.000308241653236500542	0	0	-2.5993505063699637e-05	-0.000150910792896276715	0	0	45.5530934770549081
4	-6.24300781536391968e-05	-0.000313399455658871975	0	0	-2.95127973241490174e-05	-0.000153579124783663885	0	0	45.8672527424139247
4	-6.91979990430266999e-05	-0.000320247958087365044	0	0	-3.27129542011392262e-05	-0.000157069242425430204	0	0	46.18141200777292
4	-7.75496465912496168e-05	-0.000320246499790586571	0	0	-3.67097125685173788e-05	-0.000157211523606764212	0	0	46.4955712731319295
4	-8.7087209773320691e-05	-0.000325308027680454347	0	0	-4.13132959217359704e-05	-0.000159815407897303581	0	0	46.8097305384909248
4	-9.37579750927120632e-05	-0.000327190789003187861	0	0	-4.45458121700596137e-05	-0.000160853805414015293	0	0	47.123889803849913
4	-9.95991465464212853e-05	-0.000326203537258155777	0	0	-4.7399736629531676e-05	-0.000160476064642352262	0	0	47.4380490692089012
4	-0.000103460677308064766	-0.000327675030763052678	0	0	-4.93139381500810512e-05	-0.000161281249815530149	0	0	47.7522083345679036
4	-0.000105616110487065921	-0.00032069994139900988	0	0	-5.04186897184001273e-05	-0.000157932440132433705	0	0	48.0663675999268989
4	-0.000108197889600270667	-0.000319381410541617395	0	0	-5.17560130437956278e-05	-0.000157326686673981027	0	0	48.3805268652858871
4	-0.000107745225372490384	-0.000316556021733357148	0	0	-5.16304911197102806e-05	-0.00015595654118318405	0	0	48.6946861306448895
5	-0.000107745225372490384	-0.000316556021733357148	0	0	-5.16304911197102806e-05	-0.00015595654118318405	0	0	48.6946861306448895
5	-0.000107666693225243019	-0.000309560072512966183	0	0	-5.17054092745200436e-05	-0.000152518648335350147	0	0	49.0088453960038848
5	-0.000107687716733469315	-0.000306267813842163732	0	0	-5.18470842687647026e-05	-0.000150868826509784271	0	0	49.323004661362873
5	1.55653544128620588e-05	-0.000419207101949677487	0	0	8.10376126147142233e-06	-0.000205849272484690817	0	0	49.6371639267218896
5	1.68340048445384752e-05	-0.000418680220617395659	0	0	8.64370358767151451e-06	-0.000205585960479045139	0	0	49.951323192080892
5	1.79028573952612672e-05	-0.000414495008957561548	0	0	9.07922115484299992e-06	-0.000203513133259062044	0	0	50.2654824574399015
5	1.8976250510882467e-05	-0.000413731880294440071	0	0	9.51210589964274667e-06	-0.000203105179302788221	0	0	50.579641722798911
5	1.97695887102519274e-05	-0.000416387532942144893	0	0	9.80477924792449106e-06	-0.000204362190993012238	0	0	50.8938009881579063
5	2.0081282922898325e-05	-0.000415781124758507394	0	0	9.86045010566495605e-06	-0.000204007239593195951	0	0	51.2079602535169158
5	1.99300316431987837e-05	-0.000424476296022664843	0	0	9.69093554673687189e-06	-0.000208205082395496042	0	0	51.5221195188759111
5	1.91611412276116653e-05	-0.000426414649955542471	0	0	9.22292983691240997e-06	-0.000209077353377301763	0	0	51.8362787842349277
5	1.84779664775298219e-05	-0.00043517337007149625	0	0	8.80398818499728074e-06	-0.000213285687985832599	0	0	52.150438049593923
5	1.76901199667612989e-05	-0.000440037531714426939	0	0	8.34263374660930445e-06	-0.000215575374312976958	0	0	52.4645973149529112
5	1.70522441479434923e-05	-0.00043975715313572571	0	0	7.96559630687204028e-06	-0.000215337107849322072	0	0	52.7787565803119065
5	1.6794895742570275e-05	-0.000441885652620048648	0	0	7.78709677768537841e-06	-0.000216277947699359055	0	0	53.092915845670916
5	-0.000112037949723074108	-0.000304702869692908087	0	0	-5.57092031678378371e-05	-0.000148630035146569809	0	0	53.4070751110299184
5	-0.000106919226381441612	-0.000306711156491375507	0	0	-5.32248648328913806e-05	-0.000149524943692413845	0	0	53.7212343763889066
5	-9.79053575650546781e-05	-0.00030635900124848268	0	0	-4.88116963411208639e-05	-0.000149283997229867314	0	0	54.0353936417479161
5	-8.95186183102067109e-05	-0.000303807017485897292	0	0	-4.46870620704681103e-05	-0.000147987348357640969	0	0	54.3495529071069186
5	-8.17460147385608353e-05	-0.000303770972770403753	0	0	-4.08413943612953936e-05	-0.000147946432822959855	0	0	54.663712172465921
5	-7.59420049842336601e-05	-0.000298359103378596747	-0	-0	-3.79379220619821593e-05	-0.000145298760479053676	-0	-0	54.9778714378249163
5	-7.39602246192730276e-05	-0.000299885034432496303	-0	-0	-3.68823490626202157e-05	-0.000146065563017085798	-0	-0	55.2920307031839329
5	-7.25158441788981102e-05	-0.000302383382726328475	-0	-0	-3.60698966767000772e-05	-0.000147326305384913082	-0	-0	55.6061899685429211
5	-7.42370802947299588e-05	-0.00030355774790924168	-0	-0	-3.67904883925624813e-05	-0.00014795476548742212	-0	-0	55.9203492339019235
5	-7.80640843037502634e-05	-0.000309387803569499459	-0	-0	-3.85285175201275764e-05	-0.000150872161666096093	-0	-0	56.2345084992609401
5	-8.22887506735232562e-05	-0.000309225287566345947	-0	-0	-4.04541929259283686e-05	-0.000150873630583645484	-0	-0	56.5486677646199496
5	-8.73148187420535495e-05	-0.000313848021286453429	-0	-0	-4.27687791289542191e-05	-0.000153222819783186814	-0	-0	56.8628270299789449
5	-9.0108691992344162e-05	-0.000318956614463729857	-0	-0	-4.39937693613945088e-05	-0.000155818199049547466	-0	-0	57.1769862953379402
5	-9.26077936099946992e-05	-0.000316195014651565406	-0	-0	-4.50781432794669222e-05	-0.000154577270303629259	-0	-0	57.4911455606969497
5	-9.53083457022963144e-05	-0.000318629711830408272	-0	-0	-4.62656286623663914e-05	-0.000155882151465164395	-0	-0	57.8053048260559308
5	-9.48482533129168365e-05	-0.000318227051860383908	0	0	-4.59147520419253915e-05	-0.000155807672074786713	0	0	58.1194640914149403
5	-9.46127859271544058e-05	-0.000314338261615369232	0	0	-4.56789396012649898e-05	-0.00015403658339687695	0	0	58.4336233567739356
6	-9.46127859271544058e-05	-0.000314338261615369232	0	0	-4.56789396012649898e-05	-0.00015403658339687695	0	0	58.4336233567739356
6	-9.3953348823518708e-05	-0.000313436654223129825	0	0	-4.52428960346275429e-05	-0.000153729800017509858	0	0	58.7477826221329238
6	-9.33027706009791546e-05	-0.000305076690116440059	0	0	-4.48187662054874746e-05	-0.000149779383043929451	0	0	59.0619418874919262
6	-9.45191505022818009e-05	-0.000302264807093216971	0	0	-4.53170598570196365e-05	-0.000148540818753818796	0	0	59.3761011528509215
6	-9.43338771849182821e-05	-0.000298963384817994165	0	0	-4.51425041036636202e-05	-0.000147058800360035422	0	0	59.6902604182099168
6	-9.54128707206932606e-05	-0.000290650935693162102	0	0	-4.55993055355267919e-05	-0.0001431191089354748	0	0	60.0044196835689334
6	-9.79901349267069078e-05	-0.000287075569182955622	0	0	-4.68077708851870659e-05	-0.000141486974451441379	0	0	60.3185789489279216
6	1.50960276353513429e-05	-0.000393174744016127123	0	0	8.12512805924766202e-06	-0.000193069088576236465	0	0	60.6327382142869453
6	1.54885515085857598e-05	-0.000393992214630821326	0	0	8.34195375510782982e-06	-0.000193572506121111502	0	0	60.9468974796459548
6	1.58768122150370366e-05	-0.000393017338039511539	0	0	8.54433088854345793e-06	-0.0001931910925723714	0	0	61.2610567450049501
6	1.64352044858753093e-05	-0.00039072251066439947	0	0	8.81644156741062516e-06	-0.000192152943659443541	0	0	61.5752160103639525
6	1.705046693930651e-05	-0.000393926758267163586	0	0	9.10233371938037211e-06	-0.00019380244553641741	0	0	61.8893752757229336
6	1.72959320317806007e-05	-0.000391154125330828617	0	0	9.19225326817058519e-06	-0.000192506405315407	0	0	62.203534541081936
6	1.76133225576689248e-05	-0.000396350321010597618	0	0	9.30350685786332705e-06	-0.000195110101315432979	0	0	62.5176938064409455
6	1.77714763064901562e-05	-0.000395748543126625725	0	0	9.32387369557391541e-06	-0.000194851444779988727	0	0	62.831853071799955
6	1.81446319704672713e-05	-0.000398195548865721161	0	0	9.4385215817073629e-06	-0.000196075414242556038	0	0	63.1460123371589503
6	1.84371091356673542e-05	-0.000398639848660826621	0	0	9.50406154031065782e-06	-0.000196299274901796597	0	0	63.4601716025179456
6	1.87617686075315215e-05	-0.000396200516276564991	0	0	9.57732052299118471e-06	-0.000195089500181587055	0	0	63.7743308678769338
6	1.90092739196127481e-05	-0.000398965621613294298	0	0	9.60666897507991043e-06	-0.000196424493354551929	0	0	64.0884901332359078
6	1.90201918940343447e-05	-0.000396519282991923152	0	0	9.51577759298955349e-06	-0.000195181734574839297	0	0	64.4026493985949173
6	1.88701418925874833e-05	-0.000402414540896024612	0	0	9.34449302077806302e-06	-0.000198029604942438005	0	0	64.7168086639538984
6	1.83531611991788208e-05	-0.000400313894968515219	0	0	8.99403877942849613e-06	-0.000196931779557463574	0	0	65.0309679293128937
6	1.81201041858953128e-05	-0.000404409163546246421	0	0	8.78727513822509217e-06	-0.000198872766521305118	0	0	65.3451271946719174
6	1.78183833496176861e-05	-0.000401882308125689459	0	0	8.55308145822453549e-06	-0.000197549199967733414	0	0	65.6592864600309127
6	1.78098275157973461e-05	-0.000400688152645939789	0	0	8.47171133025478407e-06	-0.000196877346762788682	0	0	65.973445725389908
6	1.78701983475297154e-05	-0.000398383472800444395	0	0	8.4345153674475102e-06	-0.00019565784105788649	0	0	66.2876049907489175
6	1.81043874230206545e-05	-0.000394309385071192132	0	0	8.49468111976638606e-06	-0.000193568794821106556	0	0	66.6017642561079271
6	1.82820024246889748e-05	-0.000397466101265163158	0	0	8.53997862977688661e-06	-0.000195035862783571833	0	0	66.9159235214669081
6	1.8137714240741142e-05	-0.000395593346691094092	0	0	8.44087583861270188e-06	-0.000194034583027542307	0	0	67.2300827868259177
6	1.78577034056426402e-05	-0.000401895144452518456	0	0	8.28912302011155513e-06	-0.000197054450333614042	0	0	67.5442420521849129
6	1.73500213897965247e-05	-0.000399996910610826283	-0	-0	8.03960141018317161e-06	-0.000196055122414967803	-0	-0	67.8584013175439082
6	1.71483569797282814e-05	-0.000402072686806807128	-0	-0	7.95442892407639043e-06	-0.000197017546445484742	-0	-0	68.1725605829029035
7	1.71483569797282814e-05	-0.000402072686806807128	-0	-0	7.95442892407639043e-06	-0.000197017546445484742	-0	-0	68.1725605829029035
7	1.70224996326364796e-05	-0.000399781008521758589	-0	-0	7.92004095661377056e-06	-0.000195849337644041905	-0	-0	68.4867198482619415
7	1.72086307218170071e-05	-0.000394047093470230488	-0	-0	8.05196936067595175e-06	-0.000193006820201591095	-0	-0	68.8008791136209368
7	1.7644942054459759e-05	-0.000393103204066508219	-0	-0	8.31882540022050015e-06	-0.000192528216085724669	-0	-0	69.1150383789799463
7	1.78395047575307655e-05	-0.000386352162207278279	-0	-0	8.47789621407894919e-06	-0.000189217323869472271	-0	-0	69.4291976443389558
7	1.79398477279576747e-05	-0.000389213876251947699	-0	-0	8.59982796844600524e-06	-0.000190633308144621746	-0	-0	69.7433569096979511
7	1.76776824930822453e-05	-0.000389277154248791955	-0	-0	8.55134891763453787e-06	-0.000190691902908162212	-0	-0	70.057516175056989
7	1.73340283892507285e-05	-0.000391120285096732147	-0	-0	8.46854429107559022e-06	-0.000191636550225023929	-0	-0	70.3716754404159843
7	1.6925495587095753e-05	-0.000395038734596485212	-0	-0	8.35768193890382561e-06	-0.00019361153155460933	-0	-0	70.6858347057749796
7	1.62365162139018501e-05	-0.000392157843359800526	0	0	8.11081297373652973e-06	-0.000192267679854771255	0	0	70.9999939711339749
7	1.54885181363864416e-05	-0.000395962195513642956	0	0	7.83384141660765779e-06	-0.000194212150059832104	0	0	71.3141532364929844
7	1.45896064281940841e-05	-0.00039237358852368552	0	0	7.47928033801724575e-06	-0.00019254419711437241	0	0	71.6283125018519797
7	1.40625408536700254e-05	-0.000390304218868299524	0	0	7.30138319602591213e-06	-0.000191629153784065551	0	0	71.9424717672110035
7	1.40762295762042575e-05	-0.000386821211536174348	0	0	7.38192269527491074e-06	-0.000190025703067139932	0	0	72.2566310325699845
7	1.46933585752138766e-05	-0.00037800501020608516	0	0	7.7508300686548418e-06	-0.000185806500368128661	0	0	72.5707902979289941
7	1.58983355629573877e-05	-0.000375053065145863993	0	0	8.40024886857121899e-06	-0.000184461083756636088	0	0	72.8849495632880036
7	1.71321224335325485e-05	-0.000365598844032444703	0	0	9.05521993415541512e-06	-0.000179919027392415494	0	0	73.1991088286469989
7	1.86012034938615796e-05	-0.000363612698796872717	0	0	9.81544197101397262e-06	-0.00017903729082659035	0	0	73.5132680940059799
7	1.95295482273263106e-05	-0.000359468035832766653	0	0	1.02978184624677894e-05	-0.00017708884641536184	0	0	73.8274273593649895
7	1.98614763574581771e-05	-0.000359128186238429634	0	0	1.04718177532159406e-05	-0.000177002941697336616	0	0	74.1415866247239848
7	1.93326216561746141e-05	-0.000362496430545262006	0	0	1.02055562808969714e-05	-0.0001787323508317051	0	0	74.4557458900830085
7	1.81750018309976419e-05	-0.000364839653045659644	0	0	9.61105029312849424e-06	-0.000179947812162952278	0	0	74.7699051554419896
7	1.65447457344141714e-05	-0.000375392503370857908	0	0	8.76535061769388333e-06	-0.000185192042214620049	0	0	75.0840644208009849
7	1.46462033815309583e-05	-0.000379284316930644674	0	0	7.77008599484431753e-06	-0.000187144415843915003	0	0	75.398223686159966
7	1.31293555372081973e-05	-0.000389453805847455334	0	0	6.94781946391367726e-06	-0.000192172701496334439	0	0	75.7123829515189328
7	1.19186891098271202e-05	-0.000389244907648619365	0	0	6.26434719674113095e-06	-0.000192070472553473425	0	0	76.0265422168779565
7	1.15757439782467899e-05	-0.000391555713436001168	0	0	5.99962883596926637e-06	-0.000193190403130209158	0	0	76.3407014822369803
7	1.17419035943229087e-05	-0.000385389210020656444	0	0	5.98053712914595062e-06	-0.000190113185514425599	0	0	76.6548607475959614
7	1.26950930954799872e-05	-0.000380200733647987439	0	0	6.34746500201996086e-06	-0.000187501302026062925	0	0	76.9690200129549993
7	1.3968431584165225e-05	-0.000373265573462562767	0	0	6.87358132438773965e-06	-0.000184014748214581902	0	0	77.2831792783139804
7	1.55555401635365086e-05	-0.000368498869910773713	0	0	7.5587137735231945e-06	-0.000181587326699362721	0	0	77.5973385436729757
7	1.69339518724425839e-05	-0.000367190358359409624	0	0	8.14789748374177198e-06	-0.000180858459722199811	0	0	77.9114978090319426
8	1.69339518724425839e-05	-0.000367190358359409624	0	0	8.14789748374177198e-06	-0.000180858459722199811	0	0	77.9114978090319426
8	1.81595887862869921e-05	-0.000364962408645093709	0	0	8.67113790964962774e-06	-0.000179673686665994694	0	0	78.2256570743909521
8	1.89964042894710068e-05	-0.000366902752283615181	0	0	9.01424923458010968e-06	-0.000180543858058519199	0	0	78.5398163397499189
8	1.96547235551544023e-05	-0.000362884895926453798	0	0	9.28299594746774992e-06	-0.000178482124827950673	0	0	78.8539756051088858
8	2.00851629665058313e-05	-0.000363795106557687894	0	0	9.45452648681301654e-06	-0.000178853932190703349	0	0	79.1681348704678669
8	2.02874979530874187e-05	-0.000357904557678662345	0	0	9.52962329197265057e-06	-0.000175884260548535721	0	0	79.482294135826848
8	2.04817015546700796e-05	-0.000359857256236412507	0	0	9.61676084245514386e-06	-0.000176784345684076369	0	0	79.7964534011858859
8	2.03761258568536756e-05	-0.000357165016771238586	0	0	9.57177043906181182e-06	-0.000175407544495986557	0	0	80.1106126665448954
8	2.02934913250154731e-05	-0.000361719275254850526	0	0	9.55293345834265328e-06	-0.000177606258240313241	0	0	80.4247719319038907
8	1.97842400438453278e-05	-0.000364182065174350079	-0	-0	9.33802734442519051e-06	-0.000178787809979242906	-0	-0	80.7389311972629002
8	1.9183462318035318e-05	-0.000367298789922938318	-0	-0	9.09112626403042507e-06	-0.000180303479136779417	-0	-0	81.053090462621924
8	1.84643510811534524e-05	-0.000371334683298991789	-0	-0	8.79772218670478337e-06	-0.00018228399064599906	-0	-0	81.3672497279809193
8	1.77856312986357967e-05	-0.000370236165572647522	-0	-0	8.53448008848319245e-06	-0.000181755468958968416	-0	-0	81.6814089933399003
8	1.71353810927190589e-05	-0.000374364688818308458	-0	-0	8.29346171951766422e-06	-0.000183809045224671123	-0	-0	81.9955682586989099
8	1.63072270035104628e-05	-0.000370364090133781278	-0	-0	7.97095426034434779e-06	-0.000181883768046062222	-0	-0	82.3097275240578767
8	1.57772407990596419e-05	-0.00037288244371092217	-0	-0	7.79865158431717752e-06	-0.000183174415397719835	-0	-0	82.623886789416872
8	1.52112736306122555e-05	-0.000370592274529462252	-0	-0	7.6105224830268583e-06	-0.000182116153922481954	-0	-0	82.9380460547758958
8	1.48677870362213019e-05	-0.000370130871601748331	-0	-0	7.53187947625077038e-06	-0.000181967441732784087	-0	-0	83.2522053201348911
8	1.45613387286039342e-05	-0.000369953015280642108	-0	-0	7.47008990109890926e-06	-0.000181967787132522168	-0	-0	83.5663645854938864
8	1.44154553224026013e-05	-0.000366069157197908453	0	0	7.48376486683774233e-06	-0.000180155407541263254	0	0	83.880523850852839
8	1.43162007231249192e-05	-0.000368112954401697133	0	0	7.51482923565903048e-06	-0.000181262377730419006	0	0	84.1946831162118343
8	1.39896425486587075e-05	-0.000363418581340354012	0	0	7.42648182792970697e-06	-0.000179061918762288741	0	0	84.5088423815708438
8	1.37982805667239122e-05	-0.000365914494300362584	0	0	7.39528253816746956e-06	-0.00018039843363888171	0	0	84.8230016469298391
8	1.35147586070408525e-05	-0.000362670872479734072	0	0	7.30832865395778636e-06	-0.000178910526276503963	0	0	85.1371609122888486
8	1.35469335147776542e-05	-0.000363398419022485891	0	0	7.36523856274655126e-06	-0.000179371861900156526	0	0	85.4513201776478724
8	1.35649023004819243e-05	-0.00036108569699193837	0	0	7.40340020733161312e-06	-0.000178329700132618649	0	0	85.7654794430068534
8	1.38737906801567317e-05	-0.000358036678535352145	0	0	7.57181145664387561e-06	-0.000176916225512879392	0	0	86.079638708365863
8	1.42939094383932657e-05	-0.000356060335557261017	0	0	7.78135586063405003e-06	-0.000176022359997388605	0	0	86.3937979737248583
8	1.48853592600127206e-05	-0.000351413496167657542	0	0	8.06019406749976903e-06	-0.000173801104767608311	0	0	86.7079572390838678
8	1.53764546833455904e-05	-0.0003529472964790807	0	0	8.27434050754619332e-06	-0.000174616652684791572	0	0	87.0221165044428773
8	1.57372255663786606e-05	-0.000351196136420340102	0	0	8.40905687451515499e-06	-0.000173797520368809813	0	0	87.3362757698018868
8	1.58826891958361379e-05	-0.000357457978587841175	0	0	8.42388490403247971e-06	-0.000176919809102521925	0	0	87.6504350351608821
9	1.58826891958361379e-05	-0.000357457978587841175	0	0	8.42388490403247971e-06	-0.000176919809102521925	0	0	87.6504350351608821
9	1.59396906715831015e-05	-0.00035733178857266936	0	0	8.38291698940338455e-06	-0.000176871429370598993	0	0	87.9645943005198632
9	1.60625449412169982e-05	-0.00036328458879265733	0	0	8.36463132039709967e-06	-0.000179810834780962808	0	0	88.2787535658788869
9	1.63528373338578175e-05	-0.000359811787823998341	0	0	8.42117416531326765e-06	-0.00017807694841016176	0	0	88.5929128312378396
9	1.6940541931730513e-05	-0.000361779516393256233	0	0	8.61897695622512424e-06	-0.000179018450228074358	0	0	88.9070720965968633
9	1.76064096864262027e-05	-0.00035507946162160797	0	0	8.85160132120692603e-06	-0.000175661887282604781	0	0	89.221231361955887
9	1.83154804362286997e-05	-0.000357728218687543092	0	0	9.10387751329999053e-06	-0.00017691633292434575	0	0	89.5353906273148539
9	1.85941022409139418e-05	-0.000356181364685992027	0	0	9.14381383040289292e-06	-0.00017608548428782518	0	0	89.8495498926738776
9	1.84420859526109046e-05	-0.000364826061664993376	0	0	8.97362308975488524e-06	-0.000180283580250261137	0	0	90.1637091580328871
9	1.77697410698884233e-05	-0.000366582818671318516	0	0	8.5514311607952923e-06	-0.000181066782014531382	0	0	90.4778684233918682
9	1.70584647403438359e-05	-0.000374916944825472024	0	0	8.11738811952030458e-06	-0.000185093543815518412	0	0	90.7920276887508777
9	1.64412140022505591e-05	-0.000372651073761603535	0	0	7.73912016002400874e-06	-0.000183876519280744733	0	0	91.1061869541098872
9	1.64326152847652299e-05	-0.000375020346773869708	0	0	7.67225611590589872e-06	-0.00018494923588190939	0	0	91.4203462194689251
9	1.69069815042849824e-05	-0.000367348070832943332	0	0	7.85549446330444687e-06	-0.000181065253177269787	0	0	91.7345054848279204
9	1.80673779785152692e-05	-0.000365031815695579368	0	0	8.38987438575415374e-06	-0.000179834680705866809	0	0	92.0486647501869442
9	1.94327653075575062e-05	-0.000355636722807590414	0	0	9.03827556698655115e-06	-0.000175119997311554008	0	0	92.3628240155459252
9	2.09170414474398167e-05	-0.000353467869383523501	0	0	9.75934995391273066e-06	-0.00017398422529929248	0	0	92.6769832809049063
9	2.17652602331635424e-05	-0.000348765546447458313	0	0	1.01810635713396085e-05	-0.000171610025017192248	0	0	92.9911425462638874
9	2.19309459944969755e-05	-0.000351482542250504447	-0	-0	1.02815842466674118e-05	-0.000172905829541804957	-0	-0	93.3053018116228543
9	2.10277756135144548e-05	-0.000354646175683919255	-0	-0	9.86975041793621531e-06	-0.000174431132196398208	-0	-0	93.6194610769818922
9	1.94935540133409925e-05	-0.000360998414937130515	-0	-0	9.1607057947742964e-06	-0.000177537657915684082	-0	-0	93.9336203423408875
9	1.74260912566126373e-05	-0.000368896349872669966	-0	-0	8.20057806592217942e-06	-0.000181415321678450489	-0	-0	94.247779607699897
