0	0	0	0	0	0	0	0	0	0
0	6.28145657294569993e-09	-4.13634558029315753e-08	0	0	6.36678411394178548e-08	-4.45134551608163576e-08	0	0	0.314159265359000017
0	6.96999197102724562e-08	-2.20341558092337192e-07	0	0	1.33782847281740551e-07	-1.09404011190152549e-07	0	0	0.628318530718000146
0	2.45181541600120786e-07	-5.80127273996081843e-07	0	0	2.1701321353049437e-07	-2.00315364203594375e-07	0	0	0.942477796076999996
0	5.68950352899239269e-07	-1.16170244103823601e-06	0	0	3.17908962009769743e-07	-3.23064188101401312e-07	0	0	1.2566370614359994
0	1.06751096094574987e-06	-2.01253562448350785e-06	0	0	4.40290539818687337e-07	-4.85002983901089673e-07	0	0	1.57079632679499959
0	1.76517207734595101e-06	-3.16484962220388885e-06	0	0	5.88210861228876823e-07	-6.91403498829940293e-07	0	0	1.88495559215399933
0	2.68943324908130568e-06	-4.62030073376064115e-06	0	0	7.66552728249514771e-07	-9.42846674674108849e-07	0	0	2.19911485751299995
0	3.8671216317716123e-06	-6.36685118136692601e-06	0	0	9.80215458216190244e-07	-1.23779624490170698e-06	0	0	2.51327412287199881
0	5.30968504396496727e-06	-8.40464170511341343e-06	0	0	1.23164717460348769e-06	-1.57666371678965808e-06	0	0	2.82743338823099899
0	7.01329099233173429e-06	-1.07496445254611612e-05	0	0	1.52080223686973425e-06	-1.96236133232503531e-06	0	0	3.14159265358999873
0	8.96952055723018987e-06	-1.34161771961854403e-05	0	0	1.84682966888933154e-06	-2.39749507896480743e-06	0	0	3.45575191894899802
0	1.11688434377073568e-05	-1.6386956131588849e-05	0	0	2.20862355181058502e-06	-2.87957056920589994e-06	0	0	3.76991118430799732
0	1.36102977991351239e-05	-1.96177699827493118e-05	0	0	2.60638318583204516e-06	-3.40173858507962837e-06	0	0	4.08407044966699839
0	1.62768583530288093e-05	-2.30602534399249569e-05	0	0	3.03767508492252516e-06	-3.95644204283093569e-06	0	0	4.39822971502599902
0	1.91482524369451269e-05	-2.66826830291916773e-05	0	0	3.49949582050963748e-06	-4.5387503576112197e-06	0	0	4.71238898038499876
0	2.21748315339170485e-05	-3.04837479217412357e-05	0	0	3.98409197832734691e-06	-5.14857536035144976e-06	0	0	5.0265482457439985
0	2.53133146155370796e-05	-3.44581141303093304e-05	0	0	4.48469691903446489e-06	-5.78516521737818966e-06	0	0	5.34070751110299735
0	2.85166188212855783e-05	-3.85808331516074104e-05	0	0	4.99389905030509396e-06	-6.4446048166598503e-06	0	0	5.65486677646199709
0	3.17528038958376103e-05	-4.28100758470382364e-05	0	0	5.50668994958861591e-06	-7.12025631910988461e-06	0	0	5.96902604182099417
0	3.49919098098718136e-05	-4.70879913771300382e-05	0	0	6.01836183999147748e-06	-7.80289520956117474e-06	0	0	6.28318530717999302
0	3.82092859224961688e-05	-5.13704165813521144e-05	0	0	6.52504391755067662e-06	-8.4854745002504157e-06	0	0	6.59734457253899187
0	4.13692983876675236e-05	-5.56201161547567515e-05	0	0	7.02109550537468555e-06	-9.16204616087289229e-06	0	0	6.91150383789799072
0	4.44447698815830013e-05	-5.98088912184197084e-05	0	0	7.5022222448729468e-06	-9.82810467252562628e-06	0	0	7.22566310325698868
0	4.74173129384122816e-05	-6.39329325605080608e-05	0	0	7.9655335649238474e-06	-1.04830539449265908e-05	0	0	7.5398223686159902
0	5.02633027073239318e-05	-6.7950891330008931e-05	0	0	8.40729508433733883e-06	-1.11202692809593491e-05	0	0	7.85398163397499083
0	5.29722580794389844e-05	-7.18360775733080284e-05	0	0	8.82587997139127749e-06	-1.17354722309014658e-05	0	0	8.16814089933399146
0	5.55398678233282928e-05	-7.55597138863661722e-05	0	0	9.22065157576083789e-06	-1.23240471056962045e-05	0	0	8.48230016469299208
0	5.79517439468515928e-05	-7.91226381808725739e-05	0	0	9.58936035315286796e-06	-1.28861392023986331e-05	0	0	8.79645943005199094
0	6.02023359069838999e-05	-8.25166911040165922e-05	0	0	9.93117944290377363e-06	-1.34204504540808829e-05	0	0	9.11061869541099334
0	6.22863186415908754e-05	-8.57510461276446857e-05	0	0	1.02453212273000809e-05	-1.39284721453663703e-05	0	0	9.42477796076999397
0	6.4191264273897385e-05	-8.88095470530689241e-05	0	0	1.0529862744061554e-05	-1.44076309416508959e-05	0	0	9.73893722612899104
1	6.4191264273897385e-05	-8.88095470530689241e-05	0	0	1.0529862744061554e-05	-1.44076309416508959e-05	0	0	9.73893722612899104
1	6.59201387527201483e-05	-9.16493128903596614e-05	-0	-0	1.07853600808936834e-05	-1.48510628725162996e-05	-0	-0	10.0530964914879917
1	6.74686632382168411e-05	-9.42780949890217017e-05	-0	-0	1.10112129166307952e-05	-1.52600494731677157e-05	-0	-0	10.3672557568469923
1	6.88483529186484768e-05	-9.67100941924644165e-05	-0	-0	1.12093671956733771e-05	-1.56369162719597853e-05	-0	-0	10.6814150222059876
1	7.00757119820115783e-05	-9.89828949214018581e-05	-0	-0	1.13825806730842355e-05	-1.59877561826322967e-05	-0	-0	10.99557428756499
1	7.11685471691523338e-05	-0.000101106709720724373	-0	-0	1.15338291090425634e-05	-1.63142686002586324e-05	-0	-0	11.3097335529239942
1	7.21424830302110727e-05	-0.00010309127318561983	-0	-0	1.16657468996653164e-05	-1.66180843380072971e-05	-0	-0	11.6238928182829948
1	7.30126058845258848e-05	-0.000104926929781153712	-0	-0	1.17808904516071832e-05	-1.68977250367617187e-05	-0	-0	11.9380520836419937
1	7.37993624498676343e-05	-0.000106609277820917742	-0	-0	1.18826873266502313e-05	-1.71525640946548313e-05	-0	-0	12.2522113490009925
1	7.45102673478326366e-05	-0.000108135255336102963	-0	-0	1.19724951628586866e-05	-1.73821976505295599e-05	-0	-0	12.5663706143599914
1	7.51491376074322798e-05	-0.000109524263476068169	-0	-0	1.20510870341320278e-05	-1.75898422080465795e-05	-0	-0	12.8805298797189902
1	7.5702401522350065e-05	-0.000110792499869869963	-0	-0	1.21164507828530388e-05	-1.77782066049450915e-05	-0	-0	13.1946891450779891
1	7.6155298763686376e-05	-0.000111940503832772583	-0	-0	1.21663941083647768e-05	-1.79474912788129014e-05	-0	-0	13.508848410436995
1	7.64918664540347511e-05	-0.000112964482654634966	-0	-0	1.21985454060877729e-05	-1.8097211233494163e-05	-0	-0	13.8230076757959921
1	7.66896945104690022e-05	-0.000113853771493903399	-0	-0	1.22095106217430944e-05	-1.82257889101441843e-05	-0	-0	14.137166941154991
1	7.67353943814852359e-05	-0.000114592180013324996	-0	-0	1.21973639642014613e-05	-1.83307732933978305e-05	-0	-0	14.4513262065139934
1	7.6631744219481145e-05	-0.000115188075730274437	-0	-0	1.21628004372748754e-05	-1.84136796528891727e-05	-0	-0	14.7654854718729922
1	7.63956006088888388e-05	-0.000115647558234172347	-0	-0	1.2108805113627744e-05	-1.84756810853777681e-05	-0	-0	15.0796447372319911
1	7.60380873827019377e-05	-0.000115971606175608764	-0	-0	1.20374750539632149e-05	-1.85171554479714021e-05	-0	-0	15.3938040025909917
1	7.55657087040567969e-05	-0.000116162999176714027	-0	-0	1.19502098350277773e-05	-1.85387992366659488e-05	-0	-0	15.7079632679499905
1	7.49704772844810843e-05	-0.000116223327579414917	-0	-0	1.18461316786371186e-05	-1.85411591803004216e-05	-0	-0	16.0221225333089947
1	7.42392524721849009e-05	-0.000116140188192159321	-0	-0	1.17236028072040379e-05	-1.85225810618750038e-05	-0	-0	16.33628179866799
1	7.33491884238465178e-05	-0.000115909124772370148	-0	-0	1.15795035788742167e-05	-1.84827450215903428e-05	-0	-0	16.650441064026996
1	7.22681723966178756e-05	-0.000115546647007569057	-0	-0	1.14093100572575502e-05	-1.84247612898964775e-05	-0	-0	16.9646003293859877
1	7.09808912855333348e-05	-0.00011506083324310521	-0	-0	1.12112765451976014e-05	-1.83504467754513776e-05	-0	-0	17.2787595947449866
1	6.95024901261229958e-05	-0.000114461407993306349	-0	-0	1.09885983849867809e-05	-1.82619290445165634e-05	-0	-0	17.5929188601039854
1	6.7889086401745906e-05	-0.000113763931129446321	-0	-0	1.0751017801718459e-05	-1.81622643127728607e-05	-0	-0	17.9070781254629914
1	6.62364386864696449e-05	-0.000112978924770374523	-0	-0	1.05144493112779771e-05	-1.80535922054726637e-05	-0	-0	18.2212373908219973
1	6.46608678441769954e-05	-0.000112115580043889229	-0	-0	1.0297659593921792e-05	-1.79375561383311144e-05	-0	-0	18.5353966561809962
1	6.32689166696908691e-05	-0.000111166043325332524	-0	-0	1.01170811909734507e-05	-1.78125670380188867e-05	-0	-0	18.8495559215399986
1	6.21061651065106621e-05	-0.000110151016903542635	-0	-0	9.97835542763086276e-06	-1.76809390213075835e-05	-0	-0	19.163715186899001
1	6.11260180611160493e-05	-0.000109088297753356377	-0	-0	9.87137019229035985e-06	-1.75438479073812884e-05	-0	-0	19.4778744522579927
2	6.11260180611160493e-05	-0.000109088297753356377	-0	-0	9.87137019229035985e-06	-1.75438479073812884e-05	-0	-0	19.4778744522579927
2	6.01976878679534743e-05	-0.000107986990210792518	0	0	9.77199803241708268e-06	-1.74006805434304363e-05	0	0	19.792033717616988
2	5.91738022542571845e-05	-0.000106864149049332811	0	0	9.653658488357097e-06	-1.72521696885840833e-05	0	0	20.1061929829759904
2	5.79649962927976674e-05	-0.000105731691475877202	0	0	9.49988256977888498e-06	-1.70987049843468851e-05	0	0	20.4203522483349929
2	5.65670717164257827e-05	-0.000104594136084665382	0	0	9.30888327093859087e-06	-1.69401387200187725e-05	0	0	20.7345115136939917
2	5.50446469622274941e-05	-0.00010345297727304344	0	0	9.0907882196041454e-06	-1.67764241825213054e-05	0	0	21.048670779052987
2	5.3487321104369451e-05	-0.000102296880466230426	0	0	8.86030171300669693e-06	-1.66058535627414744e-05	0	0	21.3628300444119894
2	5.19774515357799378e-05	-0.00010113071997319928	0	0	8.6312511294751854e-06	-1.64295419009672091e-05	0	0	21.6769893097709883
2	5.05637895309737451e-05	-9.99576004523520568e-05	0	0	8.41215798464576496e-06	-1.62484019076952323e-05	0	0	21.9911485751299942
2	4.92711951892369892e-05	-9.87806878221069145e-05	0	0	8.20769670962651218e-06	-1.60633672430225507e-05	0	0	22.3053078404890002
2	4.80973999849607179e-05	-9.75928206193085864e-05	0	0	8.0181199510612265e-06	-1.58736766316567798e-05	0	0	22.619467105847999
2	4.70286353067365373e-05	-9.63982243676343698e-05	0	0	7.84176039704045371e-06	-1.56803592399145481e-05	0	0	22.9336263712069979
2	4.60499044977257877e-05	-9.5195530621101053e-05	0	0	7.67667760964248138e-06	-1.54834983245354251e-05	0	0	23.2477856365659861
2	4.51432672867641037e-05	-9.3996507875757074e-05	0	0	7.52039232862613876e-06	-1.52852521214503177e-05	0	0	23.5619449019249849
2	4.42973485690290004e-05	-9.280455868567822e-05	0	0	7.37142387337809597e-06	-1.5086396717202069e-05	0	0	23.8761041672839909
2	4.35019200974052101e-05	-9.16228891612120232e-05	0	0	7.22842948471967214e-06	-1.48876505475746331e-05	0	0	24.1902634326429968
2	4.27563109287405676e-05	-9.04616353172985662e-05	0	0	7.09156538584266661e-06	-1.4690821654973982e-05	0	0	24.5044226980019886
2	4.20496072287323067e-05	-8.93168217570208117e-05	0	0	6.9593100494201376e-06	-1.44954298028535141e-05	0	0	24.8185819633609803
2	4.13869355431473185e-05	-8.82011541887041135e-05	0	0	6.83269746091701516e-06	-1.43036636094979889e-05	0	0	25.1327412287199792
2	4.07622599872084794e-05	-8.71176921742107969e-05	0	0	6.71094678359439051e-06	-1.41161468570249725e-05	0	0	25.4469004940789816
2	3.96373012360328901e-05	-8.55271895462717544e-05	0	0	6.49984554788230102e-06	-1.38384565512072793e-05	0	0	25.7610597594379875
2	3.90052828095374497e-05	-8.4418760861004684e-05	0	0	6.37635794462081032e-06	-1.36468455673253913e-05	0	0	26.0752190247969864
2	3.84140269307587994e-05	-8.33423574748919484e-05	0	0	6.25869881545779118e-06	-1.34598252023240968e-05	0	0	26.3893782901559888
2	3.78652504346268029e-05	-8.22972896961490698e-05	0	0	6.14728318885991547e-06	-1.32773804059476224e-05	0	0	26.7035375555149841
2	3.73621137639861185e-05	-8.12939234563489553e-05	0	0	6.04275191261587769e-06	-1.31012716501219004e-05	0	0	27.0176968208739865
2	3.69105822070128764e-05	-8.03371469168828072e-05	0	0	5.94619163350763993e-06	-1.29323739637968841e-05	0	0	27.3318560862329818
2	3.65181008236102351e-05	-7.94417774766153692e-05	0	0	5.858922328648898e-06	-1.27731568190922047e-05	0	0	27.64601535159197
2	3.6196385335465688e-05	-7.8608922825434155e-05	0	0	5.78294709114781654e-06	-1.26238799361881171e-05	0	0	27.9601746169509688
2	3.5957370823281649e-05	-7.78366117918934228e-05	0	0	5.72030099764495991e-06	-1.24843047357243233e-05	0	0	28.2743338823099712
2	3.58126919043223312e-05	-7.71293474392183999e-05	0	0	5.67296756176997847e-06	-1.23552309159691746e-05	0	0	28.5884931476689665
2	3.57752198713215776e-05	-7.64829564629704067e-05	0	0	5.64312708347101163e-06	-1.22360592259120176e-05	0	0	28.9026524130279583
2	3.58558521921305035e-05	-7.58886607295145742e-05	0	0	5.63263942227667329e-06	-1.21254472803042385e-05	0	0	29.2168116783869678
3	3.58558521921305035e-05	-7.58886607295145742e-05	0	0	5.63263942227667329e-06	-1.21254472803042385e-05	0	0	29.2168116783869678
3	3.69281759857218613e-05	-7.62059203396873742e-05	0	0	5.77216590933687123e-06	-1.21517472954149252e-05	0	0	29.5309709437459702
3	3.7256164996264329e-05	-7.56878375185877889e-05	0	0	5.80107911832068422e-06	-1.20525461579200513e-05	0	0	29.8451302091049655
3	3.77049375466839546e-05	-7.52064386056476488e-05	0	0	5.85012113197508972e-06	-1.19596587187621149e-05	0	0	30.1592894744639644
3	3.82605328615710598e-05	-7.47562746928574637e-05	0	0	5.91715284109908867e-06	-1.18722760158817941e-05	0	0	30.4734487398229632
3	3.89062489120172556e-05	-7.43496083017263892e-05	0	0	5.99959525090226081e-06	-1.17924356418766257e-05	0	0	30.7876080051819656
3	3.96190231204529412e-05	-7.398965998109118e-05	0	0	6.09384737636894035e-06	-1.17207203124761353e-05	0	0	31.1017672705409716
3	4.03746183462480417e-05	-7.36870480160377751e-05	0	0	6.1961206784049924e-06	-1.16589023524415696e-05	0	0	31.4159265358999775
3	4.11546644486501865e-05	-7.34341630551896729e-05	0	0	6.30357216299639504e-06	-1.16058241892321636e-05	0	0	31.7300858012589764
3	4.19372421146026468e-05	-7.32414932216210826e-05	0	0	6.41279282281700589e-06	-1.15632387957603577e-05	0	0	32.0442450666179823
3	4.27058409628655123e-05	-7.31035870907792385e-05	0	0	6.52124666889742613e-06	-1.15303401819887182e-05	0	0	32.3584043319769847
3	4.34492194582717425e-05	-7.30237004388714227e-05	0	0	6.62725012717686735e-06	-1.15077260848429902e-05	0	0	32.6725635973359871
3	4.41529479396726059e-05	-7.29917793073464171e-05	0	0	6.72861664835545958e-06	-1.14938629255663773e-05	0	0	32.9867228626949895
3	4.48098296305662154e-05	-7.30004549012072917e-05	0	0	6.82433483713885166e-06	-1.1487657557964066e-05	0	0	33.3008821280539777
3	4.54104527689596542e-05	-7.30420168760928588e-05	0	0	6.91305223752953471e-06	-1.14879715958983e-05	0	0	33.6150413934129801
3	4.59502063511420169e-05	-7.31179112157999021e-05	0	0	6.99420737289310301e-06	-1.14951495973178886e-05	0	0	33.9292006587719897
3	4.64237372164766392e-05	-7.32236949773594882e-05	0	0	7.06714475535134704e-06	-1.1508607858492374e-05	0	0	34.2433599241309778
3	4.68244750881624929e-05	-7.33718350731771382e-05	0	0	7.13104679429514706e-06	-1.1530497102456e-05	0	0	34.557519189489966
3	4.71505416943635534e-05	-7.35638088099925189e-05	0	0	7.18588900030000383e-06	-1.15612309521944212e-05	0	0	34.8716784548489684
3	4.73926663535835816e-05	-7.38080366601895008e-05	0	0	7.23051231367941841e-06	-1.1602369372023475e-05	0	0	35.1858377202079566
3	4.75450624537573007e-05	-7.40914165028498206e-05	0	0	7.26437808601773833e-06	-1.1652062185751221e-05	0	0	35.4999969855669661
3	4.7589303546786239e-05	-7.44081980478557671e-05	0	0	7.28499688082113008e-06	-1.17096887461397032e-05	0	0	35.8141562509259614
3	4.75099250934698679e-05	-7.47596269255704649e-05	0	0	7.2904352442329409e-06	-1.17758067347405694e-05	0	0	36.1283155162849567
3	4.72821410978485732e-05	-7.51494094621515171e-05	0	0	7.27735077775728265e-06	-1.18514301898741328e-05	0	0	36.4424747816439591
3	4.69049309584979642e-05	-7.55744527573793496e-05	0	0	7.2462702861218986e-06	-1.19365303661420587e-05	0	0	36.7566340470029687
3	4.64042985602025463e-05	-7.60258485747826983e-05	0	0	7.20205436215236967e-06	-1.20301622860015096e-05	0	0	37.0707933123619497
3	4.58422038024997643e-05	-7.65016252237178012e-05	0	0	7.1551918569024575e-06	-1.21324234409327607e-05	0	0	37.3849525777209379
3	4.53154699253269862e-05	-7.70052817682386772e-05	0	0	7.12139347510458513e-06	-1.22440753217702172e-05	0	0	37.6991118430799261
3	4.49310619093124279e-05	-7.75550795680176328e-05	0	0	7.11731871086404891e-06	-1.23678338343814165e-05	0	0	38.0132711084389285
3	4.47659118051394985e-05	-7.81705256405653001e-05	0	0	7.15385380364297387e-06	-1.25060180287688924e-05	0	0	38.3274303737979238
3	4.48093732718050507e-05	-7.88840229817894576e-05	0	0	7.2268395706346989e-06	-1.2662364008696915e-05	0	0	38.6415896391569191
3	4.4969394400803726e-05	-7.97132077163765433e-05	0	0	7.31840953775603733e-06	-1.283779704782618e-05	0	0	38.9557489045159144
4	4.4969394400803726e-05	-7.97132077163765433e-05	0	0	7.31840953775603733e-06	-1.283779704782618e-05	0	0	38.9557489045159144
4	4.51094685797157237e-05	-8.06688238167392125e-05	0	0	7.40359521787659233e-06	-1.3032105137087194e-05	0	0	39.2699081698749168
4	4.51312343048543123e-05	-8.17644737592927809e-05	0	0	7.46422515402072437e-06	-1.32459177590148242e-05	0	0	39.5840674352339192
4	4.50066767161492993e-05	-8.29972898664228077e-05	0	0	7.49440682401678222e-06	-1.34778299203346441e-05	0	0	39.8982267005929145
4	4.47770100419281672e-05	-8.4347423184051736e-05	0	0	7.50027756585050137e-06	-1.37242940151395826e-05	0	0	40.2123859659519383
4	4.45122059241040999e-05	-8.57770444215466842e-05	0	0	7.49323038617960021e-06	-1.39792961169237631e-05	0	0	40.5265452313109407
4	4.42713054374619676e-05	-8.72374606570051816e-05	0	0	7.4832589028798777e-06	-1.42353070461674172e-05	0	0	40.840704496669936
4	4.40671123740090341e-05	-8.86778802762148543e-05	0	0	7.47307884548463995e-06	-1.44845472653789954e-05	0	0	41.1548637620289384
4	4.3882128818223203e-05	-9.00409318755446373e-05	0	0	7.46056718035601233e-06	-1.4718183855876782e-05	0	0	41.4690230273879337
4	4.36806002090742163e-05	-9.12700794286822037e-05	0	0	7.44061628834514154e-06	-1.49274761484308044e-05	0	0	41.7831822927469361
4	4.34064772696963227e-05	-9.23148600913938555e-05	0	0	7.40479114985542514e-06	-1.51046013851652617e-05	0	0	42.0973415581059385
4	4.30121052593363364e-05	-9.31451256746829983e-05	0	0	7.34593091289787923e-06	-1.52449440087235727e-05	0	0	42.411500823464948
4	4.24840586481867524e-05	-9.37161769018619558e-05	0	0	7.26229203913458712e-06	-1.53415057370835737e-05	0	0	42.7256600888239433
4	4.18111184139928005e-05	-9.39989224417126174e-05	0	0	7.15241606396762317e-06	-1.53897528666949485e-05	0	0	43.0398193541829386
4	4.09811598996013106e-05	-9.39778726923653379e-05	0	0	7.01465133196553254e-06	-1.5387306622550267e-05	0	0	43.353978619541941
4	4.00040876684770296e-05	-9.36573181315778045e-05	0	0	6.85084886246992977e-06	-1.53349405296370275e-05	0	0	43.6681378849009434
4	3.89115140076605253e-05	-9.30543865988170535e-05	0	0	6.66631148729955646e-06	-1.52354844715829604e-05	0	0	43.9822971502599458
4	3.77231787508245037e-05	-9.22110355067053524e-05	0	0	6.4644045261483214e-06	-1.50957495376249161e-05	0	0	44.2964564156189411
4	3.64678828059270899e-05	-9.11640177860366103e-05	0	0	6.24993636044473449e-06	-1.49217168312649548e-05	0	0	44.6106156809779364
4	3.51977922729127977e-05	-8.99347700291111226e-05	0	0	6.03145026699987029e-06	-1.47169116537386918e-05	0	0	44.9247749463369388
4	3.39566898325446278e-05	-8.85284858040785954e-05	0	0	5.81612778495643073e-06	-1.44822573824527815e-05	0	0	45.238934211695927
4	3.12280820507673373e-05	-8.54115202407369095e-05	0	0	5.33836844822637834e-06	-1.39493439652905269e-05	0	0	45.5530934770549081
4	2.99474380331335856e-05	-8.3528555302069007e-05	0	0	5.11560536619678097e-06	-1.3637046218873677e-05	0	0	45.8672527424139247
4	2.87706281712434399e-05	-8.15435954077451362e-05	0	0	4.90846332197467311e-06	-1.33072717940736567e-05	0	0	46.18141200777292
4	2.77034418952870338e-05	-7.94937271313927822e-05	0	0	4.71799103263371284e-06	-1.29660944218518249e-05	0	0	46.4955712731319295
4	2.67506738875924566e-05	-7.74030957737908661e-05	0	0	4.54507673312186188e-06	-1.26175115541452535e-05	0	0	46.8097305384909248
4	2.59328496739914252e-05	-7.52844897394064241e-05	0	0	4.39313469435433356e-06	-1.22636977354223373e-05	0	0	47.123889803849913
4	2.5261228153067132e-05	-7.31237081279913009e-05	0	0	4.26408240277198909e-06	-1.19024820178898279e-05	0	0	47.4380490692089012
4	2.47327862499656262e-05	-7.09250314388849997e-05	0	0	4.15753929451123015e-06	-1.15346661844410314e-05	0	0	47.7522083345679036
4	2.43412651063334409e-05	-6.86935747179027995e-05	0	0	4.07260605426569637e-06	-1.11611841861741796e-05	0	0	48.0663675999268989
4	2.40844061445320904e-05	-6.64506804732040997e-05	0	0	4.00902639761193557e-06	-1.07855781293864345e-05	0	0	48.3805268652858871
4	2.39506793851517326e-05	-6.42062728018729035e-05	0	0	3.96504883401910912e-06	-1.04095497810857385e-05	0	0	48.6946861306448895
5	2.39506793851517326e-05	-6.42062728018729035e-05	0	0	3.96504883401910912e-06	-1.04095497810857385e-05	0	0	48.6946861306448895
5	2.39256305849569372e-05	-6.19624223014966563e-05	-0	-0	3.93845061313805955e-06	-1.00335325400116565e-05	-0	-0	49.0088453960038848
5	2.40033855852315027e-05	-5.97237897252036383e-05	-0	-0	3.92839008030850884e-06	-9.65837641684767472e-06	-0	-0	49.323004661362873
5	2.41732655536232538e-05	-5.74872585794030411e-05	-0	-0	3.93325093324208529e-06	-9.28367434662705389e-06	-0	-0	49.6371639267218896
5	2.44151124353977596e-05	-5.52675075394804661e-05	-0	-0	3.94989220338588096e-06	-8.91188227597771778e-06	-0	-0	49.951323192080892
5	2.47031878279219683e-05	-5.30777061729816426e-05	-0	-0	3.97427732742119965e-06	-8.5452103279514499e-06	-0	-0	50.2654824574399015
5	2.50182380259277677e-05	-5.09362493257366124e-05	-0	-0	4.00341778560046939e-06	-8.18670834156084802e-06	-0	-0	50.579641722798911
5	2.53459004530385982e-05	-4.88557406584075901e-05	-0	-0	4.0351177166405509e-06	-7.83849246137631987e-06	-0	-0	50.8938009881579063
5	2.56727507268698506e-05	-4.68410041582968564e-05	-0	-0	4.06733888824891126e-06	-7.50142517224574641e-06	-0	-0	51.2079602535169158
5	2.59935905707837163e-05	-4.48865140373985066e-05	-0	-0	4.09937665504736418e-06	-7.17470340087574286e-06	-0	-0	51.5221195188759111
5	2.63058406995904685e-05	-4.29930473145632508e-05	-0	-0	4.13096012340946356e-06	-6.85854122644036132e-06	-0	-0	51.8362787842349277
5	2.66109052637791312e-05	-4.11663739334624059e-05	-0	-0	4.16247498039939111e-06	-6.55396037919811318e-06	-0	-0	52.150438049593923
5	2.69090995317950062e-05	-3.94349132769437915e-05	-0	-0	4.19414957292261797e-06	-6.26563368245796931e-06	-0	-0	52.4645973149529112
5	2.72128468053880546e-05	-3.78575066689644611e-05	-0	-0	4.22818424199397657e-06	-6.00313628668570947e-06	-0	-0	52.7787565803119065
5	2.75561525769302349e-05	-3.65035787833141489e-05	-0	-0	4.27028000365028244e-06	-5.7777538914852386e-06	-0	-0	53.092915845670916
5	2.79949239320148157e-05	-3.54519302514927359e-05	-0	-0	4.32969464276153012e-06	-5.60228987159899197e-06	-0	-0	53.4070751110299184
5	2.86198395558727578e-05	-3.48058826868750926e-05	-0	-0	4.42131857492826866e-06	-5.49350422651837049e-06	-0	-0	53.7212343763889066
5	2.95311679173682279e-05	-3.46612162929973056e-05	-0	-0	4.56162138117836315e-06	-5.4669520529206084e-06	-0	-0	54.0353936417479161
5	3.08194790978133602e-05	-3.5117832569917613e-05	-0	-0	4.76555287415085201e-06	-5.53886017868577375e-06	-0	-0	54.3495529071069186
5	3.25365755653024514e-05	-3.62549479472446218e-05	-0	-0	5.04186939943174076e-06	-5.72213872531313495e-06	-0	-0	54.663712172465921
5	3.47038638229970426e-05	-3.81283286372301796e-05	-0	-0	5.39448205437197462e-06	-6.02594363252048149e-06	-0	-0	54.9778714378249163
5	3.73057533337226152e-05	-4.07397394668648338e-05	-0	-0	5.82139487793273131e-06	-6.45077069038283042e-06	-0	-0	55.2920307031839329
5	4.02676333748933036e-05	-4.40200505123293203e-05	-0	-0	6.31116345463424177e-06	-6.98574526760032684e-06	-0	-0	55.6061899685429211
5	4.34771721857995174e-05	-4.78334002145364796e-05	-0	-0	6.84630092456621226e-06	-7.60929619902397486e-06	-0	-0	55.9203492339019235
5	4.67943347628999766e-05	-5.19919859445465296e-05	-0	-0	7.40482922825356647e-06	-8.29152760023446243e-06	-0	-0	56.2345084992609401
5	4.39854519488099395e-05	-5.01992329148725407e-05	-0	-0	6.97921624450667825e-06	-8.01468604421549057e-06	-0	-0	56.5486677646199496
5	4.72414628606362161e-05	-5.45512494895495574e-05	-0	-0	7.54368999522417034e-06	-8.73788954016403003e-06	-0	-0	56.8628270299789449
5	5.08323984345648047e-05	-5.92443497386408704e-05	-0	-0	8.16842570552570843e-06	-9.51996849518827094e-06	-0	-0	57.1769862953379402
5	5.46151621940274058e-05	-6.40982271125958554e-05	-0	-0	8.82875390430720502e-06	-1.03312361940127395e-05	-0	-0	57.4911455606969497
5	5.83725931295061792e-05	-6.89210032623063589e-05	-0	-0	9.48712137479356315e-06	-1.11395740049330891e-05	-0	-0	57.8053048260559308
5	6.28543274810263375e-05	-7.45709138277513299e-05	-0	-0	1.02487007194382917e-05	-1.20691454845079204e-05	-0	-0	58.1194640914149403
5	6.39926703895794813e-05	-7.71203318776649373e-05	-0	-0	1.04771594300663894e-05	-1.25074739271489872e-05	-0	-0	58.4336233567739356
6	6.39926703895794813e-05	-7.71203318776649373e-05	-0	-0	1.04771594300663894e-05	-1.25074739271489872e-05	-0	-0	58.4336233567739356
6	6.44305167997585913e-05	-7.92904494141243585e-05	0	0	1.05870424267817809e-05	-1.28825436058702988e-05	0	0	58.7477826221329238
6	6.42214531408105943e-05	-8.11661172221624528e-05	0	0	1.05858163288920005e-05	-1.32071359190787221e-05	0	0	59.0619418874919262
6	6.35026223228626923e-05	-8.28348797828875466e-05	0	0	1.04952422306650937e-05	-1.34948734130028615e-05	0	0	59.3761011528509215
6	6.24373106008093261e-05	-8.43886133452540946e-05	0	0	1.03418699104087132e-05	-1.37603833020889963e-05	0	0	59.6902604182099168
6	6.11728149897113949e-05	-8.58961200441760349e-05	0	0	1.0149986687551315e-05	-1.40147849723693709e-05	0	0	60.0044196835689334
6	5.9810907541326823e-05	-8.73821117559760261e-05	0	0	9.93666335545151624e-06	-1.42622090429930563e-05	0	0	60.3185789489279216
6	5.84063299923977155e-05	-8.88510475809911019e-05	0	0	9.71140162923805498e-06	-1.4503579235167785e-05	0	0	60.6327382142869453
6	5.69719217375346128e-05	-9.02916215263007153e-05	0	0	9.47691023475065957e-06	-1.47373005003585321e-05	0	0	60.9468974796459548
6	5.54984940445067644e-05	-9.16801606198262397e-05	0	0	9.23227566434930741e-06	-1.49597937137193731e-05	0	0	61.2610567450049501
6	5.39786230470674878e-05	-9.29829758470118652e-05	0	0	8.97679600313320289e-06	-1.51658676821164791e-05	0	0	61.5752160103639525
6	5.24043145914040152e-05	-9.41610518125050736e-05	0	0	8.70961339182721363e-06	-1.53494668848067065e-05	0	0	61.8893752757229336
6	5.07820219591186353e-05	-9.51925639466117595e-05	0	0	8.43214179203796666e-06	-1.55073061624988015e-05	0	0	62.203534541081936
6	4.91195073839560594e-05	-9.6043958863412473e-05	0	0	8.14595561743638953e-06	-1.56342031476185456e-05	0	0	62.5176938064409455
6	4.7425262187111134e-05	-9.66718399052246308e-05	0	0	7.85270817456897279e-06	-1.57233769578162173e-05	0	0	62.831853071799955
6	4.57100055219700555e-05	-9.70615368224734209e-05	0	0	7.5543801034675702e-06	-1.57726637018887334e-05	0	0	63.1460123371589503
6	4.39880487704118759e-05	-9.72118735314717541e-05	0	0	7.25350705488086393e-06	-1.57820676132135364e-05	0	0	63.4601716025179456
6	4.22709129469554063e-05	-9.70831046693472238e-05	0	0	6.9521553655156566e-06	-1.57453647533857316e-05	0	0	63.7743308678769338
6	4.05760687601478161e-05	-9.66489757919306155e-05	0	0	6.65333635244270266e-06	-1.56584986265843426e-05	0	0	64.0884901332359078
6	3.89349482875018171e-05	-9.59226887527122739e-05	0	0	6.36229996545468795e-06	-1.55237630824519768e-05	0	0	64.4026493985949173
6	3.73721737276249853e-05	-9.491823122088211e-05	0	0	6.08318796998143371e-06	-1.53435698719721808e-05	0	0	64.7168086639538984
6	3.59025828832020824e-05	-9.3654502296677052e-05	0	0	5.81855764426659659e-06	-1.51211138397119421e-05	0	0	65.0309679293128937
6	3.45284228203974878e-05	-9.21104853865641234e-05	0	0	5.56893123955001627e-06	-1.48531511723780095e-05	0	0	65.3451271946719174
6	3.32614936573188318e-05	-9.02792527927832552e-05	0	0	5.33636567156142185e-06	-1.45387067696351965e-05	0	0	65.6592864600309127
6	3.21166208007783532e-05	-8.81874916687520861e-05	0	0	5.12339846361640279e-06	-1.41822194045381175e-05	0	0	65.973445725389908
6	3.11099621201577168e-05	-8.58452868089653871e-05	0	0	4.93277412147294429e-06	-1.37854443579029151e-05	0	0	66.2876049907489175
6	3.02554253295572468e-05	-8.33104117899639309e-05	0	0	4.76686637514414695e-06	-1.33578187270829433e-05	0	0	66.6017642561079271
6	2.95629679187755243e-05	-8.06209445839672749e-05	0	0	4.62740476715883814e-06	-1.29055997202827315e-05	0	0	66.9159235214669081
6	2.9039030145825036e-05	-7.7807044027026703e-05	0	0	4.51554594727785066e-06	-1.24337600200384313e-05	0	0	67.2300827868259177
6	2.86840755442940853e-05	-7.49102694886469056e-05	0	0	4.43147763336887641e-06	-1.19490995445739255e-05	0	0	67.5442420521849129
6	2.84958284905690272e-05	-7.19643937350134016e-05	0	0	4.37494129424442947e-06	-1.14571558516865018e-05	0	0	67.8584013175439082
6	2.84622202821705963e-05	-6.89937793603414488e-05	0	0	4.34409671918730366e-06	-1.09619443624696669e-05	0	0	68.1725605829029035
7	2.84622202821705963e-05	-6.89937793603414488e-05	0	0	4.34409671918730366e-06	-1.09619443624696669e-05	0	0	68.1725605829029035
7	2.85724694288457405e-05	-6.60121244385778816e-05	0	0	4.33730739684013228e-06	-1.04657547227262017e-05	0	0	68.4867198482619415
7	2.88126709571965623e-05	-6.30297431890545638e-05	0	0	4.35242999295146575e-06	-9.9703249042564966e-06	0	0	68.8008791136209368
7	2.91628973826136829e-05	-6.00539895705855858e-05	0	0	4.38635125296488724e-06	-9.47691294893711979e-06	0	0	69.1150383789799463
7	2.96009744873993721e-05	-5.7088968253494912e-05	0	0	4.43559816076463404e-06	-8.98625147860544666e-06	0	0	69.4291976443389558
7	3.00999083497192107e-05	-5.41440039890975878e-05	0	0	4.49592392480278435e-06	-8.49990775168657736e-06	0	0	69.7433569096979511
7	3.06351745033206415e-05	-5.12357090538735106e-05	0	0	4.56348553901749692e-06	-8.0206185074867545e-06	0	0	70.057516175056989
7	3.11813900301472022e-05	-4.83840504655999365e-05	0	0	4.63430897015717455e-06	-7.55165930869938773e-06	0	0	70.3716754404159843
7	3.17121430139583526e-05	-4.56203725060347126e-05	0	0	4.70426268779130651e-06	-7.09813346292118084e-06	0	0	70.6858347057749796
7	3.22122194336491442e-05	-4.29704122731641789e-05	0	0	4.77102892649111123e-06	-6.66424320152479873e-06	0	0	70.9999939711339749
7	3.26647045138132386e-05	-4.0457144749836665e-05	0	0	4.83203069702193427e-06	-6.25374766300438651e-06	0	0	71.3141532364929844
7	3.3058518799193473e-05	-3.81069066325665385e-05	0	0	4.88565095783782268e-06	-5.87094487581024655e-06	0	0	71.6283125018519797
7	3.99901055153872821e-05	-4.25333725166727084e-05	0	0	5.96784992087222592e-06	-6.55445193545788686e-06	0	0	71.9424717672110035
7	4.04807202094918358e-05	-4.07766382600424919e-05	0	0	6.04125832198568798e-06	-6.26979213526692342e-06	0	0	72.2566310325699845
7	4.08487972558674566e-05	-3.91594585060025158e-05	0	0	6.09779886037107579e-06	-6.00941978423053208e-06	0	0	72.5707902979289941
7	4.10966675074190364e-05	-3.76969046444113965e-05	0	0	6.13816332936259555e-06	-5.7758866104788188e-06	0	0	72.8849495632880036
7	4.12417897883416264e-05	-3.64241560986430877e-05	0	0	6.16553076538062716e-06	-5.57499123483132827e-06	0	0	73.1991088286469989
7	4.1320666125134616e-05	-3.53984551585459603e-05	0	0	6.18620015982985724e-06	-5.41610436247331106e-06	0	0	73.5132680940059799
7	4.13863767776010078e-05	-3.4699686510602666e-05	0	0	6.20919259246996099e-06	-5.31225766252336969e-06	0	0	73.8274273593649895
7	4.15195788392421156e-05	-3.4425111621137663e-05	0	0	6.24802521369756977e-06	-5.27930592755371095e-06	0	0	74.1415866247239848
7	4.17990995758800096e-05	-3.46916440541690974e-05	0	0	6.31598143496196892e-06	-5.3362854775232781e-06	0	0	74.4557458900830085
7	4.23197750030858758e-05	-3.56047959368572284e-05	0	0	6.42894821815934614e-06	-5.50043134589690581e-06	0	0	74.7699051554419896
7	4.31793881651657691e-05	-3.72502532412031921e-05	0	0	6.60328063385213918e-06	-5.7858081661385635e-06	0	0	75.0840644208009849
7	4.44810356953313172e-05	-3.96758436723371535e-05	0	0	6.85608295650457064e-06	-6.20038522936372998e-06	0	0	75.398223686159966
7	4.6324560334435683e-05	-4.28712263673722651e-05	0	0	7.20365998813927283e-06	-6.74269171636558012e-06	0	0	75.7123829515189328
7	4.8751111065081917e-05	-4.67765543412441325e-05	0	0	7.65234818941007129e-06	-7.40307403878351009e-06	0	0	76.0265422168779565
7	5.17554332992589488e-05	-5.1284786424677975e-05	0	0	8.20017200768597012e-06	-8.16389958045521462e-06	0	0	76.3407014822369803
7	5.52274000930347438e-05	-5.62443173957365096e-05	0	0	8.82728126118577789e-06	-8.99986561724877115e-06	0	0	76.6548607475959614
7	5.89276408981572581e-05	-6.14735308335655933e-05	0	0	9.49219761123053723e-06	-9.8803812192083854e-06	0	0	76.9690200129549993
7	6.25321663740346023e-05	-6.6767834279650822e-05	0	0	1.01395488425470791e-05	-1.07709613833196263e-05	0	0	77.2831792783139804
7	6.57304109290841724e-05	-7.19424893905646772e-05	0	0	1.0716550453332323e-05	-1.1640462292330097e-05	0	0	77.5973385436729757
7	6.83055966480461863e-05	-7.6849190006916148e-05	0	0	1.11864384312213131e-05	-1.24640184282711801e-05	0	0	77.9114978090319426
8	6.83055966480461863e-05	-7.6849190006916148e-05	0	0	1.11864384312213131e-05	-1.24640184282711801e-05	0	0	77.9114978090319426
8	7.01587851709588236e-05	-8.13577962587849551e-05	0	0	1.15324384536857667e-05	-1.32201830390772918e-05	0	0	78.2256570743909521
8	7.12805878420324926e-05	-8.53919257042595129e-05	0	0	1.1752999281613103e-05	-1.38965306813701725e-05	0	0	78.5398163397499189
8	7.17036748182678488e-05	-8.89138032819883107e-05	0	0	1.18538339140710143e-05	-1.44870648188261187e-05	0	0	78.8539756051088858
8	7.14941621475474406e-05	-9.19523581068525515e-05	0	0	1.18462542624623943e-05	-1.49965924276584032e-05	0	0	79.1681348704678669
8	7.07035448872547323e-05	-9.44979230240555577e-05	0	0	1.17392841342170435e-05	-1.54237485963306943e-05	0	0	79.482294135826848
8	6.93875337318752296e-05	-9.65690951764851724e-05	0	0	1.1542571719748677e-05	-1.57716814192802431e-05	0	0	79.7964534011858859
8	6.76300429720940377e-05	-9.82098418635083835e-05	0	0	1.12702144656189689e-05	-1.60475841117622889e-05	0	0	80.1106126665448954
8	6.55233909541863991e-05	-9.9478640622182728e-05	0	0	1.09375825102907428e-05	-1.62609561907382726e-05	0	0	80.4247719319038907
8	6.31467139172028425e-05	-0.000100428250015406552	0	0	1.05578532788680549e-05	-1.64203788901098541e-05	0	0	80.7389311972629002
8	6.05876790655654647e-05	-0.000101097590369479348	0	0	1.01455164286159678e-05	-1.65322136653527348e-05	0	0	81.053090462621924
8	5.79089651894485087e-05	-0.000101515181761930532	0	0	9.71100130267520101e-06	-1.66011599905109103e-05	0	0	81.3672497279809193
8	5.51300618341545728e-05	-0.000101688293891058577	0	0	9.2577481522348353e-06	-1.66285191256267467e-05	0	0	81.6814089933399003
8	4.80463071218776737e-05	-9.73918144799989106e-05	0	0	8.08272879722426541e-06	-1.59078559142185512e-05	0	0	81.9955682586989099
8	4.59232948887078676e-05	-9.78605038102052125e-05	0	0	7.73159747191842729e-06	-1.59797787900206831e-05	0	0	82.3097275240578767
8	4.38375447942221256e-05	-9.81450287146250818e-05	0	0	7.38469605258280893e-06	-1.60204166546081938e-05	0	0	82.623886789416872
8	4.18048840106342206e-05	-9.8255333419826037e-05	0	0	7.04474702570230581e-06	-1.60315151774867196e-05	0	0	82.9380460547758958
8	3.98350420065355119e-05	-9.8156901016061037e-05	0	0	6.71347704329961251e-06	-1.60076693897610395e-05	0	0	83.2522053201348911
8	3.79383069247503195e-05	-9.78272634162088051e-05	0	0	6.39269208322880899e-06	-1.59454073801968614e-05	0	0	83.5663645854938864
8	3.61291454117725541e-05	-9.72584160514162696e-05	0	0	6.08486226199115578e-06	-1.58435824175760039e-05	0	0	83.880523850852839
8	3.44250695796316985e-05	-9.64592257398293553e-05	0	0	5.79293955439025027e-06	-1.57037517844268342e-05	0	0	84.1946831162118343
8	3.2847329956754755e-05	-9.54005947059983562e-05	0	0	5.5204733579174533e-06	-1.55213542170775404e-05	0	0	84.5088423815708438
8	3.14051615844923972e-05	-9.40419794276442966e-05	0	0	5.2690760845204587e-06	-1.52899802644850785e-05	0	0	84.8230016469298391
8	3.00996955588350408e-05	-9.23447969352175334e-05	0	0	5.03905250536514462e-06	-1.50035307662536868e-05	0	0	85.1371609122888486
8	2.89193613939897382e-05	-9.03214139221218703e-05	0	0	4.82866093535821647e-06	-1.46641088486094002e-05	0	0	85.4513201776478724
8	2.78728532103987288e-05	-8.80246058131199617e-05	0	0	4.63942085269463376e-06	-1.42803203657339807e-05	0	0	85.7654794430068534
8	2.69842039457148875e-05	-8.54953367141172483e-05	0	0	4.47531838814395447e-06	-1.38588616672537723e-05	0	0	86.079638708365863
8	2.6277655914206798e-05	-8.27820626767475484e-05	0	0	4.34037042867643021e-06	-1.34076378328715979e-05	0	0	86.3937979737248583
8	2.57689357879954206e-05	-7.99356378324032673e-05	0	0	4.23721892922485359e-06	-1.29349382678686446e-05	0	0	86.7079572390838678
8	2.54644027886212216e-05	-7.70199759429042929e-05	0	0	4.16699270308267675e-06	-1.24511510143449972e-05	0	0	87.0221165044428773
8	2.53641639336428342e-05	-7.40633865319170276e-05	0	0	4.12981112729440754e-06	-1.1960922431884298e-05	0	0	87.3362757698018868
8	2.54566646186953869e-05	-7.10631372538796693e-05	0	0	4.12391390553779431e-06	-1.14638941407975272e-05	0	0	87.6504350351608821
9	2.54566646186953869e-05	-7.10631372538796693e-05	0	0	4.12391390553779431e-06	-1.14638941407975272e-05	0	0	87.6504350351608821
9	2.57230449770347419e-05	-6.80197814206042221e-05	0	0	4.1463632232862386e-06	-1.09602353365257084e-05	0	0	87.9645943005198632
9	2.61396645858050366e-05	-6.49473080331238427e-05	-0	-0	4.19345067319585081e-06	-1.04522780670532437e-05	-0	-0	88.2787535658788869
9	2.66790073477591265e-05	-6.18687217498850616e-05	-0	-0	4.26084418582639289e-06	-9.94380426991584475e-06	-0	-0	88.5929128312378396
9	2.73096554126401681e-05	-5.8818092485372874e-05	-0	-0	4.34358616000567088e-06	-9.44037729698862221e-06	-0	-0	88.9070720965968633
9	2.79982540832549769e-05	-5.58288615750904683e-05	-0	-0	4.43641194883455798e-06	-8.94745775397660596e-06	-0	-0	89.221231361955887
9	2.87193802220759046e-05	-5.29197314654553845e-05	-0	-0	4.53534240266511641e-06	-8.46813253135720716e-06	-0	-0	89.5353906273148539
9	2.94521975663905632e-05	-5.01164286316139595e-05	-0	-0	4.63714618443309882e-06	-8.006621908387504e-06	-0	-0	89.8495498926738776
9	3.01758157694577509e-05	-4.74420999683466678e-05	-0	-0	4.73859579680185585e-06	-7.56673257702394713e-06	-0	-0	90.1637091580328871
9	3.0876397210234858e-05	-4.49028249985500912e-05	-0	-0	4.8376161443755729e-06	-7.14953005194976255e-06	-0	-0	90.4778684233918682
9	3.15401774743944872e-05	-4.25046535477168787e-05	-0	-0	4.93216557571333656e-06	-6.75608340025862406e-06	-0	-0	90.7920276887508777
9	3.21528516605878913e-05	-4.02623136010782671e-05	-0	-0	5.02014297939261053e-06	-6.38886895356902601e-06	-0	-0	91.1061869541098872
9	3.27129296487901943e-05	-3.81980290486029625e-05	-0	-0	5.10154381032588966e-06	-6.05158374951445227e-06	-0	-0	91.4203462194689251
9	3.32310901603373064e-05	-3.63527296451904248e-05	-0	-0	5.17836409150154654e-06	-5.75095207104821054e-06	-0	-0	91.7345054848279204
9	3.37353698657913295e-05	-3.4789829084059024e-05	-0	-0	5.25544471408794563e-06	-5.49733821926924013e-06	-0	-0	92.0486647501869442
9	3.42695579155811048e-05	-3.35883682769011938e-05	-0	-0	5.34022101722596428e-06	-5.30364620502612772e-06	-0	-0	92.3628240155459252
9	3.4892587112599874e-05	-3.28341490208297788e-05	-0	-0	5.44263064958345143e-06	-5.18389473603262686e-06	-0	-0	92.6769832809049063
9	3.5683759119763906e-05	-3.26261422283801784e-05	-0	-0	5.57595812245053257e-06	-5.15425018027185612e-06	-0	-0	92.9911425462638874
9	3.67186788915505437e-05	-3.30614353193027142e-05	-0	-0	5.75296507912588929e-06	-5.23060440566939589e-06	-0	-0	93.3053018116228543
9	3.80443516023121426e-05	-3.41963887342983412e-05	-0	-0	5.98187280404615513e-06	-5.42232411841195636e-06	-0	-0	93.6194610769818922
9	3.97130607013854641e-05	-3.60742533637603449e-05	-0	-0	6.27178286972899916e-06	-5.73668412509358483e-06	-0	-0	93.9336203423408875
9	4.17832509754663102e-05	-3.87085243547866239e-05	-0	-0	6.63273778833877792e-06	-6.17615322342211938e-06	-0	-0	94.247779607699897
