0.314159265359	0.000368345629061	6.02803412819	-1.54409747808	-1.54483391577	1.56606154195	0	0	0	1.56606154195
0.628318530718	0.000735723315097	6.02813517257	-1.51798462824	-1.51945409417	1.56190980011	0	0	0	1.56190980011
0.942477796077	0.00110119903924	6.02829931349	-1.49233353121	-1.49452938848	1.55821407	0	0	0	1.55821407
1.25663706144	0.00146391292194	6.02852071405	-1.46732812493	-1.47024083896	1.55515582265	0	0	0	1.55515582265
1.57079632679	0.00182310516238	6.02879197143	-1.44312422268	-1.44674179821	1.55288882561	0	0	0	1.55288882561
1.88495559215	0.00217813308473	6.02910476258	-1.41983587592	-1.42414434945	1.55152555797	0	0	0	1.55152555797
2.19911485751	0.00252848131825	6.0294505619	-1.39752795767	-1.40251189519	1.55112979722	0	0	0	1.55112979722
2.51327412287	0.00287376096811	6.02982108047	-1.37622837772	-1.3818713405	1.55172880192	0	0	0	1.55172880192
2.82743338823	0.00321370168255	6.03020857788	-1.35593676588	-1.36222172125	1.55332194021	0	0	0	1.55332194021
3.14159265359	0.00354814260022	6.03060620864	-1.33662461882	-1.34353427987	1.55588076666	0	0	0	1.55588076666
3.45575191895	0.00387701775285	6.03100813831	-1.318243483	-1.32576057433	1.55935713277	0	0	0	1.55935713277
3.76991118431	0.00420033652978	6.03140945567	-1.30073596299	-1.30884341916	1.56369412971	0	0	0	1.56369412971
4.08407044967	0.00451816918304	6.03180619066	-1.28403739232	-1.29271849516	1.56882769984	0	0	0	1.56882769984
4.39822971503	0.00483063431201	6.0321952952	-1.26807771399	-1.2773161783	1.57468846735	0	0	0	1.57468846735
4.71238898039	0.00513788209201	6.03257442976	-1.25278858428	-1.26256860614	1.58120880627	0	0	0	1.58120880627
5.02654824574	0.00544008296643	6.03294184765	-1.23810509018	-1.24841136662	1.58832453072	0	0	0	1.58832453072
5.3407075111	0.00573742351786	6.03329639452	-1.22396379004	-1.23478151587	1.59597291392	0	0	0	1.59597291392
5.65486677646	0.00603009675006	6.03363734253	-1.21030581446	-1.22162066545	1.60409577651	0	0	0	1.60409577651
5.96902604182	0.00631829285346	6.03396423562	-1.1970788698	-1.20887697664	1.61264148171	0	0	0	1.61264148171
6.28318530718	0.00660220053436	6.0342769264	-1.18423427322	-1.19650218822	1.62156196384	0	0	0	1.62156196384
6.59734457254	0.00688200399727	6.0345755077	-1.1717272708	-1.1844519313	1.63081304373	0	0	0	1.63081304373
6.9115038379	0.00715787499498	6.03486015286	-1.15951934087	-1.17268803342	1.64035673334	0	0	0	1.64035673334
7.22566310326	0.00742997572996	6.0351311499	-1.14757599507	-1.16117631971	1.65015903722	0	0	0	1.65015903722
7.53982236862	0.00769846227575	6.03538893223	-1.13586522227	-1.14988505767	1.66018839766	0	0	0	1.66018839766
7.85398163398	0.00796347688842	6.03563393252	-1.12435968958	-1.13878716113	1.67041789885	0	0	0	1.67041789885
8.16814089933	0.00822514841867	6.03586657533	-1.11303595202	-1.1278594022	1.68082447903	0	0	0	1.68082447903
8.48230016469	0.00848360021476	6.03608737711	-1.10187195764	-1.11707991781	1.69138643712	0	0	0	1.69138643712
8.79645943005	0.00873894441537	6.03629684108	-1.09084857893	-1.10642974426	1.7020849674	0	0	0	1.7020849674
9.11061869541	0.00899127858897	6.03649539414	-1.0799501757	-1.09589338366	1.712904726	0	0	0	1.712904726
9.42477796077	0.00924069534508	6.03668351129	-1.06916205091	-1.08545626081	1.72383128782	0	0	0	1.72383128782
9.73893722613	0.00948728088479	6.03686167848	-1.05847088744	-1.07510516255	1.73485158591	0	0	0	1.73485158591
10.0530964915	0.00973110742161	6.0370302785	-1.04786627361	-1.06482976665	1.74595544037	0	0	0	1.74595544037
10.3672557568	0.00997224141696	6.03718969696	-1.03733874217	-1.05462068153	1.75713359801	0	0	0	1.75713359801
10.6814150222	0.0102107475997	6.03734036075	-1.02687911563	-1.04446879316	1.76837707932	0	0	0	1.76837707932
10.9955742876	0.0104466785196	6.03748259718	-1.01648041763	-1.03436717934	1.77967909268	0	0	0	1.77967909268
11.3097335529	0.0106800794862	6.03761669333	-1.00613680251	-1.0243100404	1.79103396502	0	0	0	1.79103396502
11.6238928183	0.0109109971495	6.03774299439	-0.995842145192	-1.01429128949	1.80243573209	0	0	0	1.80243573209
11.9380520836	0.0111394696722	6.03786177498	-0.985591733922	-1.00430624822	1.81387983411	0	0	0	1.81387983411
12.252211349	0.0113655255917	6.03797322897	-0.975382217299	-0.994351594355	1.82536306331	0	0	0	1.82536306331
12.5663706144	0.0115891964204	6.03807761033	-0.965209774133	-0.984423532001	1.83688173419	0	0	0	1.83688173419
12.8805298797	0.0118105093232	6.03817514035	-0.955071283088	-0.974518963496	1.8484328553	0	0	0	1.8484328553
13.1946891451	0.0120294801917	6.03826593362	-0.94496507775	-0.964636245173	1.86001488499	0	0	0	1.86001488499
13.5088484104	0.0122461274704	6.03835014806	-0.934889136662	-0.954773377686	1.87162592167	0	0	0	1.87162592167
13.8230076758	0.0124604698365	6.0384279503	-0.924841534723	-0.944928459266	1.88326415704	0	0	0	1.88326415704
14.1371669412	0.0126725143872	6.03849939193	-0.914821734352	-0.935100977689	1.894929168	0	0	0	1.894929168
14.4513262065	0.0128822685066	6.03856453726	-0.90482912124	-0.925290345671	1.90662045202	0	0	0	1.90662045202
14.7654854719	0.0130897441911	6.03862349722	-0.894862722099	-0.915495620639	1.91833714683	0	0	0	1.91833714683
15.0796447372	0.0132949426484	6.03867627404	-0.884922761781	-0.905717062401	1.93007958815	0	0	0	1.93007958815
15.3938040026	0.0134978623962	6.03872284832	-0.875009694684	-0.895955163954	1.94184834032	0	0	0	1.94184834032
15.707963268	0.0136985099473	6.03876327491	-0.865123338612	-0.886209787311	1.95364333224	0	0	0	1.95364333224
16.0221225333	0.0138968827287	6.03879751563	-0.855264470214	-0.876481759499	1.96546545326	0	0	0	1.96546545326
16.3362817987	0.014092972584	6.03882548091	-0.845434334882	-0.866772381465	1.97731606206	0	0	0	1.97731606206
16.650441064	0.0142867809399	6.0388471667	-0.835633453222	-0.857082236202	1.98919579478	0	0	0	1.98919579478
16.9646003294	0.0144783033622	6.03886250471	-0.825862995211	-0.84741256418	2.00110594047	0	0	0	2.00110594047
17.2787595947	0.0146675265586	6.03887134531	-0.816124815365	-0.837765296605	2.01304847426	0	0	0	2.01304847426
17.5929188601	0.0148544475332	6.03887362635	-0.806420064329	-0.828141669022	2.02502467099	0	0	0	2.02502467099
17.9070781255	0.015039060482	6.03886924856	-0.796750282845	-0.818543316626	2.03703620055	0	0	0	2.03703620055
18.2212373908	0.0152213483854	6.03885800912	-0.7871178452	-0.808972716054	2.04908556963	0	0	0	2.04908556963
18.5353966562	0.0154013033295	6.0388397794	-0.777524558959	-0.79943178632	2.06117472265	0	0	0	2.06117472265
18.8495559215	0.0155789179008	6.03881441831	-0.76797243792	-0.78992266479	2.07330581777	0	0	0	2.07330581777
19.1637151869	0.0157541711407	6.03878165915	-0.758464471266	-0.780448474428	2.0854819941	0	0	0	2.0854819941
19.4778744523	0.0159270491874	6.03874128539	-0.749003315259	-0.771012016968	2.0977060649	0	0	0	2.0977060649
19.7920337176	0.0160975419309	6.03869308427	-0.739591783511	-0.761616268839	2.1099810135	0	0	0	2.1099810135
20.106192983	0.0162656243053	6.03863669566	-0.730233850157	-0.752265382983	2.1223109951	0	0	0	2.1223109951
20.4203522483	0.0164312790019	6.0385717955	-0.720933404053	-0.742963446682	2.13470009461	0	0	0	2.13470009461
20.7345115137	0.0165944980739	6.03849808674	-0.711694507412	-0.733714747963	2.14715259312	0	0	0	2.14715259312
21.0486707791	0.0167552633558	6.03841514032	-0.702522433165	-0.724524813035	2.15967400532	0	0	0	2.15967400532
21.3628300444	0.0169135691721	6.03832257487	-0.693422525108	-0.71539926984	2.17226994319	0	0	0	2.17226994319
21.6769893098	0.01706943009	6.03822009794	-0.684400142297	-0.70634380012	2.18494606818	0	0	0	2.18494606818
21.9911485751	0.0172228612415	6.03810734931	-0.675461645316	-0.697365125214	2.19770907717	0	0	0	2.19770907717
22.3053078405	0.0173739023329	6.03798409502	-0.666613192091	-0.688469801354	2.21056549807	0	0	0	2.21056549807
22.6194671058	0.0175226312887	6.03785031853	-0.657860386302	-0.679663873003	2.22352134354	0	0	0	2.22352134354
22.9336263712	0.0176691450322	6.03770608004	-0.649209062564	-0.670953652026	2.2365828906	0	0	0	2.2365828906
23.2477856366	0.0178135858582	6.0375517372	-0.640663914809	-0.662344338117	2.24975530167	0	0	0	2.24975530167
23.5619449019	0.0179561582154	6.03738807717	-0.632227810611	-0.653839327837	2.26304193439	0	0	0	2.26304193439
23.8761041673	0.0180971104504	6.03721620823	-0.623902173685	-0.645440578055	2.27644470602	0	0	0	2.27644470602
24.1902634326	0.0182367593186	6.03703779148	-0.615685378171	-0.637146975352	2.28996246382	0	0	0	2.28996246382
24.504422698	0.0183755044169	6.03685519072	-0.607571674208	-0.628953235177	2.30358988556	0	0	0	2.30358988556
24.8185819634	0.0185138004396	6.03667133365	-0.599551333091	-0.620850005225	2.31731758424	0	0	0	2.31731758424
25.1327412287	0.0186521664094	6.0364898743	-0.591608991983	-0.612822157635	2.33113040161	0	0	0	2.33113040161
25.4469004941	0.0187911769287	6.03631520611	-0.583722920326	-0.604848006652	2.34500662728	0	0	0	2.34500662728
25.7610597594	0.0189314038987	6.03615212154	-0.575865858041	-0.596900091025	2.35891878211	0	0	0	2.35891878211
26.0752190248	0.0190733889359	6.03600569414	-0.568004753132	-0.588944860418	2.37283330528	0	0	0	2.37283330528
26.3893782902	0.0192175975264	6.03588096826	-0.560101981134	-0.580943872894	2.3867117517	0	0	0	2.3867117517
26.7035375555	0.0193643328806	6.03578231486	-0.552118433679	-0.572856885535	2.40051388173	0	0	0	2.40051388173
27.0176968209	0.0195137003261	6.03571310189	-0.544015609383	-0.564643982361	2.4141997871	0	0	0	2.4141997871
27.3318560862	0.0196655787793	6.0356753317	-0.535758678703	-0.556268725522	2.42773303936	0	0	0	2.42773303936
27.6460153516	0.0198195856144	6.03566919886	-0.52732015023	-0.547701933422	2.4410844644	0	0	0	2.4410844644
27.960174617	0.0199751190896	6.0356932012	-0.51868113874	-0.538923071604	2.4542335295	0	0	0	2.4542335295
28.2743338823	0.0201314138074	6.03574434475	-0.509832285079	-0.529921298855	2.46716938569	0	0	0	2.46716938569
28.5884931477	0.0202875835112	6.03581832116	-0.500774159527	-0.520695965548	2.47989136291	0	0	0	2.47989136291
28.902652413	0.020442716559	6.03591013289	-0.491515121543	-0.511254526442	2.49240688041	0	0	0	2.49240688041
29.2168116784	0.0205959449462	6.03601457216	-0.482069473776	-0.501610718601	2.50472962339	0	0	0	2.50472962339
29.5309709437	0.0207464698794	6.03612645821	-0.472455917652	-0.491782998443	2.51687797951	0	0	0	2.51687797951
29.8451302091	0.0208936167492	6.036241113	-0.462694799179	-0.48179174255	2.52887224014	0	0	0	2.52887224014
30.1592894745	0.0210368467341	6.03635452335	-0.452806734233	-0.471657826362	2.5407331799	0	0	0	2.5407331799
30.4734487398	0.0211757335018	6.03646327219	-0.44281191654	-0.461401874258	2.55248130805	0	0	0	2.55248130805
30.7876080052	0.0213099781364	6.03656472328	-0.432728632289	-0.451042718069	2.56413532835	0	0	0	2.56413532835
31.1017672705	0.0214393853835	6.03665690342	-0.42257327264	-0.440597373274	2.57571211676	0	0	0	2.57571211676
31.4159265359	0.0215638276816	6.03673830251	-0.41236053226	-0.430081200553	2.58722688426	0	0	0	2.58722688426
31.7300858013	0.0216832560451	6.03680798061	-0.402102717985	-0.419507184076	2.59869245636	0	0	0	2.59869245636
32.0442450666	0.021797669397	6.03686536386	-0.391810433492	-0.408886605893	2.61011994862	0	0	0	2.61011994862
32.358404332	0.0219070884622	6.03691008165	-0.381492928782	-0.398229380092	2.6215191016	0	0	0	2.6215191016
32.6725635973	0.0220115747454	6.03694209875	-0.371157662885	-0.387543605629	2.6328978345	0	0	0	2.6328978345
32.9867228627	0.0221112009695	6.03696150707	-0.360811084727	-0.376836349612	2.64426302915	0	0	0	2.64426302915
33.3008821281	0.0222060378457	6.0369684414	-0.350458795522	-0.366113803027	2.65562068615	0	0	0	2.65562068615
33.6150413934	0.0222961775128	6.03696322958	-0.340105210434	-0.355380942061	2.66697558672	0	0	0	2.66697558672
33.9292006588	0.0223817039849	6.03694618425	-0.329754315787	-0.344642292895	2.6783320579	0	0	0	2.6783320579
34.2433599241	0.0224626924516	6.0369176028	-0.319409556414	-0.333901813026	2.6896938541	0	0	0	2.6896938541
34.5575191895	0.0225392298784	6.0368778944	-0.3090736388	-0.323162698332	2.70106396451	0	0	0	2.70106396451
34.8716784548	0.0226113840865	6.03682736719	-0.298749222131	-0.312428082562	2.71244531284	0	0	0	2.71244531284
35.1858377202	0.0226792164929	6.03676631692	-0.288438567807	-0.301700680234	2.72384040035	0	0	0	2.72384040035
35.4999969856	0.0227427957846	6.03669510778	-0.278143492339	-0.290982744956	2.73525126445	0	0	0	2.73525126445
35.8141562509	0.0228021646423	6.0366139505	-0.267865960919	-0.280276669344	2.74668007872	0	0	0	2.74668007872
36.1283155163	0.0228573646181	6.03652306755	-0.257607613281	-0.26958450526	2.75812867331	0	0	0	2.75812867331
36.4424747816	0.022908440113	6.03642270978	-0.247369913967	-0.258908122301	2.76959869361	0	0	0	2.76959869361
36.756634047	0.0229554065926	6.03631295176	-0.237154552725	-0.248249609883	2.78109200244	0	0	0	2.78109200244
37.0707933124	0.0229982833921	6.03619390392	-0.226962967891	-0.23761079721	2.7926102001	0	0	0	2.7926102001
37.3849525777	0.0230370869378	6.03606566057	-0.216796659206	-0.226993576449	2.80415494773	0	0	0	2.80415494773
37.6991118431	0.0230718058539	6.0359281448	-0.206657355995	-0.216400067913	2.81572813255	0	0	0	2.81572813255
38.0132711084	0.0231024359328	6.03578133067	-0.196546634405	-0.205832236693	2.8273314846	0	0	0	2.8273314846
38.3274303738	0.0231289610183	6.0356251137	-0.186466381981	-0.195292370191	2.83896705443	0	0	0	2.83896705443
38.6415896392	0.0231513424372	6.03545924835	-0.176418775427	-0.18478305202	2.85063718702	0	0	0	2.85063718702
38.9557489045	0.0231695532188	6.03528356236	-0.166406036476	-0.174306920538	2.86234428046	0	0	0	2.86234428046
39.2699081699	0.0231835484371	6.03509776545	-0.156430889893	-0.163867136991	2.87409125424	0	0	0	2.87409125424
39.5840674352	0.0231932723471	6.03490149969	-0.146496331883	-0.153467146853	2.88588131073	0	0	0	2.88588131073
39.8982267006	0.0231986842607	6.03469449965	-0.136605556892	-0.143110611326	2.89771786687	0	0	0	2.89771786687
40.212385966	0.0231997210724	6.03447635626	-0.126762360999	-0.132801817714	2.90960496473	0	0	0	2.90960496473
40.5265452313	0.0231963212234	6.03424667028	-0.116970877025	-0.122545409758	2.92154700203	0	0	0	2.92154700203
40.8407044967	0.023188441506	6.03400515326	-0.107235754363	-0.112346578993	2.93354892385	0	0	0	2.93354892385
41.154863762	0.0231760227663	6.03375141624	-0.097562348348	-0.102211253429	2.94561641154	0	0	0	2.94561641154
41.4690230274	0.0231590280223	6.03348521111	-0.0879563684934	-0.0921457369959	2.9577555226	0	0	0	2.9577555226
41.7831822927	0.0231374436035	6.03320643624	-0.0784240673686	-0.082156904352	2.96997288596	0	0	0	2.96997288596
42.0973415581	0.0231112508081	6.03291496408	-0.0689722292369	-0.0722521814663	2.98227568303	0	0	0	2.98227568303
42.4115008235	0.0230804704296	6.03261091769	-0.0596080385577	-0.062439412875	2.99467151546	0	0	0	2.99467151546
42.7256600888	0.0230451502398	6.0322945915	-0.0503393949926	-0.0527271851998	3.00716872937	0	0	0	3.00716872937
43.0398193542	0.0230053589212	6.0319664168	-0.0411747292406	-0.043124629824	3.01977621866	0	0	0	3.01977621866
43.3539786195	0.022961234457	6.03162726138	-0.0321228564062	-0.0336412693479	3.03250327232	0	0	0	3.03250327232
43.6681378849	0.0229129578565	6.03127826742	-0.0231929148695	-0.0242869445094	3.0453595023	0	0	0	3.0453595023
43.9822971503	0.0228607640359	6.03092091942	-0.0143938628076	-0.0150712823309	3.05835431264	0	0	0	3.05835431264
44.2964564156	0.0228049760607	6.03055725262	-0.0057344105747	-0.00600362025535	3.07149682468	0	0	0	3.07149682468
44.610615681	0.0227459664547	6.03018961105	0.00277717536756	0.00290720701285	3.08479566492	0	0	0	3.08479566492
44.9247749463	0.0226841857198	6.02982081929	0.0111335932638	0.0116534172361	3.09825841645	0	0	0	3.09825841645
45.2389342117	0.0226201770315	6.02945426723	0.0193287477369	0.0202285397236	3.11189136084	0	0	0	3.11189136084
45.5530934771	0.0225545270384	6.02909359896	0.0273585231101	0.0286282275795	3.12569866693	0	0	0	3.12569866693
45.8672527424	0.0224878885484	6.02874284316	0.0352214835567	0.0368509923291	3.13968165692	0	0	0	3.13968165692
46.1814120078	0.0224209497933	6.02840621432	0.0429192442941	0.0448985906005	3.15383842012	0	0	0	-3.12934688706
46.4955712731	0.0223543684031	6.02808769571	0.0504570697002	0.0527766405311	3.16816319654	0	0	0	-3.11502211064
46.8097305385	0.0222887794629	6.02779108309	0.0578438208513	0.0604945599021	3.1826464382	0	0	0	-3.10053886898
47.1238898038	0.0222247331621	6.02751959771	0.065091786824	0.0680653741248	3.19727500015	0	0	0	-3.08591030703
47.4380490692	0.0221626438338	6.027275571	0.0722166097691	0.0755056189604	3.21203223616	0	0	0	-3.07115307102
47.7522083346	0.022102800351	6.02706051592	0.0792363980886	0.0828344011664	3.22689893611	0	0	0	-3.05628637106
48.0663675999	0.022045304021	6.02687475452	0.0861709455766	0.0900725593473	3.24185416284	0	0	0	-3.04133114434
48.3805268653	0.0219900667236	6.02671742015	0.0930407412144	0.0972416139305	3.25687629959	0	0	0	-3.02630900759
48.6946861306	0.0219368484821	6.02658671186	0.099865325509	0.104362044015	3.27194477074	0	0	0	-3.01124053644
49.008845396	0.0218852344195	6.02647977113	0.106662300181	0.111452238082	3.28704108886	0	0	0	-2.99614421832
49.3230046614	0.0218346988661	6.02639309587	0.11344623252	0.118527354375	3.30214999251	0	0	0	-2.98103531466
49.6371639267	0.0217846635276	6.02632291798	0.120227642267	0.125598272188	3.3172604938	0	0	0	-2.96592481338
49.9513231921	0.0217345002027	6.02626522672	0.127012997309	0.132671587401	3.33236588222	0	0	0	-2.95081942496
50.2654824574	0.0216836178788	6.02621631365	0.133804330665	0.139749236481	3.34746410074	0	0	0	-2.93572120644
50.5796417228	0.021631499428	6.02617300164	0.140599284194	0.146828558844	3.36255768414	0	0	0	-2.92062762304
50.8938009882	0.0215777067643	6.02613266681	0.147391889649	0.153903122432	3.37765293459	0	0	0	-2.90553237259
51.2079602535	0.021521960804	6.02609372636	0.154172703916	0.160962899541	3.39275974751	0	0	0	-2.89042555967
51.5221195189	0.0214641447833	6.02605564101	0.160929773116	0.167995288618	3.40789059181	0	0	0	-2.87529471537
51.8362787842	0.0214043077066	6.02601890592	0.167650039649	0.17498659774	3.42305902863	0	0	0	-2.86012627855
52.1504380496	0.0213427172009	6.02598535068	0.174320166861	0.181922937445	3.43827882094	0	0	0	-2.84490648624
52.464597315	0.0212798157526	6.02595782491	0.180928491129	0.188792255876	3.4535619007	0	0	0	-2.82962340648
52.7787565803	0.0212161996067	6.02594002009	0.187466890572	0.195586289499	3.46891641998	0	0	0	-2.8142688872
53.0929158457	0.0211526067939	6.02593635864	0.19393207216	0.202301906624	3.48434540898	0	0	0	-2.7988398982
53.407075111	0.0210898029854	6.02595124545	0.200327654685	0.208943234586	3.49984464925	0	0	0	-2.78334065793
53.7212343764	0.0210285159558	6.02598864566	0.206664995198	0.215522486733	3.51540184622	0	0	0	-2.76778346096
54.0353936417	0.0209693638081	6.02605165474	0.212962950908	0.222059671683	3.5309969182	0	0	0	-2.75218838898
54.3495529071	0.0209127269717	6.02614173603	0.219247544332	0.228582171503	3.54660241547	0	0	0	-2.73658289171
54.6637121725	0.0208587280815	6.02625866748	0.225549535812	0.235122182376	3.56218607602	0	0	0	-2.72099923116
54.9778714378	0.0208072209904	6.02640055871	0.231901565685	0.241713713188	3.5777138232	0	0	0	-2.70547148398
55.2920307032	0.0207577773597	6.02656384121	0.238335817096	0.248390127153	3.59315222048	0	0	0	-2.6900330867
55.6061899685	0.0207097881486	6.02674397497	0.244880786278	0.255180813339	3.60847179707	0	0	0	-2.67471351011
55.9203492339	0.0206625280581	6.02693589096	0.25155952897	0.262109385481	3.62364884731	0	0	0	-2.65953645987
56.2345084993	0.0206152047728	6.02713430432	0.258389183355	0.269193207027	3.63866590474	0	0	0	-2.64451940244
56.5486677646	0.0205670700398	6.02733440735	0.265380144306	0.276442591123	3.65351254233	0	0	0	-2.62967276485
56.86282703	0.0205174410516	6.02753197183	0.272536986042	0.283861779045	3.668184395	0	0	0	-2.61500091218
57.1769862953	0.020465713527	6.02772338931	0.279859722	0.291450265917	3.68268183519	0	0	0	-2.60050347199
57.4911455607	0.02041141513	6.02790598014	0.287344138834	0.299203188018	3.69700958721	0	0	0	-2.58617571997
57.8053048261	0.0203541673944	6.02807771254	0.294983480876	0.307113063887	3.71117498782	0	0	0	-2.57201031936
58.1194640914	0.0202936758317	6.02823711022	0.302769454542	0.315170841566	3.72518694046	0	0	0	-2.55799836672
58.4336233568	0.020229752188	6.02838338312	0.310692256778	0.323365950608	3.73905586469	0	0	0	-2.54412944249
58.7477826221	0.0201622582445	6.02851604735	0.31874192264	0.331687675989	3.75279232349	0	0	0	-2.53039298369
59.0619418875	0.0200911053339	6.02863491438	0.32690851704	0.340125361943	3.76640682039	0	0	0	-2.51677848679
59.3761011529	0.0200162689987	6.02874018712	0.335181839812	0.348668120676	3.77991009169	0	0	0	-2.50327521549
59.6902604182	0.0199377358218	6.02883210581	0.343552510154	0.35730592746	3.79331201198	0	0	0	-2.4898732952
60.0044196836	0.0198555187095	6.02891104904	0.352011626515	0.366029279536	3.80662193587	0	0	0	-2.47656337131
60.3185789489	0.019769665839	6.02897759637	0.360550466392	0.374828893741	3.81984900082	0	0	0	-2.46333630636
60.6327382143	0.0196802131801	6.02903221291	0.369161433817	0.383696657277	3.83300117671	0	0	0	-2.45018413047
60.9468974796	0.0195872118707	6.02907543673	0.377837332674	0.392624893429	3.84608600044	0	0	0	-2.43709930674
61.261056745	0.0194907304737	6.02910789851	0.386571182203	0.401606173546	3.85911076422	0	0	0	-2.42407454296
61.5752160104	0.0193908155697	6.02913005781	0.39535706193	0.410634162923	3.87208166985	0	0	0	-2.41110363733
61.8893752757	0.0192875270757	6.02914244491	0.404189190512	0.419702692537	3.88500475713	0	0	0	-2.39818055005
62.2035345411	0.0191809331403	6.02914562723	0.413061998902	0.428805832038	3.89788583111	0	0	0	-2.38529947607
62.5176938064	0.0190710772705	6.029139986	0.42197092558	0.437938685891	3.91072966597	0	0	0	-2.37245564121
62.8318530718	0.0189580164588	6.02912598089	0.430911345044	0.447096314222	3.92354108431	0	0	0	-2.35964422287
63.1460123372	0.0188418086912	6.02910406741	0.439878814249	0.456273978367	3.93632471169	0	0	0	-2.34686059549
63.4601716025	0.0187224871239	6.02907452062	0.448869731717	0.465467799333	3.94908431823	0	0	0	-2.33410098895
63.7743308679	0.0186001003387	6.02903771802	0.457880131765	0.47467354496	3.96182403152	0	0	0	-2.32136127566
64.0884901332	0.0184746950656	6.02899401948	0.466906157944	0.48388710529	3.97454786134	0	0	0	-2.30863744584
64.4026493986	0.01834629719	6.02894363229	0.47594466645	0.493105097743	3.98725909455	0	0	0	-2.29592621263
64.716808664	0.0182149508576	6.0288868874	0.484992003635	0.502323639744	3.99996152252	0	0	0	-2.28322378466
65.0309679293	0.0180806958974	6.0288240815	0.494044666797	0.511539011309	4.01265877866	0	0	0	-2.27052652852
65.3451271947	0.0179435539689	6.02875537807	0.503099761099	0.520748112173	4.02535388132	0	0	0	-2.25783142586
65.65928646	0.0178035662788	6.02868107958	0.512153691997	0.529947148993	4.03805054664	0	0	0	-2.24513476054
65.9734457254	0.0176607686719	6.02860144867	0.521202992475	0.539132465663	4.0507523584	0	0	0	-2.23243294878
66.2876049907	0.0175151831474	6.02851664281	0.530244698749	0.548300921046	4.06346239024	0	0	0	-2.21972291694
66.6017642561	0.017366853443	6.02842697134	0.539275076252	0.557448612439	4.07618448235	0	0	0	-2.20700082483
66.9159235215	0.0172158173485	6.02833269186	0.548290649574	0.566571909649	4.08892220747	0	0	0	-2.19426309971
67.2300827868	0.017062100315	6.0282339616	0.557288481568	0.575667734318	4.10167859157	0	0	0	-2.18150671561
67.5442420522	0.0169057483731	6.02813108227	0.566264836095	0.584732218659	4.11445745517	0	0	0	-2.16872785201
67.8584013175	0.0167467994158	6.02802428736	0.575216302934	0.593761833304	4.12726228558	0	0	0	-2.1559230216
68.1725605829	0.0165852790743	6.02791370988	0.584140002328	0.602753591539	4.1400960326	0	0	0	-2.14308927458
68.4867198483	0.0164212324594	6.02779962099	0.593032216509	0.611703677838	4.15296248007	0	0	0	-2.13022282711
68.8008791136	0.0162546954275	6.02768221122	0.601889652263	0.620608714214	4.16586497951	0	0	0	-2.11732032767
69.115038379	0.0160856900799	6.02756155586	0.610709666467	0.629465984743	4.17880622556	0	0	0	-2.10437908162
69.4291976443	0.0159142545567	6.02743784905	0.619488771543	0.638271935214	4.1917897563	0	0	0	-2.09139555088
69.7433569097	0.015740415017	6.02731119068	0.62822390345	0.647023442661	4.20481868372	0	0	0	-2.07836662346
70.0575161751	0.0155641813183	6.02718155551	0.636912613107	0.655718004425	4.21789550452	0	0	0	-2.06528980266
70.3716754404	0.015385577037	6.02704903344	0.645551439083	0.664352105236	4.23102373307	0	0	0	-2.05216157411
70.6858347058	0.0152046142503	6.02691363006	0.654137215616	0.672922528535	4.24420659	0	0	0	-2.03897871718
70.9999939711	0.0150212884418	6.02677522566	0.662667381916	0.681426665156	4.25744669347	0	0	0	-2.02573861371
71.3141532365	0.0148356077406	6.02663381537	0.671138234261	0.689860759466	4.27074781299	0	0	0	-2.01243749419
71.6283125019	0.014647569743	6.02648932384	0.679546197271	0.69822118315	4.28411359561	0	0	0	-1.99907171157
71.9424717672	0.0144571543885	6.02634154768	0.68788826077	0.706504871496	4.29754712958	0	0	0	-1.9856381776
72.2566310326	0.0142643532607	6.02619040161	0.696160062384	0.714707400007	4.31105286769	0	0	0	-1.97213243949
72.5707902979	0.0140691497686	6.02603575211	0.704357133929	0.722824234975	4.32463537674	0	0	0	-1.95854993044
72.8849495633	0.0138715093598	6.0258773331	0.712475600353	0.730851433657	4.33829863728	0	0	0	-1.9448866699
73.1991088286	0.0136714071421	6.02571498427	0.720510183423	0.738783641716	4.35204804615	0	0	0	-1.93113726103
73.513268094	0.0134688102035	6.02554850467	0.72845530548	0.746615198754	4.36588931097	0	0	0	-1.91729599621
73.8274273594	0.013263663794	6.02537754093	0.736305972952	0.754341020319	4.37982756805	0	0	0	-1.90335773913
74.1415866247	0.0130559179017	6.02520183012	0.744055519486	0.761954331848	4.39386964842	0	0	0	-1.88931565876
74.4557458901	0.0128455146628	6.02502109732	0.75169633842	0.76944740126	4.40802334529	0	0	0	-1.87516196189
74.7699051554	0.0126323726845	6.02483492655	0.759220929508	0.776812584389	4.42229636856	0	0	0	-1.86088893862
75.0840644208	0.0124164134898	6.02464300819	0.766619390132	0.784039807263	4.43669886259	0	0	0	-1.84648644459
75.3982236862	0.0121975558322	6.02444509656	0.773879529762	0.791116679863	4.4512432926	0	0	0	-1.83194201458
75.7123829515	0.0119756992406	6.02424087266	0.780987931039	0.79802955639	4.4659433845	0	0	0	-1.81724192268
76.0265422169	0.0117507522449	6.02403020908	0.78792695678	0.804760535158	4.48081712522	0	0	0	-1.80236818196
76.3407014822	0.0115226381885	6.023813218	0.794673821139	0.811286532697	4.49588768906	0	0	0	-1.78729761812
76.6548607476	0.0112912839802	6.02359013048	0.801201472645	0.817580175669	4.5111825462	0	0	0	-1.77200276098
76.969020013	0.0110566537065	6.02336157553	0.80747518623	0.823606399144	4.52673686508	0	0	0	-1.7564484421
77.2831792783	0.0108187703892	6.0231287222	0.813450490308	0.829320392153	4.54259556774	0	0	0	-1.74058973944
77.5973385437	0.0105777132719	6.02289316558	0.819074033267	0.834668493976	4.55881243455	0	0	0	-1.72437287263
77.911497809	0.0103336566665	6.02265717235	0.824280401272	0.839585043487	4.57545325599	0	0	0	-1.70773205119
78.2256570744	0.0100869061526	6.0224238529	0.828989784256	0.843990091777	4.59259812145	0	0	0	-1.69058718573
78.5398163397	0.00983789938366	6.02219695172	0.83311060514	0.847792094192	4.61033872845	0	0	0	-1.67284657873
78.8539756051	0.0095872321505	6.02198085556	0.836539896757	0.850888348956	4.62877794529	0	0	0	-1.65440736189
79.1681348705	0.00933567817231	6.02178054212	0.839164663772	0.853166418418	4.64802839062	0	0	0	-1.63515691656
79.4822941358	0.00908415119896	6.02160101743	0.840870510742	0.854512808193	4.6682037546	0	0	0	-1.61498155258
79.7964534012	0.00883366512271	6.02144685747	0.841549377135	0.854820714788	4.68941105054	0	0	0	-1.59377425664
80.1106126665	0.00858528931528	6.02132187436	0.841105474801	0.853995928122	4.71174471072	0	0	0	-1.57144059646
80.4247719319	0.00834005133586	6.0212284543	0.839465894463	0.851967363198	4.73527605197	0	0	0	-1.54790925521
80.7389311973	0.00809884890879	6.02116716457	0.836587136321	0.848693470937	4.76004686114	0	0	0	-1.52313844604
81.0530904626	0.00786240522914	6.02113688548	0.832452882194	0.844159862561	4.78607176677	0	0	0	-1.49711354041
81.367249728	0.0076312193896	6.02113487063	0.827072271291	0.838377452157	4.81334009257	0	0	0	-1.46984521461
81.6814089933	0.00740554743394	6.02115699414	0.820475026067	0.831377479597	4.84182083114	0	0	0	-1.44136447604
81.9955682587	0.00718544867918	6.02119846173	0.812698383867	0.823198373334	4.8714757787	0	0	0	-1.41170952848
82.3097275241	0.00697082871853	6.02125427971	0.803777874765	0.813876513673	4.90226877049	0	0	0	-1.38091653669
82.6238867894	0.00676147421079	6.0213194843	0.793742571013	0.803441509951	4.93417040313	0	0	0	-1.34901490405
82.9380460548	0.00655712394139	6.02138961602	0.782605898216	0.791907053781	4.9671671817	0	0	0	-1.31601812548
83.2522053201	0.00635752024762	6.02146094026	0.770360929155	0.779266270841	5.00126616888	0	0	0	-1.2819191383
83.5663645855	0.00616241941809	6.02153028257	0.756983142937	0.765494544906	5.03649216207	0	0	0	-1.24669314511
83.8805238509	0.00597162535502	6.02159511631	0.742428317876	0.750547458036	5.0728897544	0	0	0	-1.21029555278
84.1946831162	0.00578501851435	6.02165362871	0.726630609551	0.734358906379	5.1105252202	0	0	0	-1.17266008698
84.5088423816	0.00560254005373	6.02170442086	0.709508155737	0.716846742386	5.14948087383	0	0	0	-1.13370443335
84.8230016469	0.00542419641116	6.02174643703	0.690964217997	0.697913937043	5.18985390837	0	0	0	-1.09333139881
85.1371609123	0.00525008267486	6.0217790701	0.670884735992	0.677446144362	5.23175883194	0	0	0	-1.05142647524
85.4513201776	0.005080363535	6.02180192111	0.649143477213	0.655316865052	5.27532230464	0	0	0	-1.00786300254
85.765479443	0.00491526256593	6.02181466081	0.625605556803	0.631390972831	5.32067961274	0	0	0	-0.962505694439
86.0796387084	0.00475508747784	6.02181719145	0.600124934322	0.605522207312	5.36797717613	0	0	0	-0.915208131051
86.3937979737	0.00460021963065	6.02180952115	0.572548808325	0.577557569738	5.41736815292	0	0	0	-0.865817154256
86.7079572391	0.00445109336472	6.0217915792	0.542724351852	0.547344060581	5.46900570204	0	0	0	-0.814179605137
87.0221165044	0.00430822117631	6.02176339066	0.510498791484	0.514728751771	5.5230429111	0	0	0	-0.760142396076
87.3362757698	0.00417219557205	6.02172507218	0.475724838118	0.479564213944	5.57962736934	0	0	0	-0.703557937835
87.6504350352	0.00404365889918	6.02167661384	0.438272476067	0.441720308923	5.63888937519	0	0	0	-0.644295931992
87.9645943005	0.0039233174572	6.02161800636	0.398035002322	0.401090223184	5.7009359028	0	0	0	-0.582249404375
88.2787535659	0.00381194997112	6.02154933875	0.354937606586	0.357599040559	5.76584202948	0	0	0	-0.517343277699
88.5929128312	0.00371036614671	6.02147058249	0.308953751386	0.311220124713	5.83363455316	0	0	0	-0.449550754023
88.9070720966	0.00361939824616	6.02138164209	0.260116769192	0.261986712802	5.90428039873	0	0	0	-0.378904908445
89.221231362	0.00353990884464	6.02128253595	0.208529396853	0.21000144136	5.97767709226	0	0	0	-0.305508214922
89.5353906273	0.00347273944088	6.02117322531	0.15437770737	0.155450280164	6.05363882708	0	0	0	-0.229546480102
89.8495498927	0.00341867215571	6.0210535676	0.0979383282589	0.0986097512552	6.13188924483	0	0	0	-0.151296062351
90.163709158	0.00337843191845	6.02092353653	0.0395768846159	0.0398453631441	6.21206300129	0	0	0	-0.0711223058934
90.4778684234	0.00335263899336	6.02078313166	-0.0202566649617	-0.0203930536075	0.0105251237103	0	0	0	0.0105251237103
90.7920276888	0.0033417573853	6.02063225128	-0.0810421429911	-0.0815854583192	0.0931263515628	0	0	0	0.0931263515628
91.1061869541	0.0033461074287	6.02047091268	-0.142212464759	-0.143164919143	0.176114612473	0	0	0	0.176114612473
91.4203462195	0.00336585507262	6.02029927301	-0.203179868808	-0.204543844905	0.258902483052	0	0	0	0.258902483052
91.7345054848	0.00340097954447	6.02011745565	-0.263365668335	-0.265143729646	0.340911626427	0	0	0	0.340911626427
92.0486647502	0.00345130945905	6.0199257228	-0.322227797527	-0.324422700742	0.421600340631	0	0	0	0.421600340631
92.3628240155	0.00351655981533	6.01972460197	-0.37928181323	-0.381896521739	0.500484561802	0	0	0	0.500484561802
92.6769832809	0.00359632593964	6.01951470936	-0.434118187151	-0.437155874675	0.57715514691	0	0	0	0.57715514691
92.9911425463	0.00369012531682	6.01929684898	-0.486409362535	-0.489873411574	0.651284925672	0	0	0	0.651284925672
93.3053018116	0.00379745493971	6.01907222754	-0.535906308713	-0.539800305711	0.722625252412	0	0	0	0.722625252412
93.619461077	0.00391778980909	6.01884231902	-0.582434866924	-0.586762581052	0.791002336127	0	0	0	0.791002336127
93.9336203423	0.00405059732708	6.01860886146	-0.625886751229	-0.6306520953	0.856308224186	0	0	0	0.856308224186
94.2477796077	0.00419537930501	6.01837409243	-0.666203571674	-0.671410549821	0.918484812996	0	0	0	0.918484812996
94.5619388731	0.00435165954365	6.01814065511	-0.703367375267	-0.709020007581	0.977514366728	0	0	0	0.977514366728
94.8760981384	0.00451896225143	6.01791145846	-0.737393401254	-0.74349561999	1.03341224483	0	0	0	1.03341224483
95.1902574038	0.00469682855526	6.0176898392	-0.768317531447	-0.77487305599	1.08621433174	0	0	0	1.08621433174
95.5044166691	0.00488479783509	6.0174794718	-0.796191173678	-0.803203361772	1.13597189715	0	0	0	1.13597189715
95.8185759345	0.00508236305792	6.01728405285	-0.821082637037	-0.82855430807	1.18275294347	0	0	0	1.18275294347
96.1327351999	0.00528896895217	6.01710728657	-0.843072713135	-0.851005957208	1.22663777276	0	0	0	1.22663777276
96.4468944652	0.00550400296012	6.01695275785	-0.862254025767	-0.870650012346	1.26771833555	0	0	0	1.26771833555
96.7610537306	0.00572675615674	6.01682348554	-0.878737555826	-0.88759634707	1.30610475935	0	0	0	1.30610475935
97.0752129959	0.00595642659206	6.0167217675	-0.89265234427	-0.901972733305	1.34192507507	0	0	0	1.34192507507
97.3893722613	0.00619214202209	6.01664913583	-0.904143181721	-0.91392257833	1.37532295212	0	0	0	1.37532295212
97.7035315266	0.00643295303938	6.01660602009	-0.913374124225	-0.923608492507	1.4064612638	0	0	0	1.4064612638
98.017690792	0.00667785385021	6.01659166219	-0.920526258463	-0.931210114997	1.43551991044	0	0	0	1.43551991044
98.3318500574	0.00692583471175	6.01660434316	-0.925789987421	-0.936916470828	1.4626881739	0	0	0	1.4626881739
98.6460093227	0.00717590114236	6.01664136257	-0.929362827176	-0.940923827837	1.48816257205	0	0	0	1.48816257205
98.9601685881	0.00742709428678	6.01669911637	-0.93144552082	-0.943431856082	1.51214301608	0	0	0	1.51214301608
99.2743278534	0.00767854245865	6.01677354179	-0.932232675358	-0.944634304432	1.53482348531	0	0	0	1.53482348531
99.5884871188	0.0079294792628	6.01686031303	-0.931909148787	-0.9447154083	1.55638843391	0	0	0	1.55638843391
99.9026463842	0.00817923900169	6.01695490307	-0.93064897608	-0.943848812036	1.57701171254	0	0	0	1.57701171254
100.21680565	0.00842728323765	6.01705297781	-0.928609535614	-0.942191726594	1.59685072593	0	0	0	1.59685072593
100.530964915	0.00867320684892	6.01715059051	-0.925929999336	-0.939883364707	1.61604486836	0	0	0	1.61604486836
100.84512418	0.00891671180045	6.01724409193	-0.922734092601	-0.937047670586	1.63471825401	0	0	0	1.63471825401
101.159283446	0.00915761444397	6.01733035298	-0.919128160648	-0.933791359611	1.6529777575	0	0	0	1.6529777575
101.473442711	0.00939585199575	6.01740693638	-0.915200585048	-0.930203314108	1.67091241088	0	0	0	1.67091241088
101.787601976	0.00963145239379	6.01747192837	-0.911025682164	-0.926358450524	1.68859727201	0	0	0	1.68859727201
102.101761242	0.00986453230477	6.01752404179	-0.906663419509	-0.92231740562	1.70609311214	0	0	0	1.70609311214
102.415920507	0.0100953106761	6.01756282669	-0.90215805039	-0.91812515018	1.72344503119	0	0	0	1.72344503119
102.730079772	0.010324082215	6.01758852181	-0.897541126112	-0.91381396827	1.74068543858	0	0	0	1.74068543858
103.044239038	0.0105512070725	6.0176020897	-0.892831589509	-0.90940351148	1.75783410915	0	0	0	1.75783410915
103.358398303	0.01077712544	6.01760546633	-0.888033429859	-0.904898420813	1.77489580687	0	0	0	1.77489580687
103.672557568	0.0110023284087	6.01760143272	-0.883137680442	-0.900290276545	1.79186223654	0	0	0	1.79186223654
103.986716834	0.01122732692	6.01759351925	-0.87812338866	-0.895558507469	1.80871295476	0	0	0	1.80871295476
104.300876099	0.0114526474073	6.01758613897	-0.872956080977	-0.890668801987	1.82541378269	0	0	0	1.82541378269
104.615035365	0.0116787836531	6.0175843016	-0.867590978363	-0.885576268165	1.84191996747	0	0	0	1.84191996747
104.92919463	0.0119061343429	6.01759318745	-0.861977340861	-0.880229725374	1.85818047453	0	0	0	1.85818047453
105.243353895	0.0121349781978	6.0176179651	-0.856060525834	-0.874573742206	1.87414002558	0	0	0	1.87414002558
105.557513161	0.0123654261918	6.01766327507	-0.849788005622	-0.868554667783	1.88974512898	0	0	0	1.88974512898
105.871672426	0.0125973692471	6.01773258941	-0.843116462969	-0.862127768912	1.904951215	0	0	0	1.904951215
106.185831691	0.0128304897467	6.01782802103	-0.836014668856	-0.855260196843	1.91972559968	0	0	0	1.91972559968
106.499990957	0.013064279345	6.01795009508	-0.828467059728	-0.847934686128	1.93405118031	0	0	0	1.93405118031
106.814150222	0.0132980553663	6.01809753428	-0.820476639965	-0.840152578277	1.9479294552	0	0	0	1.9479294552
107.128309487	0.0135310388737	6.01826763352	-0.812062127111	-0.831931085728	1.96137778413	0	0	0	1.96137778413
107.442468753	0.0137624281194	6.0184566651	-0.803254765776	-0.823300202994	1.97442629642	0	0	0	1.97442629642
107.756628018	0.013991434513	6.01866011246	-0.794095944048	-0.814300369687	1.98711555178	0	0	0	1.98711555178
108.070787283	0.0142173484479	6.0188732687	-0.784631394579	-0.804976684203	1.9994907527	0	0	0	1.9994907527
108.384946549	0.0144395817564	6.0190916838	-0.774906916386	-0.795374612655	2.011597453	0	0	0	2.011597453
108.699105814	0.0146576548059	6.01931121339	-0.764967121324	-0.785538689389	2.02348025867	0	0	0	2.02348025867
109.01326508	0.0148712109189	6.01952830928	-0.754852329178	-0.77550935954	2.03517967124	0	0	0	2.03517967124
109.327424345	0.0150800199251	6.01974017406	-0.744597059494	-0.765321425759	2.04673053558	0	0	0	2.04673053558
109.64158361	0.0152839349199	6.01994452783	-0.734231409491	-0.75500537541	2.05816336839	0	0	0	2.05816336839
109.955742876	0.0154828873916	6.02013966853	-0.723780309969	-0.744586595696	2.06950357444	0	0	0	2.06950357444
110.269902141	0.0156768857994	6.02032450587	-0.713263402037	-0.734085226353	2.08077130049	0	0	0	2.08077130049
110.584061406	0.0158659716884	6.02049825313	-0.702697181472	-0.723518277767	2.09198355436	0	0	0	2.09198355436
110.898220672	0.0160502177185	6.02066044638	-0.692094820846	-0.712899434928	2.10315400975	0	0	0	2.10315400975
111.212379937	0.0162297338167	6.02081098817	-0.681466160209	-0.702239044308	2.11429299387	0	0	0	2.11429299387
111.526539202	0.0164046297712	6.02094985788	-0.67081970191	-0.691546100096	2.12540947427	0	0	0	2.12540947427
111.840698468	0.0165750208785	6.0210771614	-0.660162321869	-0.680827951061	2.13651076616	0	0	0	2.13651076616
112.154857733	0.0167410416275	6.02119321709	-0.649499015672	-0.670090051832	2.14760228412	0	0	0	2.14760228412
112.469016999	0.0169028125899	6.02129829827	-0.63883453243	-0.659337593756	2.1586891733	0	0	0	2.1586891733
112.783176264	0.0170604505786	6.02139271476	-0.628172860909	-0.648574989155	2.16977579392	0	0	0	2.16977579392
113.097335529	0.0172140842269	6.02147691244	-0.617516869285	-0.637805517557	2.1808653678	0	0	0	2.1808653678
113.411494795	0.0173638218851	6.02155122995	-0.606869703424	-0.627032722117	2.19196137494	0	0	0	2.19196137494
113.72565406	0.0175097662158	6.02161600847	-0.596234156994	-0.616259780301	2.20306692435	0	0	0	2.20306692435
114.039813325	0.0176520304596	6.02167169505	-0.585612311968	-0.60548915163	2.21418440204	0	0	0	2.21418440204
114.353972591	0.0177907061069	6.02171860564	-0.575006766411	-0.594723803054	2.22531669647	0	0	0	2.22531669647
114.668131856	0.0179258797856	6.02175705366	-0.564419898057	-0.583966471484	2.23646646124	0	0	0	2.23646646124
114.982291121	0.0180576477736	6.02178744343	-0.553853541322	-0.573219346217	2.24763579766	0	0	0	2.24763579766
115.296450387	0.0181860829818	6.02181003573	-0.543310075529	-0.562485153533	2.25882733945	0	0	0	2.25882733945
115.610609652	0.0183112549809	6.02182509373	-0.532791683364	-0.551766415619	2.27004351179	0	0	0	2.27004351179
115.924768917	0.0184332412583	6.02183294977	-0.522300207583	-0.54106531386	2.2812863947	0	0	0	2.2812863947
116.238928183	0.0185520945508	6.02183377826	-0.511838114656	-0.530384649013	2.29255868337	0	0	0	2.29255868337
116.553087448	0.0186678673553	6.02182777007	-0.501407685617	-0.519727032994	2.30386287997	0	0	0	2.30386287997
116.867246714	0.0187806192765	6.02181517382	-0.491010974783	-0.509094852752	2.31520125768	0	0	0	2.31520125768
117.181405979	0.0188903849729	6.02179607911	-0.480650623524	-0.498491079371	2.3265766699	0	0	0	2.3265766699
117.495565244	0.0189972017644	6.02177060793	-0.470329062097	-0.487918471726	2.33799175395	0	0	0	2.33799175395
117.80972451	0.0191011121798	6.02173892203	-0.460048626437	-0.477379698704	2.34944905346	0	0	0	2.34944905346
118.123883775	0.0192021352197	6.02170103222	-0.449812202189	-0.466877978788	2.36095165806	0	0	0	2.36095165806
118.43804304	0.0193002976467	6.02165701071	-0.439622428729	-0.456416286534	2.37250240991	0	0	0	2.37250240991
118.752202306	0.0193956302497	6.02160695901	-0.429481927742	-0.445997584562	2.38410413591	0	0	0	2.38410413591
119.066361571	0.0194881428285	6.02155084777	-0.419393732684	-0.435625246517	2.39576007078	0	0	0	2.39576007078
119.380520836	0.01957785754	6.02148874083	-0.409360505947	-0.425302275713	2.40747307577	0	0	0	2.40747307577
119.694680102	0.0196647970629	6.0214207115	-0.399384898694	-0.415031666447	2.41924600028	0	0	0	2.41924600028
120.008839367	0.0197489644875	6.02134671526	-0.389469846718	-0.404816694467	2.43108197235	0	0	0	2.43108197235
120.322998632	0.0198303780993	6.02126681685	-0.379617902118	-0.394660252494	2.44298373441	0	0	0	2.44298373441
120.637157898	0.0199090520586	6.02118105996	-0.36983168505	-0.38456530204	2.45495409524	0	0	0	2.45495409524
120.951317163	0.0199849841849	6.02108939411	-0.360113955986	-0.374534939546	2.46699599625	0	0	0	2.46699599625
121.265476429	0.0200581889654	6.02099188726	-0.350467060018	-0.364571844467	2.47911195974	0	0	0	2.47911195974
121.579635694	0.0201286694135	6.0208885408	-0.340893463401	-0.354678814346	2.49130462413	0	0	0	2.49130462413
121.893794959	0.0201964141146	6.02077927475	-0.331395688592	-0.344858696214	2.50357667547	0	0	0	2.50357667547
122.207954225	0.0202614267525	6.02066411221	-0.32197595862	-0.335114037673	2.51593049865	0	0	0	2.51593049865
122.52211349	0.0203236926268	6.02054296258	-0.312636752345	-0.325447640355	2.52836873101	0	0	0	2.52836873101
122.836272755	0.0203831871094	6.02041567787	-0.303380607272	-0.315862361877	2.54089406434	0	0	0	2.54089406434
123.150432021	0.0204398982712	6.02028219123	-0.294209937697	-0.30636094113	2.55350907032	0	0	0	2.55350907032
123.464591286	0.0204937897528	6.02014228075	-0.285127534683	-0.296946494748	2.56621669708	0	0	0	2.56621669708
123.778750551	0.0205448212403	6.0199957006	-0.276136254385	-0.287622206837	2.57901995897	0	0	0	2.57901995897
124.092909817	0.0205929610781	6.01984225354	-0.267239058966	-0.27839137856	2.59192198629	0	0	0	2.59192198629
124.407069082	0.0206381522603	6.01968157563	-0.258439441097	-0.269257850616	2.60492644786	0	0	0	2.60492644786
124.721228348	0.0206803431988	6.01951333024	-0.249741071072	-0.260225654165	2.618037202	0	0	0	2.618037202
125.035387613	0.0207194891605	6.0193372113	-0.241147964476	-0.251299185292	2.63125847119	0	0	0	2.63125847119
125.349546878	0.0207555249358	6.01915277471	-0.232664693642	-0.24248341112	2.64459504832	0	0	0	2.64459504832
125.663706144	0.0207884024464	6.0189596743	-0.22429600895	-0.233783494594	2.65805192162	0	0	0	2.65805192162
125.977865409	0.0208180788079	6.01875758254	-0.216047120906	-0.225205080955	2.67163456145	0	0	0	2.67163456145
126.292024674	0.02084450006	6.01854609103	-0.207923794905	-0.216754388612	2.68534901133	0	0	0	2.68534901133
126.60618394	0.0208676412486	6.01832495881	-0.199932068401	-0.208437931773	2.69920161087	0	0	0	2.69920161087
126.920343205	0.0208874849156	6.01809397568	-0.192078551052	-0.20026282159	2.71319929735	0	0	0	2.71319929735
127.23450247	0.0209040211348	6.01785296584	-0.184370303238	-0.192236638526	2.72734947834	0	0	0	2.72734947834
127.548661736	0.0209172859833	6.01760202551	-0.176814601271	-0.184367200748	2.74165980074	0	0	0	2.74165980074
127.862821001	0.0209273348811	6.01734135619	-0.169419181883	-0.176662805272	2.75613839236	0	0	0	2.75613839236
128.176980266	0.0209342620091	6.01707138955	-0.162191895565	-0.169131871281	2.77079350598	0	0	0	2.77079350598
128.491139532	0.0209382353954	6.01679300383	-0.155140482006	-0.161782714059	2.78563329407	0	0	0	2.78563329407
128.805298797	0.0209394735277	6.01650738341	-0.148272455834	-0.15462341287	2.80066567763	0	0	0	2.80066567763
129.119458063	0.0209382842277	6.0162162684	-0.141594333036	-0.147661012408	2.81589754873	0	0	0	2.81589754873
129.433617328	0.0209350878235	6.01592210475	-0.135111008767	-0.140900874721	2.83133412378	0	0	0	2.83133412378
129.747776593	0.0209303926775	6.01562790691	-0.128824970119	-0.134345844983	2.84697811067	0	0	0	2.84697811067
130.061935859	0.0209248314177	6.01533749817	-0.122734942752	-0.12799484537	2.86282830413	0	0	0	2.86282830413
130.376095124	0.0209191454713	6.01505542954	-0.116834864522	-0.12184179513	2.87887850717	0	0	0	2.87887850717
130.690254389	0.0209141296972	6.01478665814	-0.111112663432	-0.115874319192	2.89511624081	0	0	0	2.89511624081
131.004413655	0.0209106221537	6.01453649815	-0.105549166751	-0.110072607844	2.91152160431	0	0	0	2.91152160431
131.31857292	0.020909411526	6.01431005596	-0.100117956285	-0.104409245974	2.9280671042	0	0	0	2.9280671042
131.632732185	0.0209111406427	6.01411163494	-0.0947857719021	-0.0988496186463	2.94471805858	0	0	0	2.94471805858
131.946891451	0.0209162586706	6.01394442485	-0.0895139439183	-0.0933534036344	2.96143408726	0	0	0	2.96143408726
132.261050716	0.0209249179089	6.01380983825	-0.0842610743938	-0.0878773581578	2.97817189509	0	0	0	2.97817189509
132.575209981	0.02093694819	6.01370732015	-0.0789859195119	-0.0823783343349	2.99488828322	0	0	0	2.99488828322
132.889369247	0.0209518976191	6.01363456127	-0.0736505446248	-0.076816591403	3.01154345702	0	0	0	3.01154345702
133.203528512	0.0209690426083	6.01358753044	-0.0682229725057	-0.0711585739681	3.02810380032	0	0	0	3.02810380032
133.517687778	0.0209874980611	6.01356113381	-0.0626786359553	-0.0653784582482	3.04454341842	0	0	0	3.04454341842
133.831847043	0.0210063203165	6.01354984048	-0.0570009233178	-0.0594587460154	3.06084473006	0	0	0	3.06084473006
134.146006308	0.0210245512343	6.01354795856	-0.0511806811156	-0.0533897585773	3.07699796042	0	0	0	3.07699796042
134.460165574	0.0210413233316	6.0135502922	-0.045215003003	-0.0471683893719	3.09299989384	0	0	0	3.09299989384
134.774324839	0.0210558890199	6.01355233453	-0.0391059174009	-0.040796736209	3.10885250694	0	0	0	3.10885250694
135.088484104	0.0210676094727	6.01355021346	-0.0328588913109	-0.0342805355412	3.12456140417	0	0	0	3.12456140417
135.40264337	0.0210760025572	6.01354099715	-0.0264815781877	-0.0276278541817	3.14013451108	0	0	0	3.14013451108
135.716802635	0.0210806996813	6.01352243762	-0.019982841471	-0.0208480596515	3.15558104623	0	0	0	-3.12760426095
136.0309619	0.0210814227281	6.01349283528	-0.0133719094911	-0.0139509306093	3.17091063308	0	0	0	-3.1122746741
136.345121166	0.0210780037379	6.01345116303	-0.00665798340867	-0.00694624175015	3.18613288617	0	0	0	-3.09705242101
136.659280431	0.0210703189333	6.01339666312	0.000150098454862	0.000156594571119	3.20125705391	0	0	0	-3.08192825327
136.973439697	0.0210582901122	6.01332885649	0.00704402917274	0.00734870820425	3.21629183927	0	0	0	-3.06689346791
137.287598962	0.0210418943265	6.01324760252	0.0140159203876	0.0146216574485	3.23124551485	0	0	0	-3.05193979233
137.601758227	0.0210211028595	6.01315272434	0.0210584154861	0.0219675496003	3.24612580235	0	0	0	-3.03705950483
137.915917493	0.0209959133526	6.0130442062	0.028164546773	0.0293788940087	3.26094002019	0	0	0	-3.02224528699
138.230076758	0.0209663400448	6.01292213417	0.0353275559969	0.0368484168858	3.27569526907	0	0	0	-3.00749003811
138.544236023	0.0209323690908	6.01278642145	0.0425410151396	0.0443691853063	3.29039830825	0	0	0	-2.99278699893
138.858395289	0.020894008858	6.0126371188	0.0497984685016	0.0519342377787	3.30505592514	0	0	0	-2.97812938203
139.172554554	0.0208512613414	6.01247424033	0.0570933059666	0.0595364511717	3.31967506874	0	0	0	-2.96351023844
139.486713819	0.0208041023049	6.01229764186	0.0644188332434	0.0671686116718	3.33426277874	0	0	0	-2.94892252844
139.800873085	0.0207525359403	6.01210735946	0.0717678819572	0.0748230154341	3.34882658522	0	0	0	-2.93435872196
140.11503235	0.0206965477514	6.01190332088	0.0791329049524	0.082491563443	3.36337441401	0	0	0	-2.91981089317
140.429191615	0.0206361131029	6.01168539862	0.0865059790085	0.0901657656456	3.3779145828	0	0	0	-2.90527072438
140.743350881	0.0205712422179	6.01145369018	0.0938784017854	0.0978363303132	3.39245621216	0	0	0	-2.89072909502
141.057510146	0.020501926676	6.01120818884	0.101240943815	0.105493419547	3.40700897039	0	0	0	-2.87617633679
141.371669412	0.0204281732298	6.01094899296	0.108583671296	0.113126472528	3.42158325068	0	0	0	-2.8616020565
141.685828677	0.0203500317216	6.01067648082	0.115895626803	0.120723882748	3.43619049446	0	0	0	-2.84699481272
141.999987942	0.0202675467492	6.01039100993	0.123165266057	0.128273445789	3.45084274415	0	0	0	-2.83234256303
142.314147208	0.0201808121963	6.01009325256	0.130380197021	0.135762104072	3.46555289909	0	0	0	-2.81763240809
142.628306473	0.0200899755611	6.00978422264	0.13752707917	0.143175849078	3.48033481415	0	0	0	-2.80285049303
142.942465738	0.0199952026884	6.00946505112	0.144592157923	0.150500272969	3.49520274885	0	0	0	-2.78798255833
143.256625004	0.0198967408163	6.00913737239	0.15156092128	0.157720234215	3.51017170268	0	0	0	-2.7730136045
143.570784269	0.0197949020643	6.00880321552	0.15841841674	0.164820189319	3.52525708437	0	0	0	-2.75792822281
143.884943534	0.0196900480947	6.00846489566	0.165149904821	0.171784872634	3.54047403305	0	0	0	-2.74271127413
144.1991028	0.0195826485385	6.00812536723	0.171740659661	0.178599113259	3.55583760243	0	0	0	-2.72734770475
144.513262065	0.01947324053	6.00778795718	0.178176858314	0.185248750964	3.57136184591	0	0	0	-2.71182346127
144.82742133	0.0193624248634	6.00745632089	0.184446383889	0.191721471237	3.5870589824	0	0	0	-2.69612632477
145.141580596	0.0192509002672	6.0071346415	0.190538983785	0.198006983222	3.60293921924	0	0	0	-2.68024608794
145.455739861	0.0191394013158	6.00682722422	0.196447603774	0.204098380713	3.61900939171	0	0	0	-2.66417591547
145.769899127	0.0190286964159	6.00653846623	0.202169139792	0.209992916524	3.63527218887	0	0	0	-2.64791311831
146.084058392	0.0189195847444	6.0062728325	0.207704726838	0.215692294299	3.65172586167	0	0	0	-2.63145944551
146.398217657	0.0188128127582	6.006034327	0.213061080466	0.221204016156	3.66836287463	0	0	0	-2.61482243255
146.712376923	0.0187090704339	6.0058264751	0.218250516743	0.226541388526	3.68516989888	0	0	0	-2.5980154083
147.026536188	0.0186089598496	6.00565214847	0.223290727573	0.231723262291	3.70212807038	0	0	0	-2.5810572368
147.340695453	0.0185129213394	6.00551312433	0.228205091655	0.236774308015	3.71921271266	0	0	0	-2.56397259452
147.654854719	0.0184212475125	6.00541021052	0.233021352186	0.241723637379	3.73639471288	0	0	0	-2.5467905943
147.969013984	0.0183340561158	6.00534311999	0.237770471903	0.246603592431	3.75364173001	0	0	0	-2.52954357717
148.283173249	0.0182512557303	6.00531029279	0.242485813113	0.251448869188	3.7709190685	0	0	0	-2.51226623868
148.597332515	0.0181726008433	6.00530928568	0.247200863556	0.256294180277	3.78819201308	0	0	0	-2.4949932941
148.91149178	0.0180976879282	6.00533678446	0.251947898823	0.261172862918	3.80542721854	0	0	0	-2.47775808864
149.225651046	0.0180259681505	6.00538870131	0.256757086382	0.266115953852	3.82259363289	0	0	0	-2.46059167429
149.539810311	0.0179568244339	6.00546067725	0.261654675024	0.271150352872	3.83966433253	0	0	0	-2.44352097465
149.853969576	0.0178895668536	6.00554806008	0.266662669576	0.276298484386	3.85661685976	0	0	0	-2.42656844742
150.168128842	0.0178234713268	6.00564613775	0.271798514941	0.281577991897	3.87343352793	0	0	0	-2.40975177924
150.482288107	0.0177578395071	6.00575051279	0.277074251134	0.287000898961	3.89010226058	0	0	0	-2.3930830466
150.796447372	0.0176919817772	6.00585697757	0.282497278402	0.292574395498	3.90661580557	0	0	0	-2.37656950161
151.110606638	0.0176252503738	6.00596170146	0.288070573542	0.298301084023	3.92297148955	0	0	0	-2.36021381763
151.424765903	0.0175570714467	6.00606142347	0.293792532169	0.304178840459	3.93917135814	0	0	0	-2.34401394904
151.738925168	0.0174869107535	6.00615321785	0.299658079611	0.310201948781	3.95522104235	0	0	0	-2.32796426483
152.053084434	0.0174143035099	6.00623467029	0.30565864589	0.316361098468	3.97112976225	0	0	0	-2.31205554493
152.367243699	0.0173388687609	6.00630396444	0.311782112295	0.322643345528	3.98691036723	0	0	0	-2.29627493995
152.681402964	0.0172602678	6.00635960425	0.318013945646	0.329033266316	4.00257818345	0	0	0	-2.28060712373
152.99556223	0.0171782468162	6.0064006777	0.324336722187	0.335512499704	4.01815147292	0	0	0	-2.26503383426
153.309721495	0.0170926367104	6.00642685663	0.330730089577	0.342059717235	4.03365146477	0	0	0	-2.24953384241
153.623880761	0.0170033259848	6.00643821066	0.337171600825	0.34865147587	4.0491015039	0	0	0	-2.23408380328
153.938040026	0.0169103159955	6.00643555054	0.343635920057	0.355261444762	4.06452782571	0	0	0	-2.21865748147
154.252199291	0.0168137204783	6.0064204102	0.350095135899	0.361860741143	4.07995922192	0	0	0	-2.20322608526
154.566358557	0.0167137627115	6.00639498692	0.356519832744	0.368419046133	4.0954259265	0	0	0	-2.18775938068
154.880517822	0.0166108344348	6.00636248048	0.362878826416	0.374904386182	4.11095983616	0	0	0	-2.17222547102
155.194677087	0.016505485134	6.00632696123	0.369140879437	0.381284907938	4.12659273746	0	0	0	-2.15659256972
155.508836353	0.016398405826	6.0062931784	0.375277197259	0.387531449362	4.14235373738	0	0	0	-2.1408315698
155.822995618	0.0162904527946	6.00626663688	0.381262828849	0.393619005575	4.15826779898	0	0	0	-2.1249175082
156.137154883	0.0161825787832	6.00625306949	0.38708031359	0.399530434448	4.17435203659	0	0	0	-2.10883327059
156.451314149	0.0160757533386	6.00625786714	0.392723000294	0.405259803705	4.1906123685	0	0	0	-2.09257293867
156.765473414	0.0159709057255	6.00628571814	0.398196394153	0.410813714142	4.2070421925	0	0	0	-2.07614311468
157.07963268	0.0158687901826	6.00633979789	0.40352002628	0.416213092767	4.22362059005	0	0	0	-2.05956471713
157.393791945	0.0157699004327	6.00642134569	0.408726555312	0.421492168366	4.24031334707	0	0	0	-2.04287196011
157.70795121	0.0156744513439	6.0065297378	0.413857720941	0.426694262668	4.25707715853	0	0	0	-2.02610814865
158.022110476	0.015582337413	6.00666240269	0.418960902683	0.431868192265	4.27386322233	0	0	0	-2.00932208485
158.336269741	0.0154931771385	6.00681526988	0.424084100142	0.437063124075	4.29062238014	0	0	0	-1.99256292704
158.650429006	0.0154064095647	6.00698351863	0.429270454991	0.442323014096	4.30731067607	0	0	0	-1.97587463111
158.964588272	0.0153213456248	6.00716193845	0.434556135981	0.447684476485	4.32389148619	0	0	0	-1.95929382099
159.278747537	0.0152372583827	6.00734549247	0.43996846885	0.453174942962	4.34033735883	0	0	0	-1.94284794835
159.592906802	0.0151534660729	6.00752981013	0.445524817177	0.458811594114	4.35663108402	0	0	0	-1.92655422316
159.907066068	0.0150693375944	6.00771112939	0.451234571667	0.464603420512	4.37276363355	0	0	0	-1.91042167363
160.221225333	0.0149843271331	6.00788644408	0.457100054495	0.470552193489	4.38873319175	0	0	0	-1.89445211543
160.535384598	0.0148979988394	6.00805360414	0.463117254677	0.476653254536	4.40454436774	0	0	0	-1.87864093944
160.849543864	0.0148099888698	6.00821099299	0.469278581524	0.482898319491	4.42020539276	0	0	0	-1.86297991442
161.163703129	0.0147200142873	6.00835754533	0.475573554818	0.489276203292	4.4357273968	0	0	0	-1.84745791038
161.477862395	0.0146278747802	6.00849273874	0.481989181214	0.495773216005	4.45112401385	0	0	0	-1.83206129333
161.79202166	0.0145334071428	6.00861625935	0.48851205048	0.50237527763	4.46640926802	0	0	0	-1.81677603916
162.106180925	0.0144364953194	6.00872806036	0.495128202117	0.509067794392	4.48159769809	0	0	0	-1.80158760909
162.420340191	0.0143370714207	6.00882837627	0.501822881126	0.51583541347	4.49670460349	0	0	0	-1.78648070369
162.734499456	0.0142350779833	6.00891745346	0.508582113836	0.522663605227	4.51174446262	0	0	0	-1.77144084456
163.048658721	0.0141304826808	6.00899565274	0.515392118459	0.529538074375	4.52673152207	0	0	0	-1.75645378511
163.362817987	0.0140232812268	6.00906348269	0.522238846121	0.536444294694	4.54168026237	0	0	0	-1.74150504481
163.676977252	0.0139134649053	6.00912136608	0.529109406797	0.543368938555	4.5566039687	0	0	0	-1.72658133848
163.991136517	0.013801039146	6.00916977414	0.535991203192	0.550299008282	4.57151559974	0	0	0	-1.71166970744
164.305295783	0.0136860271079	6.00920926479	0.54287144131	0.557221339927	4.58642828419	0	0	0	-1.69675702299
164.619455048	0.0135684403391	6.00924027028	0.549738478139	0.564123952721	4.6013539714	0	0	0	-1.68183133578
164.933614313	0.0134482996606	6.00926325057	0.556580771998	0.570994995941	4.61630448464	0	0	0	-1.66688082254
165.247773579	0.013325639699	6.00927873469	0.563386426536	0.577822288277	4.6312919819	0	0	0	-1.65189332528
165.561932844	0.013200480527	6.00928711012	0.570144648055	0.584594777985	4.64632749581	0	0	0	-1.63685781137
165.87609211	0.0130728487549	6.00928877985	0.57684460964	0.59130140325	4.66142207331	0	0	0	-1.62176323387
166.190251375	0.0129427819848	6.0092842032	0.583474991775	0.597930628456	4.67658723949	0	0	0	-1.60659806769
166.50441064	0.0128103015499	6.00927369161	0.590025456888	0.604471920712	4.69183352111	0	0	0	-1.59135178607
166.818569906	0.0126754335644	6.00925756799	0.596485425189	0.610914521744	4.70717167467	0	0	0	-1.57601363251
167.132729171	0.0125382142424	6.00923621401	0.602843547621	0.617246916763	4.72261321767	0	0	0	-1.56057208951
167.446888436	0.0123986632814	6.00920986552	0.609089298529	0.623458430258	4.73816883277	0	0	0	-1.54501647441
167.761047702	0.0122568044772	6.0091787682	0.615211743715	0.629537991418	4.75384960239	0	0	0	-1.52933570479
168.075206967	0.0121126724728	6.00914323499	0.62119891554	0.635473505705	4.7696676372	0	0	0	-1.51351766998
168.389366232	0.011966286089	6.00910343889	0.627039502042	0.641253546908	4.78563438404	0	0	0	-1.49755092314
168.703525498	0.0118176673124	6.00905955976	0.632721578086	0.646866085027	4.80176189801	0	0	0	-1.48142340917
169.017684763	0.0116668496545	6.0090118543	0.638231833844	0.652297711397	4.81806361743	0	0	0	-1.46512168975
169.331844029	0.0115138529714	6.0089604541	0.643557345892	0.657535414169	4.83455258832	0	0	0	-1.44863271886
169.646003294	0.0113587013349	6.00890550199	0.648684357681	0.662565357245	4.8512426855	0	0	0	-1.43194262168
169.960162559	0.0112014324623	6.0088472285	0.653597423761	0.667372022184	4.86814947067	0	0	0	-1.41503583651
170.274321825	0.0110420723712	6.0087857445	0.658281332628	0.671940135984	4.88528826471	0	0	0	-1.39789704247
170.58848109	0.0108806507102	6.00872116031	0.662719940887	0.676253503253	4.90267531538	0	0	0	-1.3805099918
170.902640355	0.0107172119784	6.00865367785	0.666895084247	0.680293914187	4.92032888948	0	0	0	-1.3628564177
171.216799621	0.0105517903447	6.00858338329	0.670788566993	0.684043138268	4.93826727907	0	0	0	-1.34491802811
171.530958886	0.0103844218207	6.00851034124	0.674381165144	0.687481925928	4.95650979978	0	0	0	-1.3266755074
171.845118151	0.0102151575581	6.00843470213	0.677651323247	0.69058870265	4.97507809671	0	0	0	-1.30810721047
172.159277417	0.0100440393868	6.00835649869	0.680577191101	0.693341609537	4.99399410381	0	0	0	-1.28919120336
172.473436682	0.00987110755337	6.00827571028	0.68313577827	0.695717654362	5.01328089276	0	0	0	-1.26990441442
172.787595947	0.00969641605771	6.0081923907	0.685301262425	0.697691015253	5.03296436922	0	0	0	-1.25022093796
173.101755213	0.00952000881922	6.00810647079	0.68704698101	0.699235034665	5.05307127881	0	0	0	-1.23011402837
173.415914478	0.00934192443509	6.00801780031	0.688344697929	0.700321481944	5.07362994442	0	0	0	-1.20955536276
173.730073744	0.00916221474209	6.00792630136	0.68916243834	0.700918382969	5.09467243648	0	0	0	-1.1885128707
174.044233009	0.00898092367297	6.00783179151	0.68946623026	0.700991763242	5.11623282986	0	0	0	-1.16695247732
174.358392274	0.0087980879273	6.00773398798	0.689219701694	0.700505242407	5.13834760916	0	0	0	-1.14483769802
174.67255154	0.00861375885275	6.00763268538	0.688381355284	0.699417303446	5.16105839953	0	0	0	-1.12212690765
174.986710805	0.00842798471632	6.00752760507	0.686905865899	0.697682590542	5.18441066874	0	0	0	-1.09877463844
175.30087007	0.00824080807954	6.00741836917	0.684743808575	0.695251634546	5.20845400162	0	0	0	-1.07473130556
175.615029336	0.00805229071446	6.00730469446	0.68183834527	0.692067534951	5.23324541813	0	0	0	-1.04993988905
175.929188601	0.00786250172516	6.00718627518	0.678125984297	0.688066721978	5.25884861127	0	0	0	-1.02433669591
176.243347866	0.00767151143602	6.00706271626	0.673536596679	0.683178972828	5.28533393082	0	0	0	-0.997851376361
176.557507132	0.00747941854577	6.00693373449	0.667989428876	0.677323419097	5.31278237602	0	0	0	-0.970402931156
176.871666397	0.00728634428523	6.006799082	0.661392810813	0.670408255068	5.34128588738	0	0	0	-0.941899419798
177.185825662	0.00709242423886	6.00665845105	0.65364399312	0.662330573799	5.37094751065	0	0	0	-0.912237796525
177.499984928	0.00689784101956	6.00651169379	0.644624129598	0.652971344739	5.40188641944	0	0	0	-0.881298887744
177.814144193	0.00670283235158	6.00635882425	0.634196268397	0.642193406185	5.43423992298	0	0	0	-0.848945384196
178.128303459	0.00650768804709	6.00619992118	0.62220478204	0.62984089849	5.46816403334	0	0	0	-0.815021273835
178.442462724	0.00631279436994	6.00603537694	0.608469471756	0.615733369613	5.50383936028	0	0	0	-0.779345946899
178.756621989	0.00611866684556	6.00586600867	0.592782275587	0.599662495415	5.54147439168	0	0	0	-0.741710915504
179.070781255	0.00592596380073	6.00569299105	0.574907670916	0.581392501759	5.58130507225	0	0	0	-0.701880234926
179.38494052	0.00573554897828	6.00551811295	0.554579883687	0.560657401032	5.6235975681	0	0	0	-0.659587739079
179.699099785	0.00554855236268	6.00534396572	0.53150438529	0.537162530532	5.66864672957	0	0	0	-0.614538577614
180.013259051	0.00536639081717	6.0051738099	0.505369677344	0.51059639608	5.71676424902	0	0	0	-0.566421058162
180.327418316	0.00519081589844	6.00501165471	0.475862612745	0.480646058839	5.76826327536	0	0	0	-0.514922031816
180.641577581	0.00502394259867	6.00486225977	0.442693995828	0.447022806778	5.82343274379	0	0	0	-0.459752563386
180.955736847	0.00486818601983	6.00473065928	0.405640751609	0.409504386721	5.8824951444	0	0	0	-0.400690162778
181.269896112	0.00472616845496	6.00462174642	0.364594198666	0.367983315527	5.94555821085	0	0	0	-0.337627096328
181.584055378	0.00460058582112	6.00453990856	0.319608606841	0.322515431339	6.01256636799	0	0	0	-0.270618939185
181.898214643	0.0044939691146	6.00448830582	0.270945640741	0.273364282541	6.08325634059	0	0	0	-0.199928966588
182.212373908	0.00440843879454	6.00446836916	0.219093206968	0.221019867393	6.15713841027	0	0	0	-0.126046896912
182.526533174	0.0043455256722	6.00447977835	0.164747373733	0.166180409936	6.23351463553	0	0	0	-0.0496706716528
182.840692439	0.00430601475736	6.00452040644	0.108761025302	0.109700860517	0.0283450398183	0	0	0	0.0283450398183
183.154851704	0.0042898915467	6.0045865263	0.0520645832375	0.0525134876754	0.107068244438	0	0	0	0.107068244438
183.46901097	0.00429644556173	6.00467350997	-0.00442352138203	-0.00446173729113	0.185579237854	0	0	0	0.185579237854
183.783170235	0.004324411294	6.0047763323	-0.0598727698194	-0.0603930964167	0.263046558657	0	0	0	0.263046558657
184.0973295	0.00437212351392	6.004889889	-0.113592777987	-0.114589336465	0.338779198747	0	0	0	0.338779198747
184.411488766	0.00443772430883	6.00500952468	-0.165056537011	-0.166522866224	0.412249800782	0	0	0	0.412249800782
184.725648031	0.00451931641927	6.00513128094	-0.213898047115	-0.21582733106	0.48309223337	0	0	0	0.48309223337
185.039807296	0.0046150377861	6.00525179153	-0.25989537975	-0.262280612043	0.55108459123	0	0	0	0.55108459123
185.353966562	0.00472314672014	6.00536839489	-0.302944378333	-0.305778470938	0.616122841328	0	0	0	0.616122841328
185.668125827	0.00484207157347	6.00547917785	-0.343030084544	-0.346305932489	0.678192206372	0	0	0	0.678192206372
185.982285093	0.00497038631818	6.0055826729	-0.38020364561	-0.383914155192	0.737344036628	0	0	0	0.737344036628
186.296444358	0.0051068170042	6.00567782549	-0.414561295106	-0.418699389249	0.793674768723	0	0	0	0.793674768723
186.610603623	0.00525025077545	6.0057640397	-0.446226391054	-0.450785000573	0.847307950391	0	0	0	0.847307950391
186.924762889	0.00539969191497	6.00584091357	-0.475339430926	-0.480311475207	0.898384245444	0	0	0	0.898384245444
187.238922154	0.00555424541747	6.00590816272	-0.502049661578	-0.507428025113	0.947053039909	0	0	0	0.947053039909
187.553081419	0.0057131301639	6.00596574713	-0.526506862796	-0.532284376411	0.993464230552	0	0	0	0.993464230552
187.867240685	0.00587564155381	6.00601366432	-0.548859438749	-0.555028861506	1.03776631718	0	0	0	1.03776631718
188.18139995	0.00604113416207	6.00605186588	-0.569252634076	-0.57580663918	1.08010462278	0	0	0	1.08010462278
188.495559215	0.00620904101393	6.00608042257	-0.587824449071	-0.594755619249	1.12061721815	0	0	0	1.12061721815
188.809718481	0.00637884897009	6.00609938501	-0.604706453277	-0.612007280834	1.15943574024	0	0	0	1.15943574024
189.123877746	0.00655007932312	6.00610867204	-0.620024711612	-0.627687601954	1.19668632154	0	0	0	1.19668632154
189.438037011	0.00672231187646	6.00610826176	-0.633896992479	-0.64191427749	1.23248680801	0	0	0	1.23248680801
189.752196277	0.0068951701247	6.00609809982	-0.646434286823	-0.654798245834	1.26694828565	0	0	0	1.26694828565
190.066355542	0.00706830072845	6.0060779704	-0.657742609067	-0.666445490434	1.30017688184	0	0	0	1.30017688184
190.380514808	0.00724140297373	6.00604772195	-0.667920306658	-0.67695435939	1.33227108496	0	0	0	1.33227108496
190.694674073	0.00741421823215	6.00600720477	-0.677059340046	-0.686416849111	1.36332302792	0	0	0	1.36332302792
191.008833338	0.00758650578255	6.0059561061	-0.685247797089	-0.694921118127	1.39342100199	0	0	0	1.39342100199
191.322992604	0.00775806913672	6.00589416886	-0.692567166706	-0.702548762772	1.42264673237	0	0	0	1.42264673237
191.637151869	0.00792875463057	6.00582119858	-0.699092716415	-0.709375196151	1.45107575728	0	0	0	1.45107575728
191.951311134	0.00809842292682	6.00573685259	-0.704896784304	-0.715472941175	1.47878072099	0	0	0	1.47878072099
192.2654704	0.00826697387088	6.00564084849	-0.710046312587	-0.72090916513	1.50582890848	0	0	0	1.50582890848
192.579629665	0.00843435314802	6.00553303318	-0.714602379498	-0.725745211668	1.53228177759	0	0	0	1.53228177759
192.89378893	0.00860051664251	6.00541312083	-0.718623850118	-0.730040247593	1.5581986059	0	0	0	1.5581986059
193.207948196	0.00876545385523	6.00528088859	-0.722165188117	-0.733849075613	1.58363430371	0	0	0	1.58363430371
193.522107461	0.00892920423467	6.00513631915	-0.725275097755	-0.737220776809	1.60863805677	0	0	0	1.60863805677
193.836266727	0.00909182053009	6.00497932764	-0.728000134541	-0.740202315975	1.63325693189	0	0	0	1.63325693189
194.150425992	0.00925338467193	6.00480989868	-0.730383273926	-0.742837109921	1.65753444555	0	0	0	1.65753444555
194.464585257	0.00941403342948	6.00462830493	-0.732461630842	-0.745162746506	1.68150828337	0	0	0	1.68150828337
194.778744523	0.00957392652367	6.00443488076	-0.734269218833	-0.747213733888	1.70521304985	0	0	0	1.70521304985
195.092903788	0.00973325471684	6.00423010634	-0.735836105774	-0.749020651669	1.72867942001	0	0	0	1.72867942001
195.407063053	0.00989226929658	6.00401486979	-0.737185605013	-0.750607336918	1.75193132612	0	0	0	1.75193132612
195.721222319	0.0100512524422	6.00379027195	-0.738336456472	-0.751993049967	1.77498812422	0	0	0	1.77498812422
196.035381584	0.0102105147249	6.00355764721	-0.739302537904	-0.753192172585	1.79786429299	0	0	0	1.79786429299
196.349540849	0.0103704296706	6.00331888869	-0.740089333937	-0.754210664627	1.8205658914	0	0	0	1.8205658914
196.663700115	0.0105314015464	6.00307626377	-0.740695689425	-0.755047790606	1.84309228619	0	0	0	1.84309228619
196.97785938	0.0106938472003	6.00283234232	-0.741114304649	-0.755696589216	1.86543662231	0	0	0	1.86543662231
197.292018645	0.0108582221716	6.00259027612	-0.741328754776	-0.756140872402	1.88758282295	0	0	0	1.88758282295
197.606177911	0.0110249822394	6.00235357958	-0.741315520373	-0.756357223126	1.90950758821	0	0	0	1.90950758821
197.920337176	0.0111945508172	6.00212595221	-0.741045542043	-0.756316519131	1.93118191945	0	0	0	1.93118191945
198.234496442	0.0113673241048	6.00191139099	-0.740483058541	-0.755982747784	1.95256993464	0	0	0	1.95256993464
198.548655707	0.0115436307756	6.00171389902	-0.7395888159	-0.755316200875	1.9736320632	0	0	0	1.9736320632
198.862814972	0.0117236844723	6.00153711883	-0.738323872391	-0.754277269937	1.99432884089	0	0	0	1.99432884089
199.176974238	0.0119075876743	6.00138432813	-0.736650251649	-0.752827111109	2.01462157381	0	0	0	2.01462157381
199.491133503	0.0120953063959	6.00125814287	-0.734534720051	-0.750931451946	2.03447614377	0	0	0	2.03447614377
199.805292768	0.0122866313048	6.00116009713	-0.731953346518	-0.748565185056	2.0538676	0	0	0	2.0538676
200.119452034	0.0124812093626	6.00109072277	-0.728891872926	-0.745712802713	2.07278059137	0	0	0	2.07278059137
200.433611299	0.0126785553132	6.00104943387	-0.72534796236	-0.742370721326	2.09121168828	0	0	0	2.09121168828
200.747770564	0.0128780550631	6.00103438682	-0.721332944048	-0.7385490902	2.10917118878	0	0	0	2.10917118878
201.06192983	0.0130790293178	6.00104283285	-0.716869200689	-0.73426924557	2.12668057011	0	0	0	2.12668057011
201.376089095	0.0132807724744	6.00107129401	-0.711989039692	-0.729562640438	2.14377141647	0	0	0	2.14377141647
201.69024836	0.0134825692448	6.00111564159	-0.706733696779	-0.724469877596	2.16048445047	0	0	0	2.16048445047
202.004407626	0.0136837607218	6.00117159106	-0.701149023928	-0.719036420802	2.17686524321	0	0	0	2.17686524321
202.318566891	0.0138837806339	6.00123499198	-0.695282911121	-0.713310023721	2.192961643	0	0	0	2.192961643
202.632726157	0.0140821577549	6.00130191553	-0.689183868396	-0.707339290781	2.20882233638	0	0	0	2.20882233638
202.946885422	0.0142785600005	6.00136909051	-0.682897002001	-0.701169622944	2.2244927948	0	0	0	2.2244927948
203.261044687	0.0144728049816	6.00143407301	-0.676462300192	-0.694841467907	2.24001352613	0	0	0	2.24001352613
203.575203953	0.0146648426186	6.00149522877	-0.66991405543	-0.688389690661	2.25541944693	0	0	0	2.25541944693
203.889363218	0.0148547822428	6.00155207556	-0.66327764359	-0.681840293548	2.27073660453	0	0	0	2.27073660453
204.203522483	0.0150428822324	6.00160531319	-0.656568851092	-0.675209687406	2.28598145046	0	0	0	2.28598145046
204.517681749	0.0152295119804	6.00165668534	-0.649793831505	-0.668504571271	2.30116072249	0	0	0	2.30116072249
204.831841014	0.0154151491239	6.00170911627	-0.642947138449	-0.661719886004	2.31626940052	0	0	0	2.31626940052
205.146000279	0.0156003350401	6.00176648488	-0.636012606511	-0.654839631242	2.33129152555	0	0	0	2.33129152555
205.460159545	0.0157856037588	6.00183321994	-0.628964971989	-0.647838413266	2.34620174909	0	0	0	2.34620174909
205.77431881	0.0159714457673	6.00191410269	-0.621770634651	-0.640682161361	2.36096605027	0	0	0	2.36096605027
206.088478076	0.0161582324	6.00201368185	-0.614391625339	-0.633332091714	2.37554569964	0	0	0	2.37554569964
206.402637341	0.016346134643	6.0021356049	-0.606790208374	-0.625749331883	2.38990188226	0	0	0	2.38990188226
206.716796606	0.0165351087866	6.0022823465	-0.598931967554	-0.617898083808	2.40399885838	0	0	0	2.40399885838
207.030955872	0.0167248723725	6.00245478436	-0.590790459889	-0.609750398401	2.41780873481	0	0	0	2.41780873481
207.345115137	0.0169149071928	6.00265199032	-0.582350266537	-0.601289350246	2.43131463588	0	0	0	2.43131463588
207.659274402	0.0171045388768	6.00287158672	-0.573606872576	-0.592509047488	2.44451070966	0	0	0	2.44451070966
207.973433668	0.0172929861931	6.00310992321	-0.564567189674	-0.583415266217	2.45740275914	0	0	0	2.45740275914
208.287592933	0.0174794222794	6.00336245169	-0.55524790297	-0.574023856453	2.47000664575	0	0	0	2.47000664575
208.601752198	0.017663073885	6.00362443393	-0.545671723581	-0.564357021438	2.48234456721	0	0	0	2.48234456721
208.915911464	0.0178432475187	6.00389117231	-0.535865740592	-0.55444166292	2.49444340232	0	0	0	2.49444340232
209.230070729	0.0180193539863	6.00415829878	-0.525858793373	-0.544306705387	2.5063320355	0	0	0	2.5063320355
209.544229994	0.0181909497757	6.00442216841	-0.51567868313	-0.533980259582	2.51803852119	0	0	0	2.51803852119
209.85838926	0.0183577047861	6.00467972121	-0.505352047812	-0.523489447379	2.52958990997	0	0	0	2.52958990997
210.172548525	0.0185193933327	6.00492852296	-0.494903173896	-0.512859153078	2.5410110012	0	0	0	2.5410110012
210.486707791	0.0186759039063	6.00516688779	-0.48435307931	-0.502111069546	2.55232339059	0	0	0	2.55232339059
210.800867056	0.0188271870168	6.00539355772	-0.473720589084	-0.491264741479	2.56354651483	0	0	0	2.56354651483
211.115026321	0.0189732497002	6.00560770884	-0.46302189897	-0.480337096609	2.57469718388	0	0	0	2.57469718388
211.429185587	0.0191141597143	6.00580898393	-0.452270564573	-0.46934242537	2.58578956179	0	0	0	2.58578956179
211.743344852	0.0192499970973	6.00599717156	-0.441478716893	-0.458293582864	2.59683636948	0	0	0	2.59683636948
212.057504117	0.0193808653273	6.00617229481	-0.430656601277	-0.447201515257	2.60784841189	0	0	0	2.60784841189
212.371663383	0.0195068941298	6.00633461502	-0.419812852909	-0.436075539874	2.61883485879	0	0	0	2.61883485879
212.685822648	0.0196281983867	6.00648435728	-0.408955463715	-0.424924306071	2.62980420611	0	0	0	2.62980420611
212.999981913	0.0197449042154	6.00662188372	-0.398091207235	-0.413755218975	2.64076370016	0	0	0	2.64076370016
213.314141179	0.0198571453019	6.00674765335	-0.387226042983	-0.402574851426	2.65171975001	0	0	0	2.65171975001
213.628300444	0.019965031348	6.00686201744	-0.376365680975	-0.391389502224	2.66267848602	0	0	0	2.66267848602
213.942459709	0.0200686831817	6.00696544643	-0.365514942359	-0.380204559726	2.67364512381	0	0	0	2.67364512381
214.256618975	0.0201682173043	6.00705841651	-0.354678305181	-0.36902505378	2.68462451648	0	0	0	2.68462451648
214.57077824	0.0202637262555	6.00714128709	-0.34386012124	-0.3578558662	2.6956213653	0	0	0	2.6956213653
214.884937506	0.0203553159134	6.00721453638	-0.333064078262	-0.346701198985	2.70663968819	0	0	0	2.70663968819
215.199096771	0.0204430788441	6.00727858215	-0.322293790222	-0.335565167099	2.7176834128	0	0	0	2.7176834128
215.513256036	0.0205270896941	6.00733375774	-0.31155270868	-0.324451703964	2.7287562821	0	0	0	2.7287562821
215.827415302	0.0206074378118	6.00738051345	-0.300843782846	-0.313364229204	2.73986152243	0	0	0	2.73986152243
216.141574567	0.0206841915501	6.00741918596	-0.290170022181	-0.302306209709	2.75100240475	0	0	0	2.75100240475
216.455733832	0.020757409787	6.00745007587	-0.279534196332	-0.291280855806	2.76218194097	0	0	0	2.76218194097
216.769893098	0.0208271629269	6.00747357288	-0.268938742599	-0.280291036831	2.77340279971	0	0	0	2.77340279971
217.084052363	0.0208934942245	6.0074899111	-0.258386228639	-0.269339740046	2.78466776546	0	0	0	2.78466776546
217.398211628	0.0209564464863	6.00749933867	-0.247878965626	-0.258429684112	2.79597935207	0	0	0	2.79597935207
217.712370894	0.0210160670952	6.00750214254	-0.237419129588	-0.247563447292	2.80733993125	0	0	0	2.80733993125
218.026530159	0.0210723745157	6.00749844	-0.227009042223	-0.236743743169	2.81875200834	0	0	0	2.81875200834
218.340689425	0.0211253954179	6.00748840982	-0.216650809478	-0.225973063585	2.83021786542	0	0	0	2.83021786542
218.65484869	0.021175151673	6.00747220562	-0.206346606493	-0.2152539686	2.84173985141	0	0	0	2.84173985141
218.969007955	0.0212216408581	6.00744983665	-0.196098757132	-0.204589161609	2.85332045727	0	0	0	2.85332045727
219.283167221	0.0212648757313	6.0074214113	-0.185909463949	-0.193981225435	2.86496205231	0	0	0	2.86496205231
219.597326486	0.0213048566703	6.00738696348	-0.175781111381	-0.183432926312	2.87666718829	0	0	0	2.87666718829
219.911485751	0.0213415712533	6.00734645238	-0.165716167977	-0.172947112808	2.88843849847	0	0	0	2.88843849847
220.225645017	0.0213750260684	6.00729995764	-0.15571703768	-0.16252657206	2.90027855408	0	0	0	2.90027855408
220.539804282	0.0214052089856	6.00724744616	-0.145786288476	-0.152174254385	2.91219008911	0	0	0	2.91219008911
220.853963547	0.0214321077026	6.007188888	-0.135926464373	-0.141893083992	2.92417581116	0	0	0	2.92417581116
221.168122813	0.0214557247194	6.00712434717	-0.126140075199	-0.131685951905	2.93623839463	0	0	0	2.93623839463
221.482282078	0.0214760396492	6.00705374946	-0.116429753079	-0.121555868122	2.94838063302	0	0	0	2.94838063302
221.796441343	0.0214930429228	6.00697709047	-0.106798053699	-0.111505763714	2.9606052412	0	0	0	2.9606052412
222.110600609	0.0215067301632	6.00689439958	-0.0972475452181	-0.101538580969	2.97291494583	0	0	0	2.97291494583
222.424759874	0.0215170744552	6.00680556952	-0.0877808614499	-0.0916573228742	2.98531253493	0	0	0	2.98531253493
222.73891914	0.0215240658644	6.00671059882	-0.0784005802307	-0.0818649345229	2.99780073949	0	0	0	2.99780073949
223.053078405	0.0215276860443	6.00660943449	-0.0691093646759	-0.0721644448194	3.01038237537	0	0	0	3.01038237537
223.36723767	0.0215278989524	6.006501915	-0.0599099459942	-0.0625589478165	3.02306032472	0	0	0	3.02306032472
223.681396936	0.021524686631	6.00638798884	-0.0508051358938	-0.053051620828	3.03583755427	0	0	0	3.03583755427
223.995556201	0.0215180101017	6.00626747401	-0.0417979296405	-0.0436458264514	3.04871721753	0	0	0	3.04871721753
224.309715466	0.0215078232563	6.00614014314	-0.032891482075	-0.0343450900774	3.06170263233	0	0	0	3.06170263233
224.623874732	0.0214940936749	6.00600585049	-0.0240892142454	-0.0251532124969	3.07479739367	0	0	0	3.07479739367
224.938033997	0.0214767614037	6.00586427903	-0.0153948695352	-0.0160743254027	3.08800542929	0	0	0	3.08800542929
225.252193262	0.0214557725947	6.00571514681	-0.00681257351662	-0.00711295633389	3.10133106478	0	0	0	3.10133106478
225.566352528	0.021431079782	6.00555820879	0.00165302445777	0.00172582468636	3.11477917038	0	0	0	3.11477917038
225.880511793	0.0214026131415	6.00539308096	0.0099967704136	0.0104364258662	3.12835514047	0	0	0	3.12835514047
226.194671058	0.0213703259035	6.00521951951	0.018212822014	0.0190125424218	3.14206508501	0	0	0	-3.14112022217
226.508830324	0.0213341747706	6.00503730127	0.0262946054048	0.0274471134368	3.15591587302	0	0	0	-3.12726943416
226.822989589	0.0212941132392	6.00484618316	0.0342347972383	0.0357323039772	3.16991515074	0	0	0	-3.11327015644
227.137148855	0.0212501372853	6.00464618318	0.0420251323774	0.0438593093766	3.18407153784	0	0	0	-3.09911376934
227.45130812	0.0212022555408	6.00443739721	0.0496564779971	0.0518184342562	3.19839454889	0	0	0	-3.08479075829
227.765467385	0.0211505111788	6.00422013228	0.057118871168	0.0595991367056	3.21289454981	0	0	0	-3.07029075737
228.079626651	0.0210950189943	6.0039951335	0.0644013754958	0.0671898877602	3.22758289924	0	0	0	-3.05560240794
228.393785916	0.0210359365866	6.00376340265	0.0714924884014	0.0745785986141	3.24247152215	0	0	0	-3.04071378503
228.707945181	0.0209735125554	6.00352648916	0.0783802731204	0.0817527701656	3.25757276145	0	0	0	-3.02561254573
229.022104447	0.0209081072671	6.00328660965	0.0850527476754	0.0886999091904	3.27289896304	0	0	0	-3.01028634414
229.336263712	0.0208401728491	6.00304651114	0.0914988427763	0.0954085303558	3.28846147518	0	0	0	-2.994723832
229.650422977	0.0207703083818	6.00280979512	0.0977090843868	0.10186888308	3.30426992309	0	0	0	-2.97891538409
229.964582243	0.0206992426568	6.00258079083	0.103676927762	0.108074343975	3.32033081797	0	0	0	-2.96285448921
230.278741508	0.020627801836	6.00236433132	0.109400479289	0.114023205793	3.33664576932	0	0	0	-2.94653953786
230.592900774	0.0205569202558	6.00216579882	0.114883776161	0.119720010757	3.35321015235	0	0	0	-2.92997515483
230.907060039	0.0204875443032	6.00199051386	0.120138574545	0.125177385245	3.37001127356	0	0	0	-2.91317403362
231.221219304	0.0204205551109	6.00184325264	0.125185388386	0.130417090695	3.38702731885	0	0	0	-2.89615798833
231.53537857	0.0203567086767	6.00172789357	0.130053221902	0.135469714199	3.40422766101	0	0	0	-2.87895764617
231.849537835	0.0202965011878	6.00164661908	0.134778871591	0.140373888454	3.42157363664	0	0	0	-2.86161167054
232.1636971	0.0202401309636	6.00159973482	0.139404436824	0.145173670291	3.43902116357	0	0	0	-2.84416414361
232.477856366	0.0201874895443	6.00158568003	0.143973969915	0.149915034752	3.45652424237	0	0	0	-2.82666106481
232.792015631	0.0201381421374	6.00160096544	0.148530494943	0.154642753353	3.47403807372	0	0	0	-2.80914723346
233.106174896	0.0200914318106	6.00164086715	0.153112574027	0.159396842414	3.49152260649	0	0	0	-2.79166270069
233.420334162	0.0200465581858	6.00169994025	0.157752191111	0.164210381421	3.50894471682	0	0	0	-2.77424059036
233.734493427	0.0200026370934	6.00177238989	0.162474041624	0.16910879219	3.52627892754	0	0	0	-2.75690637964
234.048652692	0.0199588257431	6.00185283362	0.167295070174	0.174109401495	3.54350784529	0	0	0	-2.73967746189
234.362811958	0.0199143511197	6.00193644895	0.172225533139	0.17922256194	3.56062104029	0	0	0	-2.72256426689
234.676971223	0.019868531338	6.00201907271	0.177270350822	0.18445307211	3.57761362736	0	0	0	-2.70557167982
234.991130489	0.0198208308039	6.00209751505	0.182429956937	0.189801087413	3.59448535654	0	0	0	-2.68869995064
235.305289754	0.0197708161744	6.00216925623	0.18770203251	0.195263915065	3.61123881973	0	0	0	-2.67194648745
235.619449019	0.0197181554092	6.00223241914	0.193082488204	0.200837041498	3.6278784247	0	0	0	-2.65530688248
235.933608285	0.019662631094	6.00228583834	0.198565956035	0.206514655351	3.64440987345	0	0	0	-2.63877543373
236.24776755	0.0196040747762	6.0023286371	0.204147015666	0.212290901291	3.66083890953	0	0	0	-2.62234639765
236.561926815	0.0195423835283	6.00236032857	0.209820119913	0.218159812753	3.67717138611	0	0	0	-2.60601392106
236.876086081	0.0194775138892	6.00238077574	0.215579743808	0.224115468232	3.69341311058	0	0	0	-2.5897721966
237.190245346	0.0194094282405	6.00238985074	0.22142116831	0.230152784481	3.70956905179	0	0	0	-2.57361625538
237.504404611	0.019338128056	6.0023876476	0.227339928687	0.236266959313	3.72564389774	0	0	0	-2.55754140944
237.818563877	0.01926363175	6.00237434512	0.233331997863	0.242453653721	3.74164187377	0	0	0	-2.54154343341
238.132723142	0.019185943237	6.00235000983	0.239394145402	0.248709349886	3.75756638479	0	0	0	-2.52561892239
238.446882407	0.0191050949652	6.00231487519	0.245523095629	0.255030497917	3.77342086867	0	0	0	-2.50976443851
238.761041673	0.0190211088153	6.00226909546	0.251716019682	0.261414008172	3.78920830412	0	0	0	-2.49397700306
239.075200938	0.0189339897246	6.00221270759	0.257970554163	0.267857266325	3.80493119565	0	0	0	-2.47825411153
239.389360204	0.0188437652314	6.00214588687	0.26428406644	0.274357391646	3.82059231533	0	0	0	-2.46259299185
239.703519469	0.0187504357417	6.00206863238	0.270654355997	0.280911938413	3.83619400154	0	0	0	-2.44699130564
240.017678734	0.0186539906705	6.0019808737	0.277079287242	0.28751852248	3.85173853227	0	0	0	-2.43144677491
240.331838	0.0185544351805	6.00188264745	0.283556181411	0.294174206137	3.86722874044	0	0	0	-2.41595656674
240.645997265	0.018451736812	6.00177375526	0.290082729448	0.300876413992	3.88266709797	0	0	0	-2.40051820921
240.96015653	0.0183458624706	6.00165400406	0.29665627755	0.307622212834	3.89805643596	0	0	0	-2.38512887122
241.274315796	0.0182367889255	6.0015232797	0.303273459964	0.314407938614	3.91340031777	0	0	0	-2.36978498941
241.588475061	0.0181244513061	6.00138121278	0.309931221426	0.321230224022	3.92870201154	0	0	0	-2.35448329564
241.902634326	0.0180087939252	6.00122750946	0.316625798581	0.3280849745	3.94396551415	0	0	0	-2.33921979303
242.216793592	0.0178897620447	6.0010619033	0.323352727924	0.334967372987	3.95919554669	0	0	0	-2.32398976049
242.530952857	0.0177672639426	6.00088391017	0.330107584308	0.341872619575	3.97439681482	0	0	0	-2.30878849236
242.845112123	0.0176412304699	6.00069321751	0.336884705452	0.348794651718	3.98957528873	0	0	0	-2.29361001845
243.159271388	0.0175115902022	6.00048952622	0.34367758936	0.355726541494	4.00473780618	0	0	0	-2.278447501
243.473430653	0.0173782441454	6.00027238095	0.350479560156	0.362661167246	4.01989140099	0	0	0	-2.26329390619
243.787589919	0.0172411248919	6.00004155907	0.357282389809	0.36958983216	4.03504468474	0	0	0	-2.24814062244
