0.314159265359	0.00182749431901	2.88451279572	-1.43924671718	-1.44287120416	1.50704855147	0	0	0	1.50704855147
0.628318530718	0.00365414884221	2.88599603489	-1.31197417101	-1.31904725428	1.44742784669	0	0	0	1.44742784669
0.942477796077	0.00547294427248	2.88830035606	-1.1920088847	-1.2022044741	1.39483822258	0	0	0	1.39483822258
1.25663706144	0.00726882040326	2.89122116783	-1.08112875728	-1.09401276377	1.35097031307	0	0	0	1.35097031307
1.57079632679	0.00902138101458	2.89454239022	-0.979777695805	-0.99485406759	1.31622272481	0	0	0	1.31622272481
1.88495559215	0.0107095876425	2.89806974754	-0.887450930313	-0.90420150388	1.29008098796	0	0	0	1.29008098796
2.19911485751	0.0123157356514	2.90164813208	-0.803129311817	-0.821042944676	1.27154138939	0	0	0	1.27154138939
2.51327412287	0.0138273468681	2.90516491655	-0.725620231745	-0.74421107014	1.25944150059	0	0	0	1.25944150059
2.82743338823	0.0152372009332	2.90854481885	-0.653763237317	-0.672580323477	1.25265766058	0	0	0	1.25265766058
3.14159265359	0.016542523003	2.91174203397	-0.586524009293	-0.605155148712	1.25019370135	0	0	0	1.25019370135
3.45575191895	0.0177437063617	2.91473187526	-0.523025447711	-0.541097535641	1.25120890866	0	0	0	1.25120890866
3.76991118431	0.0188433926471	2.91750459891	-0.462537994547	-0.479715570568	1.25500691114	0	0	0	1.25500691114
4.08407044967	0.0198455504071	2.92006016302	-0.404461469591	-0.420444345525	1.26101686167	0	0	0	1.26101686167
4.39822971503	0.0207551063321	2.92240528966	-0.348301510025	-0.36282226764	1.2687699708	0	0	0	1.2687699708
4.71238898039	0.0215775746183	2.92455111719	-0.293648451603	-0.306469873508	1.27787850545	0	0	0	1.27787850545
5.02654824574	0.0223187612267	2.926511361	-0.240162892312	-0.25107557621	1.28802169934	0	0	0	1.28802169934
5.3407075111	0.0229845640911	2.92830104953	-0.187563901507	-0.196384148221	1.29893436598	0	0	0	1.29893436598
5.65486677646	0.0235807855488	2.92993546015	-0.135622806779	-0.142190946674	1.31040124403	0	0	0	1.31040124403
5.96902604182	0.0241129360391	2.93142925865	-0.0841565747166	-0.0883356576621	1.32225084341	0	0	0	1.32225084341
6.28318530718	0.0245858366961	2.93279521874	-0.0330145790315	-0.0346890312893	1.33434226847	0	0	0	1.33434226847
6.59734457254	0.0250040257822	2.93404530928	0.017922474135	0.0188475654311	1.3465648535	0	0	0	1.3465648535
6.9115038379	0.0253713404843	2.93518943617	0.0687499752611	0.0723495144886	1.35883088278	0	0	0	1.35883088278
7.22566310326	0.0256911646263	2.9362361886	0.119547018973	0.125876506726	1.37106810607	0	0	0	1.37106810607
7.53982236862	0.025966355219	2.9371926011	0.170380855742	0.179476899836	1.38321546202	0	0	0	1.38321546202
7.85398163398	0.0261993407643	2.93806444203	0.221310261712	0.233191014469	1.39521985951	0	0	0	1.39521985951
8.16814089933	0.0263924358672	2.93885706826	0.272391136955	0.287056990474	1.40703040402	0	0	0	1.40703040402
8.48230016469	0.0265481604559	2.93957645161	0.323670549043	0.341104696573	1.41860457959	0	0	0	1.41860457959
8.79645943005	0.02666907407	2.9402286499	0.375189303558	0.395358451764	1.42990561722	0	0	0	1.42990561722
9.11061869541	0.0267578227631	2.94081995011	0.426981662135	0.449836838804	1.44090276373	0	0	0	1.44090276373
9.42477796077	0.0268170281366	2.94135652086	0.479076666862	0.504554086473	1.45156997691	0	0	0	1.45156997691
9.73893722613	0.0268493326693	2.941844645	0.531495247755	0.559517134725	1.46188893208	0	0	0	1.46188893208
10.0530964915	0.0268572573168	2.94229008633	0.584257146488	0.61473280163	1.47184191893	0	0	0	1.47184191893
10.3672557568	0.0268431280094	2.94269791702	0.637380380954	0.670207106899	1.48141257014	0	0	0	1.48141257014
10.6814150222	0.0268090526766	2.94307247554	0.690881374689	0.725945318683	1.49058586035	0	0	0	1.49058586035
10.9955742876	0.0267570062623	2.94341739041	0.744778857367	0.781956061651	1.49934403706	0	0	0	1.49934403706
11.3097335529	0.0266888425625	2.94373584913	0.799089255047	0.838246477535	1.50767149532	0	0	0	1.50767149532
11.6238928183	0.0266060668093	2.94402959372	0.853836490306	0.894831983078	1.51554504451	0	0	0	1.51554504451
11.9380520836	0.026510084529	2.94429996443	0.909043753503	0.951727959851	1.52294223615	0	0	0	1.52294223615
12.252211349	0.0264023145919	2.94454878198	0.964723525103	1.00893964237	1.52985150299	0	0	0	1.52985150299
12.5663706144	0.0262842125872	2.94477847896	1.02087708363	1.06646179406	1.53627250952	0	0	0	1.53627250952
12.8805298797	0.0261572166279	2.94499236204	1.07748995407	1.12427410769	1.5422207733	0	0	0	1.5422207733
13.1946891451	0.0260227142675	2.94519401968	1.13454043905	1.1823500646	1.54771882479	0	0	0	1.54771882479
13.5088484104	0.0258820057884	2.94538733824	1.19199876587	1.24065607683	1.55279707178	0	0	0	1.55279707178
13.8230076758	0.025736229037	2.94557528143	1.24984303339	1.29916760588	1.55747767762	0	0	0	1.55747767762
14.1371669412	0.0255864382388	2.94575966504	1.30806312046	1.35787309543	1.56177061219	0	0	0	1.56177061219
14.4513262065	0.0254336483989	2.94594028479	1.36667262749	1.41678587633	1.5656617158	0	0	0	1.5656617158
14.7654854719	0.0252786570485	2.94611693771	1.4256805867	1.47591494618	1.56914189509	0	0	0	1.56914189509
15.0796447372	0.025121876945	2.94629017887	1.48508266566	1.53525582411	1.5722162568	0	0	0	1.5722162568
15.3938040026	0.0249635380676	2.94646084723	1.54487083853	1.59480078487	1.57489386417	0	0	0	1.57489386417
15.707963268	0.0248037888275	2.94663019644	1.60503282759	1.65453854488	1.5771880365	0	0	0	1.5771880365
16.0221225333	0.0246427115986	2.94679942361	1.66555876988	1.71446097262	1.57910962163	0	0	0	1.57910962163
16.3362817987	0.0244805781133	2.94696882372	1.72645177938	1.77457401206	1.58065604518	0	0	0	1.58065604518
16.650441064	0.0243180382725	2.94713745962	1.78772988383	1.83489973669	1.58180921918	0	0	0	1.58180921918
16.9646003294	0.0241561405375	2.94730363545	1.84941653606	1.89546674321	1.58254510782	0	0	0	1.58254510782
17.2787595947	0.0239957183987	2.94746671272	1.91151947182	1.95628804266	1.58285580691	0	0	0	1.58285580691
17.5929188601	0.0238371359149	2.94762694113	1.97403843828	2.01736837381	1.58274221404	0	0	0	1.58274221404
17.9070781255	0.0236805571462	2.94778473091	2.03697504409	2.07871447831	1.58220373058	0	0	0	1.58220373058
18.2212373908	0.0235260922382	2.94794077226	2.10032945445	2.1403321305	1.58124120644	0	0	0	1.58124120644
18.5353966562	0.0233738410396	2.9480958136	2.16410330927	2.20222906455	1.57985398899	0	0	0	1.57985398899
18.8495559215	0.0232241891238	2.94824972852	2.22830759904	2.26442304782	1.57803181689	0	0	0	1.57803181689
19.1637151869	0.0230778023254	2.94840217762	2.29294885819	2.32692826384	1.57576840309	0	0	0	1.57576840309
19.4778744523	0.0229355149875	2.94855230421	2.3580364191	2.38976207447	1.57305463835	0	0	0	1.57305463835
19.7920337176	0.0227984147879	2.94869891263	2.4235734476	2.45293632374	1.56988725376	0	0	0	1.56988725376
20.106192983	0.0226675402126	2.94884134296	2.48954835913	2.5164485863	1.56627754334	0	0	0	1.56627754334
20.4203522483	0.0225437983094	2.94897916365	2.5559444559	2.58029142826	1.56224207583	0	0	0	1.56224207583
20.7345115137	0.0224278677682	2.94911213969	2.62274865535	2.64446073972	1.55779433691	0	0	0	1.55779433691
21.0486707791	0.0223203186657	2.94924019768	2.68994811291	2.70895263152	1.55294780599	0	0	0	1.55294780599
21.3628300444	0.0222216608721	2.94936337243	2.75752998247	2.77376325419	1.54771611292	0	0	0	1.54771611292
21.6769893098	0.0221324329591	2.94948163521	2.82548027739	2.83888775563	1.54211405576	0	0	0	1.54211405576
21.9911485751	0.0220531848825	2.9495950138	2.8937799349	2.90431645448	1.53616140175	0	0	0	1.53616140175
22.3053078405	0.0219845475127	2.94970333078	2.96240555861	2.97003554845	1.52988215372	0	0	0	1.52988215372
22.6194671058	0.0219271582332	2.94980639131	3.03132673504	3.03602444915	1.52330718902	0	0	0	1.52330718902
22.9336263712	0.021881569969	2.94990416691	3.10050604849	3.10225575284	1.51647426424	0	0	0	1.51647426424
23.2477856366	0.0218483394897	2.94999646514	-3.11328326771	-3.11448722637	1.50942514974	0	0	0	1.50942514974
23.5619449019	0.0218279248033	2.95008318724	-3.04371854807	-3.04787160337	1.50220797886	0	0	0	1.50220797886
23.8761041673	0.021820758243	2.95016406675	-2.97403628599	-2.98112366607	1.49487412263	0	0	0	1.49487412263
24.1902634326	0.0218272000724	2.95023878633	-2.90429021217	-2.91428700516	1.48747752168	0	0	0	1.48747752168
24.504422698	0.0218475289392	2.95030695685	-2.83453828754	-2.84740944726	1.48007628484	0	0	0	1.48007628484
24.8185819634	0.0218819806328	2.95036800914	-2.76483987255	-2.78054038335	1.47272999071	0	0	0	1.47272999071
25.1327412287	0.0219307028974	2.95042129531	-2.69525620788	-2.71373123151	1.46550012264	0	0	0	1.46550012264
25.4469004941	0.0219937064989	2.95046622192	-2.62584896413	-2.64703401138	1.45844861643	0	0	0	1.45844861643
25.7610597594	0.0220709760567	2.95050193493	-2.55668022794	-2.58050143312	1.45163792224	0	0	0	1.45163792224
26.0752190248	0.0221623219953	2.95052765545	-2.48781294558	-2.51418720793	1.44513128696	0	0	0	1.44513128696
26.3893782902	0.0222674487653	2.95054253931	-2.41930853214	-2.44814380653	1.43899048573	0	0	0	1.43899048573
26.7035375555	0.0223859524395	2.95054572697	-2.35122531096	-2.38242095627	1.43327429232	0	0	0	1.43327429232
27.0176968209	0.0225172195784	2.95053665233	-2.28361616895	-2.31706322092	1.42803603194	0	0	0	1.42803603194
27.3318560862	0.0226604554037	2.95051511794	-2.21652516182	-2.25210668371	1.42332024025	0	0	0	1.42332024025
27.6460153516	0.0228146845833	2.95048180843	-2.14997798016	-2.18756958434	1.41915327961	0	0	0	1.41915327961
27.960174617	0.0229787775686	2.95043896311	-2.08397100456	-2.123441497	1.41553250382	0	0	0	1.41553250382
28.2743338823	0.0231517602667	2.95038824711	-2.01850367295	-2.05971526053	1.41245816623	0	0	0	1.41245816623
28.5884931477	0.023332714313	2.95033002879	-1.95359271655	-1.99640092527	1.40994732902	0	0	0	1.40994732902
28.902652413	0.0235205102849	2.95026419786	-1.88926139975	-1.93351496946	1.40802304028	0	0	0	1.40802304028
29.2168116784	0.023713766518	2.95019012464	-1.82553760456	-1.87107845527	1.40671245462	0	0	0	1.40671245462
29.5309709437	0.0239110299939	2.95010659301	-1.76244970559	-1.80911341956	1.40604318583	0	0	0	1.40604318583
29.8451302091	0.0241107427863	2.95001235176	-1.70001855259	-1.74763496919	1.40603536595	0	0	0	1.40603536595
30.1592894745	0.0243113585662	2.9499066117	-1.63824993512	-1.68664401355	1.40669434762	0	0	0	1.40669434762
30.4734487398	0.0245114611046	2.94978935787	-1.57713161346	-1.626124432	1.40800784762	0	0	0	1.40800784762
30.7876080052	0.0247100812814	2.94966198936	-1.5166269956	-1.56603721127	1.40994006791	0	0	0	1.40994006791
31.1017672705	0.024906644868	2.94952650303	-1.45669140763	-1.50633638373	1.41244762341	0	0	0	1.41244762341
31.4159265359	0.0251004781699	2.94938373459	-1.39729759472	-1.44699362118	1.41550410903	0	0	0	1.41550410903
31.7300858013	0.0252904780711	2.9492334754	-1.33843029649	-1.38799238384	1.41909421727	0	0	0	1.41909421727
32.0442450666	0.0254752118902	2.9490748579	-1.28007764702	-1.32931965193	1.42320544044	0	0	0	1.42320544044
32.358404332	0.0256530418152	2.9489064997	-1.22222768516	-1.27096276465	1.42782488264	0	0	0	1.42782488264
32.6725635973	0.0258223908551	2.94872713737	-1.16486155569	-1.2129030894	1.43293290705	0	0	0	1.43293290705
32.9867228627	0.0259819592993	2.94853647631	-1.1079456476	-1.15510833819	1.43849544155	0	0	0	1.43849544155
33.3008821281	0.0261311059338	2.9483361363	-1.05142688961	-1.0975282085	1.44445962384	0	0	0	1.44445962384
33.6150413934	0.026269766309	2.94812824789	-0.995255192613	-1.04011690229	1.45077632997	0	0	0	1.45077632997
33.9292006588	0.0263977923559	2.94791413663	-0.939391916122	-0.982840634229	1.45740767948	0	0	0	1.45740767948
34.2433599241	0.0265146827499	2.94769419178	-0.883804265934	-0.925671581811	1.46432098238	0	0	0	1.46432098238
34.5575191895	0.0266196095985	2.94746816879	-0.828458211184	-0.868580783104	1.47148163634	0	0	0	1.47148163634
34.8716784548	0.0267116128507	2.94723541486	-0.773317727437	-0.811537752319	1.47885274555	0	0	0	1.47885274555
35.1858377202	0.0267897891973	2.94699516413	-0.718344660688	-0.754510655116	1.48639530755	0	0	0	1.48639530755
35.4999969856	0.0268534789153	2.94674698189	-0.663498063183	-0.697465843508	1.49406776671	0	0	0	1.49406776671
35.8141562509	0.0269023467416	2.94649100424	-0.608734384025	-0.640368045421	1.5018262318	0	0	0	1.5018262318
36.1283155163	0.0269366396789	2.94622873353	-0.554005498293	-0.583178434766	1.50962258894	0	0	0	1.50962258894
36.4424747816	0.0269569976115	2.94596245513	-0.499263981531	-0.525859656412	1.51740957456	0	0	0	1.51740957456
36.756634047	0.0269641420715	2.9456939128	-0.444478093373	-0.46839107647	1.52515606968	0	0	0	1.52515606968
37.0707933124	0.0269587183027	2.94542423937	-0.389627273172	-0.410763969461	1.53284232955	0	0	0	1.53284232955
37.3849525777	0.0269412391001	2.94515411987	-0.334695445989	-0.35297450023	1.5404530152	0	0	0	1.5404530152
37.6991118431	0.0269120663964	2.94488384742	-0.279667297613	-0.295019827414	1.54797335144	0	0	0	1.54797335144
38.0132711084	0.0268714851571	2.94461352517	-0.224526944235	-0.236896762769	1.55538784521	0	0	0	1.55538784521
38.3274303738	0.0268197602053	2.94434320412	-0.169257503773	-0.178601321678	1.56267989973	0	0	0	1.56267989973
38.6415896392	0.0267571686902	2.94407293866	-0.113842080989	-0.120129721076	1.56983287935	0	0	0	1.56983287935
38.9557489045	0.0266840408082	2.94380290046	-0.058264209383	-0.0614787852802	1.5768305853	0	0	0	1.5768305853
39.2699081699	0.0266007917761	2.94353347921	-0.00250847421061	-0.00264651237212	1.58365789489	0	0	0	1.58365789489
39.5840674352	0.0265079232241	2.94326530183	0.0534392946768	0.0563678360099	1.5903009256	0	0	0	1.5903009256
39.8982267006	0.0264060404044	2.94299929659	0.109591811371	0.115563633649	1.59674721129	0	0	0	1.59674721129
40.212385966	0.0262958140873	2.94273658263	0.165960483958	0.174939165228	1.60298550109	0	0	0	1.60298550109
40.5265452313	0.0261779824137	2.94247847566	0.222555241173	0.234491552823	1.6090059051	0	0	0	1.6090059051
40.8407044967	0.0260533398247	2.94222645042	0.279384409767	0.294216729048	1.61479999101	0	0	0	1.61479999101
41.154863762	0.0259227318797	2.94198211605	0.336454676938	0.354109494102	1.6203607936	0	0	0	1.6203607936
41.4690230274	0.0257870356806	2.94174715836	0.393770626205	0.414163106542	1.62568328645	0	0	0	1.62568328645
41.7831822927	0.0256471288176	2.94152325505	0.451334441773	0.474369026075	1.63076469663	0	0	0	1.63076469663
42.0973415581	0.0255038579592	2.94131199957	0.509145681356	0.534716705914	1.63560476468	0	0	0	1.63560476468
42.4115008235	0.0253580226172	2.94111487234	0.567201218735	0.595193558672	1.64020582567	0	0	0	1.64020582567
42.7256600888	0.025210325778	2.94093308823	0.625496338698	0.655786069903	1.64457173694	0	0	0	1.64457173694
43.0398193542	0.0250613138672	2.94076735303	0.684027437808	0.71648252167	1.64870518871	0	0	0	1.64870518871
43.3539786195	0.0249113053937	2.94061734097	0.742799778328	0.777280868428	1.65259985331	0	0	0	1.65259985331
43.6681378849	0.0247603217733	2.94048146304	0.801829210279	0.838190227646	1.65623890928	0	0	0	1.65623890928
43.9822971503	0.0246080927338	2.94035756045	0.861130938082	0.899219059321	1.65960687551	0	0	0	1.65960687551
44.2964564156	0.0244541637978	2.94024328459	0.920719749026	0.960375497498	1.66268929847	0	0	0	1.66268929847
44.610615681	0.0242980295099	2.94013628298	0.980613101051	1.02167072721	1.66546939334	0	0	0	1.66546939334
44.9247749463	0.0241393159534	2.94003476239	1.04082740352	1.08311549661	1.66793154983	0	0	0	1.66793154983
45.2389342117	0.023977784702	2.93993725215	1.10138132019	1.14472359681	1.6700578721	0	0	0	1.6700578721
45.5530934771	0.0238134561351	2.93984221135	1.1623029654	1.20651946183	1.67182058252	0	0	0	1.67182058252
45.8672527424	0.0236466994758	2.93974822628	1.22362574152	1.26853406418	1.67318612971	0	0	0	1.67318612971
46.1814120078	0.0234780975595	2.93965371444	1.28538782199	1.33080412099	1.67411597642	0	0	0	1.67411597642
46.4955712731	0.023308547217	2.93955590162	1.34764651052	1.39338672735	1.67455194816	0	0	0	1.67455194816
46.8097305385	0.0231393293225	2.93945146291	1.41046647137	1.45634737299	1.67442819167	0	0	0	1.67442819167
47.1238898038	0.0229717942285	2.93933769084	1.47389823135	1.51973761145	1.67369348732	0	0	0	1.67369348732
47.4380490692	0.0228071264807	2.93921275161	1.53797389231	1.58359044035	1.67231585962	0	0	0	1.67231585962
47.7522083346	0.022646421138	2.9390754289	1.60271277573	1.6479262848	1.67027658243	0	0	0	1.67027658243
48.0663675999	0.0224907136746	2.93892531035	1.66811917853	1.71275095381	1.66757221177	0	0	0	1.66757221177
48.3805268653	0.0223410842133	2.93876237548	1.73418779646	1.77806138207	1.66420883046	0	0	0	1.66420883046
48.6946861306	0.0221987131576	2.93858652408	1.8009092669	1.84385128047	1.66019637684	0	0	0	1.66019637684
49.008845396	0.0220648637611	2.9383973043	1.86827319743	1.91011404896	1.65554570581	0	0	0	1.65554570581
49.3230046614	0.0219408942165	2.93819380166	1.93626870872	1.97684323675	1.65026809695	0	0	0	1.65026809695
49.6371639267	0.0218282511696	2.93797533334	2.0048715013	2.04401972532	1.64438804387	0	0	0	1.64438804387
49.9513231921	0.0217282352424	2.93774141245	2.0740477221	2.11161514199	1.63793981508	0	0	0	1.63793981508
50.2654824574	0.0216417387996	2.93749204998	2.14375661428	2.17959406335	1.63096522718	0	0	0	1.63096522718
50.5796417228	0.0215693756851	2.93722741174	2.21395725928	2.24792091149	1.62350672597	0	0	0	1.62350672597
50.8938009882	0.0215115373974	2.93694799625	2.28460662508	2.31655817829	1.61560914062	0	0	0	1.61560914062
51.2079602535	0.0214686293224	2.93665408981	2.35566372902	2.38547084874	1.60731523789	0	0	0	1.60731523789
51.5221195189	0.0214411087036	2.9363458418	2.42708651685	2.45462335334	1.59866874296	0	0	0	1.59866874296
51.8362787842	0.0214294867715	2.93602325156	2.49883133654	2.52397899908	1.58971488313	0	0	0	1.58971488313
52.1504380496	0.0214345277208	2.93568550609	2.57085741914	2.59350443282	1.58049589448	0	0	0	1.58049589448
52.464597315	0.0214571171638	2.93533148557	2.64311997828	2.66316265685	1.57105797575	0	0	0	1.57105797575
52.7787565803	0.0214983325781	2.93495947892	2.71557178119	2.73291449807	1.5614497895	0	0	0	1.5614497895
53.0929158457	0.0215594315634	2.93456721648	2.78816117991	2.80271655098	1.55172448868	0	0	0	1.55172448868
53.407075111	0.0216417990344	2.93415200368	2.86083034345	2.87251930938	1.54194155628	0	0	0	1.54194155628
53.7212343764	0.0217469063136	2.93371080576	2.93351439848	2.94226622247	1.53216772223	0	0	0	1.53216772223
54.0353936417	0.0218764594071	2.93323976656	3.00614344934	3.01189559293	1.52247503696	0	0	0	1.52247503696
54.3495529071	0.0220323359903	2.93273437277	3.07864341488	3.08134118847	1.51294023217	0	0	0	1.51294023217
54.6637121725	0.0222165765246	2.93218950417	-3.13224692924	-3.13265095171	1.50364258146	0	0	0	1.50364258146
54.9778714378	0.0224316174465	2.93159884022	-3.06023710957	-3.06378372691	1.49466631325	0	0	0	1.49466631325
55.2920307032	0.0226801635775	2.93095526014	-2.98860094901	-2.99532500541	1.48610477463	0	0	0	1.48610477463
55.6061899685	0.0229651039699	2.93025110665	-2.91743360747	-2.92736485017	1.47805886811	0	0	0	1.47805886811
55.9203492339	0.0232896758811	2.92947776562	-2.84683636828	-2.86000049047	1.47063670062	0	0	0	1.47063670062
56.2345084993	0.0236573826692	2.92862598649	-2.77691507384	-2.79333492517	1.46395217497	0	0	0	1.46395217497
56.5486677646	0.024071956158	2.92768625877	-2.7077721026	-2.7274692856	1.45811734862	0	0	0	1.45811734862
56.86282703	0.0245375339674	2.92664877066	-2.63949881448	-2.6624957629	1.45323536465	0	0	0	1.45323536465
57.1769862953	0.0250585975743	2.92550409546	-2.57217105293	-2.59849327073	1.44939612828	0	0	0	1.44939612828
57.4911455607	0.0256400648133	2.92424367088	-2.50584216619	-2.53552078247	1.44666967197	0	0	0	1.44666967197
57.8053048261	0.0262871914701	2.92286117367	-2.44053033852	-2.47360493167	1.44509380243	0	0	0	1.44509380243
58.1194640914	0.0270051685673	2.92135528715	-2.37619683971	-2.41271828	1.44465244804	0	0	0	1.44465244804
58.4336233568	0.0277986592984	2.91973337989	-2.31271667919	-2.35274975534	1.44524622192	0	0	0	1.44524622192
58.7477826221	0.0286712978849	2.91801606555	-2.24984596351	-2.29347132108	1.44665927191	0	0	0	1.44665927191
59.0619418875	0.0296246826652	2.91624392746	-2.18718282894	-2.23449700198	1.44851855855	0	0	0	1.44851855855
59.3761011529	0.0306571637042	2.91448442491	-2.12414311566	-2.1752547188	1.45026602194	0	0	0	1.45026602194
59.6902604182	0.031762525153	2.91283759802	-2.05995988105	-2.1149796883	1.45115238046	0	0	0	1.45115238046
60.0044196836	0.0329291065576	2.9114364754	-1.99373460073	-2.05275724387	1.4502803639	0	0	0	1.4502803639
60.3185789489	0.0341400949298	2.91043769194	-1.92455639375	-1.98763300822	1.44671520058	0	0	0	1.44671520058
60.6327382143	0.0353761244958	2.90999745186	-1.85169932361	-1.91880450801	1.43967628102	0	0	0	1.43967628102
60.9468974796	0.0366187627993	2.91023426889	-1.77487824839	-1.84587685043	1.42879241784	0	0	0	1.42879241784
61.261056745	0.0378536732981	2.91119656691	-1.69439032632	-1.76901509818	1.41425327415	0	0	0	1.41425327415
61.5752160104	0.0390724436564	2.91284820651	-1.61108648586	-1.68893595156	1.39679971365	0	0	0	1.39679971365
61.8893752757	0.0402718565561	2.91508032931	-1.52617239622	-1.60672977116	1.3775444189	0	0	0	1.3775444189
62.2035345411	0.0414520453076	2.91774401382	-1.44091931688	-1.52358607802	1.35769626126	0	0	0	1.35769626126
62.5176938064	0.0426145983715	2.9206834223	-1.35644638442	-1.44057958628	1.33834566992	0	0	0	1.33834566992
62.8318530718	0.0437595924249	2.92375676552	-1.27362600363	-1.35856792139	1.32036209992	0	0	0	1.32036209992
63.1460123372	0.0448847923024	2.92684627866	-1.19306507273	-1.27816471785	1.30436715829	0	0	0	1.30436715829
63.4601716025	0.0459856797347	2.92985949265	-1.11513795433	-1.19976516474	1.29076032	0	0	0	1.29076032
63.7743308679	0.0470555865336	2.93272827191	-1.04001823112	-1.12357087951	1.27974403094	0	0	0	1.27974403094
64.0884901332	0.0480845329773	2.9354082591	-0.967677023145	-1.04957836895	1.2713124305	0	0	0	1.2713124305
64.4026493986	0.0490585359413	2.93788225823	-0.897832517738	-0.977517218424	1.26518981679	0	0	0	1.26518981679
64.716808664	0.0499649645729	2.94016395271	-0.82996077883	-0.906862291103	1.26084312966	0	0	0	1.26084312966
65.0309679293	0.0507989748355	2.94228771666	-0.763463398549	-0.837014900993	1.25766331085	0	0	0	1.25766331085
65.3451271947	0.0515649907228	2.94429220187	-0.697851904303	-0.76749905392	1.25516157384	0	0	0	1.25516157384
65.65928646	0.0522711184608	2.94619989239	-0.632863476191	-0.698079676104	1.25308750931	0	0	0	1.25308750931
65.9734457254	0.0529241332102	2.94801164938	-0.568442057854	-0.628741214552	1.25140750086	0	0	0	1.25140750086
66.2876049907	0.0535276581668	2.94971365073	-0.504651156459	-0.559596324914	1.25021333177	0	0	0	1.25021333177
66.6017642561	0.0540826016298	2.95128740761	-0.441590245511	-0.490798389425	1.24963478497	0	0	0	1.24963478497
66.9159235215	0.0545891137919	2.95271972178	-0.379338600132	-0.422482482202	1.24978085078	0	0	0	1.24978085078
67.2300827868	0.0550461520701	2.95400137748	-0.317945906835	-0.354753547139	1.25072822731	0	0	0	1.25072822731
67.5442420522	0.0554524657928	2.95512915046	-0.257424120266	-0.287677064114	1.25251232155	0	0	0	1.25251232155
67.8584013175	0.055808522008	2.95611009691	-0.197746835558	-0.2212778677	1.25512645235	0	0	0	1.25512645235
68.1725605829	0.0561170148834	2.95696179207	-0.138846701237	-0.155535104744	1.25851722931	0	0	0	1.25851722931
68.4867198483	0.0563814433074	2.95770574802	-0.080630340629	-0.0903963819465	1.26259906626	0	0	0	1.26259906626
68.8008791136	0.056606283167	2.95836616323	-0.022988649159	-0.0257884606913	1.26726518188	0	0	0	1.26726518188
69.115038379	0.0567973528325	2.95896978562	0.0341911959474	0.0383699452734	1.27240068061	0	0	0	1.27240068061
69.4291976443	0.0569613987116	2.95954389349	0.0910183988628	0.102160534281	1.27789044178	0	0	0	1.27789044178
69.7433569097	0.0571049448044	2.96011237854	0.14759063909	0.165656480321	1.28362825507	0	0	0	1.28362825507
70.0575161751	0.0572339223491	2.96069470325	0.203989511218	0.228916728256	1.289522682	0	0	0	1.289522682
70.3716754404	0.0573535463681	2.96130597904	0.260277260555	0.291981690071	1.29550150122	0	0	0	1.29550150122
70.6858347058	0.0574678416378	2.96195619864	0.316495892659	0.354871380427	1.30151370212	0	0	0	1.30151370212
70.9999939711	0.0575792345768	2.96264973076	0.372669905385	0.417587437413	1.30752758091	0	0	0	1.30752758091
71.3141532365	0.0576884182774	2.96338536635	0.428813845918	0.480120585582	1.31352338799	0	0	0	1.31352338799
71.6283125019	0.0577945592997	2.96415712944	0.484940054388	0.542458596336	1.31948547955	0	0	0	1.31948547955
71.9424717672	0.0578956474467	2.9649544046	0.54107419435	0.60460311233	1.32538560356	0	0	0	1.32538560356
72.2566310326	0.0579888013548	2.96576383863	0.597246340891	0.666559486987	1.33119316318	0	0	0	1.33119316318
72.5707902979	0.0580707949481	2.96657292682	0.653474743485	0.728319355502	1.33689277447	0	0	0	1.33689277447
72.8849495633	0.0581385791505	2.96737148309	0.709769990669	0.789866253428	1.34247879975	0	0	0	1.34247879975
73.1991088286	0.058189663831	2.96815114908	0.766147640434	0.851190426869	1.34794067591	0	0	0	1.34794067591
73.513268094	0.0582223340455	2.96890336332	0.822643947416	0.912306485858	1.35324536002	0	0	0	1.35324536002
73.8274273594	0.0582358100316	2.96962261778	0.879289856266	0.973225674987	1.35836513259	0	0	0	1.35836513259
74.1415866247	0.0582294244451	2.97030618107	0.936101623749	1.03394501652	1.3632885318	0	0	0	1.3632885318
74.4557458901	0.0582031168246	2.97095427197	0.993086541168	1.09445483461	1.36801288451	0	0	0	1.36801288451
74.7699051554	0.0581578176973	2.97156789636	1.05025835689	1.15475623499	1.37252685132	0	0	0	1.37252685132
75.0840644208	0.0580956700121	2.97214772043	1.10764126797	1.2148657368	1.37680576362	0	0	0	1.37680576362
75.3982236862	0.0580188356244	2.97269716491	1.16523865752	1.27478027244	1.38084658755	0	0	0	1.38084658755
75.7123829515	0.0579291145941	2.97322091334	1.22304099366	1.33448515033	1.38465992758	0	0	0	1.38465992758
76.0265422169	0.0578289422256	2.97372450988	1.28103349849	1.39396414697	1.3882598724	0	0	0	1.3882598724
76.3407014822	0.0577214986984	2.9742125186	1.33920435888	1.45320816898	1.39165524417	0	0	0	1.39165524417
76.6548607476	0.0576090190177	2.97468984047	1.39753088134	1.51219756596	1.39486718066	0	0	0	1.39486718066
76.969020013	0.0574928889174	2.97516183338	1.45598193684	1.57090487402	1.39792630052	0	0	0	1.39792630052
77.2831792783	0.057375124727	2.97563330155	1.5145259866	1.62930587186	1.4008615489	0	0	0	1.4008615489
77.5973385437	0.057257408653	2.9761077914	1.57313383436	1.68738017406	1.40369948084	0	0	0	1.40369948084
77.911497809	0.0571398147456	2.97658907064	1.6317737109	1.74510359641	1.40647179027	0	0	0	1.40647179027
78.2256570744	0.0570223704868	2.97708050823	1.69041521406	1.80245510851	1.40920826101	0	0	0	1.40920826101
78.5398163397	0.0569055536593	2.97758384188	1.74903472052	1.85942287475	1.41193061288	0	0	0	1.41193061288
78.8539756051	0.0567884357997	2.97810138979	1.80761031373	1.91599545299	1.41466120363	0	0	0	1.41466120363
79.1681348705	0.0566694727675	2.97863529075	1.86612643557	1.97216780902	1.41741693305	0	0	0	1.41741693305
79.4822941358	0.0565481407346	2.97918574667	1.92457526752	2.02794543971	1.42020502496	0	0	0	1.42020502496
79.7964534012	0.0564234033001	2.97975329651	1.9829520867	2.08333680066	1.42303050628	0	0	0	1.42303050628
80.1106126665	0.0562934416722	2.98033874435	2.041260595	2.13835788884	1.42589155756	0	0	0	1.42589155756
80.4247719319	0.0561567146409	2.9809422121	2.09951125842	2.19303238037	1.42877930764	0	0	0	1.42877930764
80.7389311973	0.0560126128445	2.98156272412	2.1577157081	2.24738716233	1.43168222467	0	0	0	1.43168222467
81.0530904626	0.0558602782274	2.98219967722	2.21588907508	2.30145243715	1.43458594581	0	0	0	1.43458594581
81.367249728	0.0556983864006	2.98285336338	2.27405072451	2.35526210589	1.4374728462	0	0	0	1.4374728462
81.6814089933	0.0555258734329	2.983523399	2.33222748447	2.40885781218	1.44031794731	0	0	0	1.44031794731
81.9955682587	0.0553423353039	2.98420867663	2.39044648905	2.46228265123	1.44309515425	0	0	0	1.44309515425
82.3097275241	0.0551479850132	2.98490738319	2.44873362468	2.51557946283	1.44577890828	0	0	0	1.44577890828
82.6238867894	0.0549429186136	2.98561851355	2.50711322051	2.5687895511	1.44834542717	0	0	0	1.44834542717
82.9380460548	0.0547271435685	2.98634139525	2.56561313826	2.62195743896	1.45076791906	0	0	0	1.45076791906
83.2522053201	0.0545007641801	2.98707546667	2.62426340775	2.67512981068	1.45301760773	0	0	0	1.45301760773
83.5663645855	0.0542641084242	2.98782014966	2.68309397563	2.72835353758	1.45506567904	0	0	0	1.45506567904
83.8805238509	0.0540179795218	2.98857413935	2.7421348003	2.78167587254	1.4568830517	0	0	0	1.4568830517
84.1946831162	0.053763465267	2.98933590345	2.80141434331	2.83514277897	1.45844201825	0	0	0	1.45844201825
84.5088423816	0.0535018290078	2.99010389275	2.86095987447	2.88879905169	1.45971609761	0	0	0	1.45971609761
84.8230016469	0.0532347438887	2.99087585995	2.92079746475	2.94268834355	1.46067998085	0	0	0	1.46067998085
85.1371609123	0.0529638376856	2.99165012968	2.98095006728	2.99685112161	1.46131155485	0	0	0	1.46131155485
85.4513201776	0.0526909445019	2.99242481334	3.04143914433	3.05132622534	1.46159032371	0	0	0	1.46159032371
85.765479443	0.0524181409629	2.99319769823	3.10228396535	3.10615014196	1.46149811207	0	0	0	1.46149811207
86.0796387084	0.052147558914	2.99396676161	-3.1196849471	-3.12182953789	1.46102028468	0	0	0	1.46102028468
86.3937979737	0.0518814274464	2.99472999997	-3.05808598303	-3.06621418534	1.46014702141	0	0	0	1.46014702141
86.7079572391	0.0516221558832	2.99548509634	-2.99609965321	-3.010167298	1.45887462074	0	0	0	1.45887462074
87.0221165044	0.051371970369	2.99623033657	-2.93372757556	-2.95367346698	1.45720567978	0	0	0	1.45720567978
87.3362757698	0.0511331317231	2.99696385157	-2.87097861073	-2.89672449239	1.45514988359	0	0	0	1.45514988359
87.6504350352	0.0509078968365	2.99768361689	-2.80786835977	-2.83931900101	1.45272360226	0	0	0	1.45272360226
87.9645943005	0.0506983871036	2.99838775817	-2.74441805632	-2.78146143498	1.44994885854	0	0	0	1.44994885854
88.2787535659	0.0505067643885	2.99907415612	-2.68065172816	-2.72315961916	1.4468508694	0	0	0	1.4468508694
88.5929128312	0.0503351143713	2.99974082622	-2.61659558884	-2.66442418356	1.44345744617	0	0	0	1.44345744617
88.9070720966	0.0501852292063	3.00038625106	-2.55228167726	-2.60527170135	1.43980211129	0	0	0	1.43980211129
89.221231362	0.0500586367407	3.00100890254	-2.4877513016	-2.54572785555	1.43592723995	0	0	0	1.43592723995
89.5353906273	0.0499565266802	3.00160715006	-2.42305526936	-2.48582761663	1.43188420887	0	0	0	1.43188420887
89.8495498927	0.0498797537414	3.00217926681	-2.35825056379	-2.42561221549	1.42773033318	0	0	0	1.42773033318
90.163709158	0.0498288041751	3.00272372791	-2.29339587253	-2.36512495875	1.42352464512	0	0	0	1.42352464512
90.4778684234	0.0498038320614	3.00324008033	-2.22854150611	-2.3044017869	1.41931841899	0	0	0	1.41931841899
90.7920276888	0.0498053049025	3.00372788153	-2.1637289791	-2.24347164893	1.41515550929	0	0	0	1.41515550929
91.1061869541	0.0498333613839	3.00418627522	-2.09900794858	-2.18237150044	1.4110873041	0	0	0	1.4110873041
91.4203462195	0.049887361262	3.00461387312	-2.0344406111	-2.12114986556	1.40717623798	0	0	0	1.40717623798
91.7345054848	0.0499659755808	3.00500929071	-1.97009119258	-2.05985709298	1.40348599217	0	0	0	1.40348599217
92.0486647502	0.0500677764493	3.00537197916	-1.90601082762	-1.99853187782	1.40006796265	0	0	0	1.40006796265
92.3628240155	0.0501919388827	3.00570189062	-1.84223562448	-1.93720050287	1.39696044723	0	0	0	1.39696044723
92.6769832809	0.0503368885657	3.00599799801	-1.77881139191	-1.87589823231	1.39420997691	0	0	0	1.39420997691
92.9911425463	0.0504998505296	3.00625903984	-1.71578684859	-1.81466205064	1.39186398535	0	0	0	1.39186398535
93.3053018116	0.0506777422284	3.00648408802	-1.6532004423	-1.75351952128	1.38995959497	0	0	0	1.38995959497
93.619461077	0.050868726771	3.00667307026	-1.5910718527	-1.69248336511	1.38851812477	0	0	0	1.38851812477
93.9336203423	0.0510707756083	3.00682514248	-1.52942235272	-1.63156868412	1.38756223986	0	0	0	1.38756223986
94.2477796077	0.0512804974947	3.00693890281	-1.46827366963	-1.57078967004	1.38711258258	0	0	0	1.38711258258
94.5619388731	0.0514942234015	3.00701392167	-1.40763284729	-1.51014667034	1.38717476234	0	0	0	1.38717476234
94.8760981384	0.0517098911068	3.00705057635	-1.34749599846	-1.44963356839	1.38774666166	0	0	0	1.38774666166
95.1902574038	0.0519256123796	3.00704904097	-1.28785809544	-1.38924475123	1.38882533285	0	0	0	1.38882533285
95.5044166691	0.0521381570815	3.00700831279	-1.22871424737	-1.32897353271	1.39040534663	0	0	0	1.39040534663
95.8185759345	0.0523440992538	3.00692801886	-1.17004810003	-1.26880266889	1.39246923283	0	0	0	1.39246923283
96.1327351999	0.0525417231763	3.00680941188	-1.11183663257	-1.20871284187	1.39499590614	0	0	0	1.39499590614
96.4468944652	0.0527296421173	3.00665329724	-1.0540604415	-1.14869051476	1.39796846918	0	0	0	1.39796846918
96.7610537306	0.0529051374622	3.00645910715	-0.996696833411	-1.08871777913	1.40136400409	0	0	0	1.40136400409
97.0752129959	0.0530653170603	3.00622702741	-0.939710697612	-1.02876503832	1.40514620784	0	0	0	1.40514620784
97.3893722613	0.0532087180237	3.00595958498	-0.883060205735	-0.968799612803	1.40927397608	0	0	0	1.40927397608
97.7035315266	0.0533348516896	3.00565978441	-0.826709587391	-0.908798173766	1.41371382706	0	0	0	1.41371382706
98.017690792	0.0534424265193	3.00532948914	-0.770619402864	-0.848733423774	1.41842657367	0	0	0	1.41842657367
98.3318500574	0.0535297040288	3.0049702078	-0.714741208659	-0.788569091696	1.42336231614	0	0	0	1.42336231614
98.6460093227	0.0535957996428	3.00458571786	-0.659015687287	-0.728259721305	1.42846025281	0	0	0	1.42846025281
98.9601685881	0.0536408660802	3.00418066204	-0.603390078691	-0.667769390741	1.43366744687	0	0	0	1.43366744687
99.2743278534	0.053665572179	3.00375890011	-0.547826844774	-0.607080313612	1.43894747279	0	0	0	1.43894747279
99.5884871188	0.0536702426023	3.0033230701	-0.492290164476	-0.546177133902	1.44426477254	0	0	0	1.44426477254
99.9026463842	0.0536549818804	3.00287519031	-0.436740547334	-0.485041277323	1.44957908482	0	0	0	1.44957908482
100.21680565	0.0536200370649	3.00241719413	-0.381137377781	-0.423654098784	1.45484868972	0	0	0	1.45484868972
100.530964915	0.0535660984974	3.00195151029	-0.325442320149	-0.362000755271	1.4600343991	0	0	0	1.4600343991
100.84512418	0.0534942408606	3.00148088931	-0.269621799652	-0.300072655809	1.46510214362	0	0	0	1.46510214362
101.159283446	0.0534055413433	3.00100732106	-0.213649575422	-0.237869884962	1.47002554324	0	0	0	1.47002554324
101.473442711	0.0533008796187	3.00053161979	-0.15750691598	-0.175401281053	1.47478613738	0	0	0	1.47478613738
101.787601976	0.0531810730862	3.0000541459	-0.101179118268	-0.11268062431	1.47936974246	0	0	0	1.47936974246
102.101761242	0.0530469762995	2.99957525238	-0.0446549544559	-0.0497259215513	1.4837659231	0	0	0	1.4837659231
102.415920507	0.0528993946105	2.99909514539	0.0120777185725	0.0134456826766	1.48796309791	0	0	0	1.48796309791
102.730079772	0.052739202614	2.99861418856	0.0690333867524	0.0768196710262	1.49194697431	0	0	0	1.49194697431
103.044239038	0.0525674009771	2.99813295711	0.12622919648	0.140384741085	1.49570016105	0	0	0	1.49570016105
103.358398303	0.0523851893881	2.99765238739	0.183682526355	0.20413037209	1.49920480017	0	0	0	1.49920480017
103.672557568	0.0521939429134	2.99717364348	0.241410773748	0.268046850789	1.50244273386	0	0	0	1.50244273386
103.986716834	0.0519951679854	2.99669795492	0.299430429812	0.332124465319	1.50539649343	0	0	0	1.50539649343
104.300876099	0.0517904818853	2.99622662439	0.357755194008	0.396351622399	1.50805135415	0	0	0	1.50805135415
104.615035365	0.0515814197503	2.99576059365	0.416394459158	0.460713220091	1.51039711971	0	0	0	1.51039711971
104.92919463	0.0513695441422	2.9953009947	0.475351751985	0.525189173343	1.51242974422	0	0	0	1.51242974422
105.243353895	0.0511561706075	2.99484854744	0.534624769161	0.58975436118	1.51415151694	0	0	0	1.51415151694
105.557513161	0.0509425794924	2.99440430419	0.594205689695	0.65437930804	1.51557049998	0	0	0	1.51557049998
105.871672426	0.0507300453733	2.99396996817	0.654079874562	0.719029014746	1.51670180755	0	0	0	1.51670180755
106.185831691	0.0505196611809	2.99354705894	0.714231004481	0.783668482709	1.51756217023	0	0	0	1.51756217023
106.499990957	0.0503125251048	2.99313716402	0.774642803485	0.848264875583	1.51816784228	0	0	0	1.51816784228
106.814150222	0.0501095220624	2.99273994911	0.835311375675	0.912800370778	1.51852178866	0	0	0	1.51852178866
107.128309487	0.0499110357437	2.99235409145	0.896232116618	0.977257380032	1.51862847588	0	0	0	1.51862847588
107.442468753	0.0497168285374	2.99197857904	0.957390497306	1.04160845502	1.51850398333	0	0	0	1.51850398333
107.756628018	0.0495263641732	2.99161274975	1.01876964334	1.10582493669	1.51816736688	0	0	0	1.51816736688
108.070787283	0.049339277152	2.99125572023	1.08036050474	1.16988847682	1.51762913448	0	0	0	1.51762913448
108.384946549	0.0491555997471	2.99090426009	1.14217724107	1.23380727124	1.51687497773	0	0	0	1.51687497773
108.699105814	0.0489752061821	2.99055448462	1.20423835078	1.29759490831	1.51588686643	0	0	0	1.51588686643
109.01326508	0.0487976254774	2.99020383467	1.26655283241	1.36125564042	1.51465774097	0	0	0	1.51465774097
109.327424345	0.0486225371174	2.98985015954	1.32913086805	1.42479648903	1.51317937197	0	0	0	1.51317937197
109.64158361	0.0484504606831	2.98949005492	1.39199640758	1.48824133666	1.51142820529	0	0	0	1.51142820529
109.955742876	0.048282438822	2.98911846048	1.45518578236	1.55162848104	1.50936772199	0	0	0	1.50936772199
110.269902141	0.0481190643806	2.98873188568	1.51872350669	1.6149840528	1.50697495231	0	0	0	1.50697495231
110.584061406	0.0479607758749	2.98832765774	1.58262971487	1.67833028633	1.50423215082	0	0	0	1.50423215082
110.898220672	0.0478086012977	2.98790218167	1.64693146186	1.74169823234	1.5011140155	0	0	0	1.5011140155
111.212379937	0.0476642906141	2.98744986649	1.71166787232	1.80513274308	1.49758261101	0	0	0	1.49758261101
111.526539202	0.0475291804287	2.98696593411	1.77687379518	1.86867382075	1.49360594309	0	0	0	1.49360594309
111.840698468	0.0474041047499	2.98644670348	1.84258099372	1.93235771982	1.48915680424	0	0	0	1.48915680424
112.154857733	0.047290070668	2.98588756252	1.90883130195	1.99623101573	1.48419864639	0	0	0	1.48419864639
112.469016999	0.0471887690188	2.98528241882	1.97567717471	2.06035170063	1.47868441472	0	0	0	1.47868441472
112.783176264	0.0471015840789	2.98462624097	2.04317171486	2.12477751326	1.47256816125	0	0	0	1.47256816125
113.097335529	0.0470290540341	2.98391592755	2.11137201145	2.18956833165	1.46580262683	0	0	0	1.46580262683
113.411494795	0.0469711235893	2.98315054573	2.18034011045	2.25478776224	1.45833763909	0	0	0	1.45833763909
113.72565406	0.0469272265589	2.9823321404	2.25013976424	2.32050047899	1.45012277297	0	0	0	1.45012277297
114.039813325	0.0468958525778	2.98146835123	2.32082336493	2.38675981394	1.44111978086	0	0	0	1.44111978086
114.353972591	0.0468730989226	2.98057669108	2.39242237427	2.45359798974	1.43131242423	0	0	0	1.43131242423
114.668131856	0.0468515600483	2.9796883777	2.46493802208	2.52101818966	1.42071451315	0	0	0	1.42071451315
114.982291121	0.0468196075396	2.97885162361	2.53832540243	2.58898199074	1.40938261835	0	0	0	1.40938261835
115.296450387	0.0467611684579	2.97813281241	2.61247807392	2.65739862605	1.39742696759	0	0	0	1.39742696759
115.610609652	0.0466568813145	2.97761225997	2.68722269087	2.72612491696	1.38501163433	0	0	0	1.38501163433
115.924768917	0.0464869526059	2.97737343442	2.76232491855	2.79497556193	1.3723442553	0	0	0	1.3723442553
116.238928183	0.0462357861222	2.9774851301	2.83752029326	2.86375431209	1.35964466469	0	0	0	1.35964466469
116.553087448	0.0458973159235	2.9779813829	2.91256041459	2.93229477997	1.34710364837	0	0	0	1.34710364837
116.867246714	0.0454776538824	2.97885079459	2.9872558019	3.00049243049	1.33485032207	0	0	0	1.33485032207
117.181405979	0.0449941299769	2.9800394083	3.06149765464	3.06831454427	1.32294149573	0	0	0	1.32294149573
117.495565244	0.044470557341	2.98146714089	3.13525510648	3.13578903101	1.31137232457	0	0	0	1.31137232457
117.80972451	0.0439316847019	2.98304775856	-3.07463069143	-3.08020379227	1.30009893164	0	0	0	1.30009893164
118.123883775	0.0433991227097	2.9847041086	-3.0017307486	-3.01321268687	1.28906106903	0	0	0	1.28906106903
118.43804304	0.0428891992731	2.98637647389	-2.92916086086	-2.9463430859	1.27819797934	0	0	0	1.27819797934
118.752202306	0.0424131642927	2.98802289091	-2.85685362318	-2.87952420594	1.26745691819	0	0	0	1.26745691819
119.066361571	0.0419779329903	2.98961701954	-2.78475118014	-2.81269797681	1.25679696336	0	0	0	1.25679696336
119.380520836	0.0415873738496	2.99114410006	-2.71280662452	-2.74581821854	1.2461883496	0	0	0	1.2461883496
119.694680102	0.0412432725966	2.99259769835	-2.6409839443	-2.67884928108	1.23561122954	0	0	0	1.23561122954
120.008839367	0.040946248718	2.99397670517	-2.56925626349	-2.611763863	1.22505357651	0	0	0	1.22505357651
120.322998632	0.0406967491229	2.99528206218	-2.49760926477	-2.54454648409	1.21451470539	0	0	0	1.21451470539
120.637157898	0.0404954103593	2.9965147799	-2.42605136614	-2.47720334928	1.20401515148	0	0	0	1.20401515148
120.951317163	0.0403430183076	2.99767480798	-2.35462307653	-2.40977140413	1.19360572133	0	0	0	1.19360572133
121.265476429	0.0402404010606	2.9987598183	-2.28340609213	-2.34232729262	1.18337642661	0	0	0	1.18337642661
121.579635694	0.0401880212949	2.99976500846	-2.21252438708	-2.2749884822	1.17345757079	0	0	0	1.17345757079
121.893794959	0.0401848069153	3.00068558032	-2.14212870695	-2.20789724526	1.16400369587	0	0	0	1.16400369587
122.207954225	0.0402272673484	3.00151952539	-2.07236852214	-2.14119228181	1.15516518996	0	0	0	1.15516518996
122.52211349	0.0403090543897	3.00227118361	-2.00334903928	-2.07496583	1.14704540462	0	0	0	1.14704540462
122.836272755	0.0404210513447	3.00295179317	-1.93511445691	-2.00924608727	1.13968309598	0	0	0	1.13968309598
123.150432021	0.0405533817086	3.00357513429	-1.8676572173	-1.94400830478	1.13306350193	0	0	0	1.13306350193
123.464591286	0.0406972856093	3.00415334465	-1.80093861706	-1.8791977864	1.12714126752	0	0	0	1.12714126752
123.778750551	0.0408465052984	3.00469441578	-1.73490886139	-1.81475243832	1.12186288178	0	0	0	1.12186288178
124.092909817	0.0409978389608	3.00520210088	-1.66951920972	-1.75061655506	1.11718034456	0	0	0	1.11718034456
124.407069082	0.0411500153336	3.00567763584	-1.60472886779	-1.68674620005	1.11305644954	0	0	0	1.11305644954
124.721228348	0.0413025515289	3.00612150702	-1.54050330308	-1.62310576467	1.10946127843	0	0	0	1.10946127843
125.035387613	0.0414553670241	3.00653106458	-1.47683734149	-1.55969060808	1.10639477578	0	0	0	1.10639477578
125.349546878	0.0416086030947	3.00690151414	-1.41374805904	-1.49652029611	1.10387991708	0	0	0	1.10387991708
125.663706144	0.0417628331859	3.00722888738	-1.35125288542	-1.43361737036	1.10194143451	0	0	0	1.10194143451
125.977865409	0.0419194749495	3.00751282309	-1.28935221794	-1.37099035937	1.10058882332	0	0	0	1.10058882332
126.292024674	0.0420793029133	3.00775380162	-1.22804835074	-1.30864962844	1.09983220189	0	0	0	1.09983220189
126.60618394	0.0422414349348	3.0079518457	-1.16734505192	-1.24660500402	1.0996799197	0	0	0	1.0996799197
126.920343205	0.0424040336349	3.00810867234	-1.10722617687	-1.18484521352	1.10011798529	0	0	0	1.10011798529
127.23450247	0.0425656118125	3.00822808108	-1.04765925039	-1.12334371678	1.10111589745	0	0	0	1.10111589745
127.548661736	0.0427255526044	3.00831484515	-0.988611490351	-1.06207594609	1.10264388062	0	0	0	1.10264388062
127.862821001	0.042882587049	3.00837510479	-0.930029825993	-1.00099552251	1.10464910424	0	0	0	1.10464910424
128.176980266	0.0430348843434	3.00841657062	-0.871833620605	-0.940026489837	1.10704792497	0	0	0	1.10704792497
128.491139532	0.0431807203477	3.00844702668	-0.813932357572	-0.879082762433	1.10974533136	0	0	0	1.10974533136
128.805298797	0.0433191316034	3.00847322048	-0.756247039623	-0.818091764711	1.11265856429	0	0	0	1.11265856429
129.119458063	0.0434504961721	3.00850198451	-0.698716413895	-0.757001994703	1.11572467371	0	0	0	1.11572467371
129.433617328	0.0435753117994	3.00853918753	-0.641287173611	-0.695770809528	1.11888831605	0	0	0	1.11888831605
129.747776593	0.0436937615942	3.00858942626	-0.583906080581	-0.634355568825	1.12209291263	0	0	0	1.12209291263
130.061935859	0.0438059108985	3.0086558627	-0.526524567891	-0.57271901204	1.12528604692	0	0	0	1.12528604692
130.376095124	0.0439116170311	3.00873894349	-0.469112353926	-0.510844084616	1.12843431095	0	0	0	1.12843431095
130.690254389	0.0440104704063	3.00883644945	-0.411658914019	-0.448735916517	1.13152531053	0	0	0	1.13152531053
131.004413655	0.0441018666307	3.0089446273	-0.35416494457	-0.38641302399	1.13455891758	0	0	0	1.13455891758
131.31857292	0.0441851408105	3.00905915124	-0.296637089448	-0.323901852665	1.13754189182	0	0	0	1.13754189182
131.632732185	0.044259615175	3.00917556948	-0.239086309971	-0.261235027793	1.14048623178	0	0	0	1.14048623178
131.946891451	0.0443246101158	3.00928957933	-0.181527181307	-0.198450501252	1.1434084404	0	0	0	1.1434084404
132.261050716	0.0443795285089	3.00939753743	-0.123976073123	-0.135589440714	1.14632755048	0	0	0	1.14632755048
132.575209981	0.0444238293044	3.00949658788	-0.0664472231463	-0.0726916832575	1.14926072929	0	0	0	1.14926072929
132.889369247	0.0444570713763	3.00958482617	-0.00894887911685	-0.00979124784136	1.15221895084	0	0	0	1.15221895084
133.203528512	0.0444790222939	3.00966148598	0.0485177274994	0.0530850953848	1.15520573065	0	0	0	1.15520573065
133.517687778	0.0444897632199	3.00972706019	0.105957579531	0.11591731002	1.15821780836	0	0	0	1.15821780836
133.831847043	0.0444897186471	3.00978319977	0.163380007262	0.178690431962	1.16124697489	0	0	0	1.16124697489
134.146006308	0.044479661411	3.00983258076	0.220796526567	0.241392566381	1.16428223539	0	0	0	1.16428223539
134.460165574	0.0444606627917	3.0098786589	0.278218648164	0.304012803134	1.16731204598	0	0	0	1.16731204598
134.774324839	0.044433974983	3.00992526387	0.335656290255	0.366539692875	1.17032597859	0	0	0	1.17032597859
135.088484104	0.0444009243091	3.00997618881	0.393118272131	0.428961902269	1.17331419367	0	0	0	1.17331419367
135.40264337	0.0443627550378	3.01003455394	0.45061440295	0.491270448969	1.1762653174	0	0	0	1.1762653174
135.716802635	0.044320490496	3.01010253552	0.508152898175	0.553455750555	1.17916948849	0	0	0	1.17916948849
136.0309619	0.0442749219363	3.01018168155	0.565736802618	0.615503698501	1.18202236996	0	0	0	1.18202236996
136.345121166	0.0442267780813	3.01027371301	0.623361840832	0.677393568474	1.18482732211	0	0	0	1.18482732211
136.659280431	0.0441767133855	3.01038058225	0.681017468011	0.739099271424	1.18759422875	0	0	0	1.18759422875
136.973439697	0.0441252609243	3.01050429445	0.738689107596	0.800591800923	1.19033711614	0	0	0	1.19033711614
137.287598962	0.0440728082686	3.01064642529	0.796363442164	0.861844885196	1.19306855128	0	0	0	1.19306855128
137.601758227	0.0440196674599	3.01080764346	0.854034237446	0.922841208044	1.19579345415	0	0	0	1.19579345415
137.915917493	0.0439660092469	3.01098643653	0.911711702731	0.983581983856	1.19849953171	0	0	0	1.19849953171
138.230076758	0.043911718389	3.01118008536	0.969410340281	1.04407354459	1.20117068335	0	0	0	1.20117068335
138.544236023	0.0438563386627	3.0113864569	1.02713434369	1.1043118067	1.20380253993	0	0	0	1.20380253993
138.858395289	0.0437992855524	3.01160417602	1.08488175078	1.1642871343	1.20639760599	0	0	0	1.20639760599
139.172554554	0.0437401067995	3.01183187807	1.14265425725	1.22399511602	1.20895448519	0	0	0	1.20895448519
139.486713819	0.043678756126	3.01206653983	1.20047156144	1.28345179514	1.21145262043	0	0	0	1.21145262043
139.800873085	0.0436155626056	3.0123043943	1.25836123543	1.34268285504	1.21386306597	0	0	0	1.21386306597
140.11503235	0.0435505651815	3.01254336345	1.31633492257	1.40169788499	1.21617419357	0	0	0	1.21617419357
140.429191615	0.0434835179517	3.01278265705	1.37439378026	1.46049623506	1.21838581957	0	0	0	1.21838581957
140.743350881	0.0434143450244	3.01302162607	1.43253993685	1.51907969531	1.22049649503	0	0	0	1.22049649503
141.057510146	0.0433435480371	3.01325878324	1.49078334689	1.57746014258	1.22249580916	0	0	0	1.22249580916
141.371669412	0.0432718318479	3.01349287063	1.54913111778	1.63564790232	1.22437597234	0	0	0	1.22437597234
141.685828677	0.0431993247254	3.01372432065	1.60757678526	1.69363955155	1.22614397228	0	0	0	1.22614397228
141.999987942	0.043125751962	3.01395423843	1.66611014121	1.75142827259	1.22781118296	0	0	0	1.22781118296
142.314147208	0.0430509095294	3.01418378536	1.72472159813	1.8090091473	1.22938802354	0	0	0	1.22938802354
142.628306473	0.0429750550064	3.01441323755	1.78340676895	1.86638431783	1.23087874023	0	0	0	1.23087874023
142.942465738	0.0428985165235	3.01464298858	1.84215913125	1.92355486535	1.23228946508	0	0	0	1.23228946508
143.256625004	0.0428210001086	3.01487452628	1.90096744259	1.98051700805	1.23363197228	0	0	0	1.23363197228
143.570784269	0.0427418706815	3.01511002625	1.95981878741	2.03726571947	1.23492001785	0	0	0	1.23492001785
143.884943534	0.0426605686705	3.01535119957	2.01870497806	2.09380167208	1.23616234718	0	0	0	1.23616234718
144.1991028	0.0425768910511	3.01559900005	2.07762115575	2.15013021237	1.23736366319	0	0	0	1.23736366319
144.513262065	0.0424909384792	3.01585355395	2.13656576326	2.20626103657	1.23852489099	0	0	0	1.23852489099
144.82742133	0.0424024388071	3.01611576003	2.19553555647	2.26220221249	1.2396491073	0	0	0	1.2396491073
145.141580596	0.0423108276829	3.0163867811	2.25453085005	2.31796536886	1.2407363121	0	0	0	1.2407363121
145.455739861	0.0422154700087	3.0166679442	2.31355369016	2.37356429258	1.2417847905	0	0	0	1.2417847905
145.769899127	0.0421159860455	3.01695978982	2.37261135588	2.42901862052	1.24278737742	0	0	0	1.24278737742
146.084058392	0.0420122948513	3.01726229467	2.43171207452	2.48434967938	1.24373557098	0	0	0	1.24373557098
146.398217657	0.0419047576824	3.01757424197	2.49086766363	2.53958295536	1.24461701506	0	0	0	1.24461701506
146.712376923	0.0417937096599	3.01789448772	2.55009069151	2.59474470231	1.24541884833	0	0	0	1.24541884833
147.026536188	0.0416792902229	3.01822227286	2.60939706478	2.64986417207	1.24612544327	0	0	0	1.24612544327
147.340695453	0.0415616676458	3.01855682064	2.66880560386	2.70497345413	1.24671853742	0	0	0	1.24671853742
147.654854719	0.0414411522329	3.01889718433	2.72833648585	2.76010607615	1.24717860319	0	0	0	1.24717860319
147.969013984	0.0413182244399	3.01924226486	2.78800936138	2.81529520402	1.2474866189	0	0	0	1.2474866189
148.283173249	0.0411934610726	3.01959105104	2.84784144534	2.87057176173	1.24762592381	0	0	0	1.24762592381
148.597332515	0.0410677142231	3.01994196434	2.90785072466	2.92596743661	1.24757918429	0	0	0	1.24757918429
148.91149178	0.0409418848946	3.02029359693	2.96805211375	2.98151091304	1.24733213577	0	0	0	1.24733213577
149.225651046	0.0408171438358	3.02064396933	3.02846086489	3.03723104826	1.24687038151	0	0	0	1.24687038151
149.539810311	0.040694789361	3.02099099349	3.08908990609	3.09315425585	1.2461819842	0	0	0	1.2461819842
149.853969576	0.0405761639139	3.02133269853	-3.13323598422	-3.13388134602	1.24525799065	0	0	0	1.24525799065
150.168128842	0.0404628115254	3.02166675585	-3.07213830801	-3.07748416047	1.24409186443	0	0	0	1.24409186443
150.482288107	0.040356314972	3.02199093985	-3.01079847393	-3.02082267889	1.24268118966	0	0	0	1.24268118966
150.796447372	0.0402582631095	3.02230317959	-2.94921706654	-2.96388473431	1.24102813561	0	0	0	1.24102813561
151.110606638	0.0401701640949	3.02260176283	-2.88739924415	-2.90666287569	1.23913950761	0	0	0	1.23913950761
151.424765903	0.0400934945352	3.02288510542	-2.82535605192	-2.84915559545	1.23702795826	0	0	0	1.23702795826
151.738925168	0.0400297177972	3.02315163891	-2.76310384266	-2.79136683064	1.23471146987	0	0	0	1.23471146987
152.053084434	0.0399802407287	3.02339979439	-2.70066597916	-2.73330755512	1.23221492632	0	0	0	1.23221492632
152.367243699	0.0399463758141	3.0236279201	-2.63807427002	-2.67499712946	1.22957144169	0	0	0	1.22957144169
152.681402964	0.0399292663464	3.02383437781	-2.57536788904	-2.61646227387	1.2268213098	0	0	0	1.2268213098
152.99556223	0.0399298345011	3.02401760644	-2.51259196321	-2.55773571655	1.22401062926	0	0	0	1.22401062926
153.309721495	0.0399488735398	3.02417572203	-2.44979801065	-2.49885671981	1.22119180225	0	0	0	1.22119180225
153.623880761	0.0399869563344	3.02430673493	-2.38704209315	-2.43986929892	1.21842172363	0	0	0	1.21842172363
153.938040026	0.0400444565336	3.02440839572	-2.32438452974	-2.38082200728	1.21576153533	0	0	0	1.21576153533
154.252199291	0.0401215618482	3.02447844996	-2.26188509967	-2.3217634585	1.21327211575	0	0	0	1.21327211575
154.566358557	0.0402182023351	3.0245158286	-2.19959108265	-2.26273083211	1.2110025595	0	0	0	1.2110025595
154.880517822	0.0403340958299	3.02452030974	-2.13754165528	-2.20375391136	1.20899419654	0	0	0	1.20899419654
155.194677087	0.0404687269051	3.0244904436	-2.07579008561	-2.14487617817	1.20730165254	0	0	0	1.20730165254
155.508836353	0.04062115059	3.02442387999	-2.01439991512	-2.0861510653	1.20598905448	0	0	0	1.20598905448
155.822995618	0.0407901054409	3.02431705797	-1.95344270467	-2.02764016595	1.20512819145	0	0	0	1.20512819145
156.137154883	0.0409740631091	3.02416589927	-1.8929887973	-1.96940458242	1.20478981178	0	0	0	1.20478981178
156.451314149	0.0411715363004	3.02396728259	-1.83309092192	-1.91148959377	1.205028249	0	0	0	1.205028249
156.765473414	0.0413811143717	3.02371955311	-1.77378237605	-1.85392273544	1.2058794743	0	0	0	1.2058794743
157.07963268	0.0416009221588	3.02342006992	-1.71510371999	-1.7967387293	1.20738598943	0	0	0	1.20738598943
157.393791945	0.0418284158761	3.02306491023	-1.65710350833	-1.73998001933	1.20959730926	0	0	0	1.20959730926
157.70795121	0.0420607152008	3.02264909568	-1.59983182439	-1.68369126681	1.2125644006	0	0	0	1.2125644006
158.022110476	0.0422952003576	3.02216793543	-1.54332749521	-1.62790796789	1.21632824928	0	0	0	1.21632824928
158.336269741	0.0425299507747	3.02161857926	-1.48760843831	-1.57264756534	1.22091094081	0	0	0	1.22091094081
158.650429006	0.0427627754216	3.0209972336	-1.43269770744	-1.51793337296	1.22633955629	0	0	0	1.22633955629
158.964588272	0.0429906907945	3.02029794752	-1.37863110909	-1.46380143387	1.23265298033	0	0	0	1.23265298033
159.278747537	0.0432102806778	3.01951297477	-1.32545221249	-1.4102965711	1.23989789801	0	0	0	1.23989789801
159.592906802	0.04341842542	3.01863402857	-1.27320486609	-1.35746647877	1.24812284133	0	0	0	1.24812284133
159.907066068	0.0436130521009	3.0176546699	-1.22192149166	-1.30535121346	1.25736766583	0	0	0	1.25736766583
160.221225333	0.0437915824507	3.01656680015	-1.17164564774	-1.25400308486	1.26768343172	0	0	0	1.26768343172
160.535384598	0.0439504090219	3.01535941011	-1.12243685637	-1.20349093331	1.27913665287	0	0	0	1.27913665287
160.849543864	0.0440853869097	3.01401938022	-1.07436618059	-1.15389689554	1.29180603797	0	0	0	1.29180603797
161.163703129	0.0441929323656	3.01253421081	-1.02750570979	-1.10530767401	1.3057737591	0	0	0	1.3057737591
161.477862395	0.0442708896791	3.01089365894	-0.981929314348	-1.05781661207	1.32112756751	0	0	0	1.32112756751
161.79202166	0.0443172377327	3.00908684182	-0.937727274566	-1.01153632671	1.3379734782	0	0	0	1.3379734782
162.106180925	0.0443298281268	3.00710231193	-0.895004688461	-0.966596541327	1.35643365703	0	0	0	1.35643365703
162.420340191	0.0443072164459	3.00492965399	-0.853881880867	-0.923145760318	1.37664817321	0	0	0	1.37664817321
162.734499456	0.0442499892893	3.00256316756	-0.814487610171	-0.881345752908	1.39876960587	0	0	0	1.39876960587
163.048658721	0.0441621859423	3.0000058032	-0.776954908936	-0.841368367039	1.42296004723	0	0	0	1.42296004723
163.362817987	0.0440519014698	2.99727158939	-0.741416871048	-0.803390551224	1.44938637305	0	0	0	1.44938637305
163.676977252	0.0439318769592	2.99439120729	-0.707967318176	-0.767551696169	1.47817790164	0	0	0	1.47817790164
163.991136517	0.0438210628997	2.99141970784	-0.676612717057	-0.733902512582	1.50937567867	0	0	0	1.50937567867
164.305295783	0.0437464671605	2.98844500875	-0.647216281344	-0.702345374825	1.54287331496	0	0	0	1.54287331496
164.619455048	0.0437441965832	2.98559549838	-0.619427227562	-0.672557184596	1.57834042347	0	0	0	1.57834042347
164.933614313	0.0438578657125	2.98303972959	-0.592628338457	-0.643928028735	1.6151618568	0	0	0	1.6151618568
165.247773579	0.0441337509826	2.98097370166	-0.565943734322	-0.615560200333	1.65243716752	0	0	0	1.65243716752
165.561932844	0.0446125074273	2.97959502486	-0.538315419004	-0.586337071135	1.68904960399	0	0	0	1.68904960399
165.87609211	0.0453189553338	2.97906487469	-0.508676032248	-0.555094440795	1.72383708511	0	0	0	1.72383708511
166.190251375	0.0462541951626	2.97946953379	-0.476183543939	-0.520865266882	1.75583596496	0	0	0	1.75583596496
166.50441064	0.047393552395	2.9807977175	-0.440407779993	-0.483085771073	1.78448569134	0	0	0	1.78448569134
166.818569906	0.0486913923173	2.98294411258	-0.401377892617	-0.44166546571	1.80969720939	0	0	0	1.80969720939
167.132729171	0.0500905380656	2.98573655737	-0.359485038673	-0.396907476822	1.83177186074	0	0	0	1.83177186074
167.446888436	0.0515323217193	2.98897372673	-0.315310245629	-0.349344245645	1.85123613606	0	0	0	1.85123613606
167.761047702	0.0529631588954	2.99245577098	-0.269467369589	-0.299578787371	1.86868252182	0	0	0	1.86868252182
168.075206967	0.0543383259835	2.99600584775	-0.222492757721	-0.248166814056	1.88465165963	0	0	0	1.88465165963
168.389366232	0.0556235564236	2.99948234169	-0.174778141669	-0.195538674127	1.89955464965	0	0	0	1.89955464965
168.703525498	0.0567960473947	3.00278584463	-0.1265305845	-0.141946939667	1.91362120522	0	0	0	1.91362120522
169.017684763	0.0578458364159	3.00586327766	-0.0777659953479	-0.08744952322	1.92688343732	0	0	0	1.92688343732
169.331844029	0.0587766507066	3.00870691586	-0.0283668082055	-0.0319643149149	1.93923119002	0	0	0	1.93923119002
169.646003294	0.0596018711699	3.01133786952	0.0217974305026	0.0246039081031	1.95053953022	0	0	0	1.95053953022
169.960162559	0.0603384489445	3.01378676129	0.0727758460298	0.0822614954276	1.96077114081	0	0	0	1.96077114081
170.274321825	0.0609999415276	3.01607443226	0.12452041456	0.140907681044	1.96999481312	0	0	0	1.96999481312
170.58848109	0.0615940166834	3.01820670324	0.176926132235	0.20037718753	1.97834302799	0	0	0	1.97834302799
170.902640355	0.0621234609173	3.02017864283	0.229877073972	0.260490212393	1.98596220288	0	0	0	1.98596220288
171.216799621	0.062588415454	3.02198136424	0.283274914184	0.321084338048	1.99298109766	0	0	0	1.99298109766
171.530958886	0.0629887802119	3.02360890467	0.337045368504	0.382023149684	1.99950258252	0	0	0	1.99950258252
171.845118151	0.0633255092229	3.02506138158	0.391136468844	0.44319618866	2.00560410541	0	0	0	2.00560410541
172.159277417	0.0636008993458	3.02634501817	0.445513625566	0.50451499225	2.01134205494	0	0	0	2.01134205494
172.473436682	0.0638187874812	3.02747252974	0.500148108124	0.56590169351	2.0167635328	0	0	0	2.0167635328
172.787595947	0.0639844747363	3.02846208738	0.555014503131	0.627287419786	2.02190828126	0	0	0	2.02190828126
173.101755213	0.0641045129519	3.02933599235	0.610087584619	0.688609656007	2.02681158958	0	0	0	2.02681158958
173.415914478	0.0641863726094	3.03011943015	0.665337415302	0.749807235149	2.03150951377	0	0	0	2.03150951377
173.730073744	0.0642378569121	3.0308383265	0.720729010093	0.810819734072	2.03603962723	0	0	0	2.03603962723
174.044233009	0.0642665574309	3.03151697003	0.776226444568	0.871591340027	2.04043723558	0	0	0	2.04043723558
174.358392274	0.0642794922103	3.03217607221	0.831798097227	0.932075723467	2.04473052283	0	0	0	2.04473052283
174.67255154	0.0642823183501	3.03283233793	0.887409292094	0.992226159648	2.04895040249	0	0	0	2.04895040249
174.986710805	0.0642790161324	3.0335000251	0.943013314752	1.0519847099	2.05314129878	0	0	0	2.05314129878
175.30087007	0.0642722866582	3.03419007648	0.998565430872	1.1112975426	2.05734577819	0	0	0	2.05734577819
175.615029336	0.0642637871118	3.03490726722	1.05404334568	1.17013641608	2.06158297822	0	0	0	2.06158297822
175.929188601	0.0642533221243	3.03565247927	1.10943101614	1.22847893364	2.06586824203	0	0	0	2.06586824203
176.243347866	0.0642394346657	3.03642570841	1.1647113251	1.28630135685	2.07022023011	0	0	0	2.07022023011
176.557507132	0.0642206987535	3.03722253642	1.21989415082	1.34361003547	2.07462940344	0	0	0	2.07462940344
176.871666397	0.0641948940212	3.03803570227	1.27500457869	1.40042666997	2.07907263902	0	0	0	2.07907263902
177.185825662	0.064159379821	3.03885926106	1.33006482678	1.45676999847	2.08353146774	0	0	0	2.08353146774
177.499984928	0.0641126744985	3.03968591636	1.3851121087	1.51267721718	2.08797057436	0	0	0	2.08797057436
177.814144193	0.0640534015083	3.04050726055	1.44019346684	1.56819619988	2.09234546923	0	0	0	2.09234546923
178.128303459	0.0639803432501	3.04131736034	1.49534753683	1.62336704546	2.0966208644	0	0	0	2.0966208644
178.442462724	0.0638938809393	3.04211040249	1.55061491371	1.67823554493	2.10075712721	0	0	0	2.10075712721
178.756621989	0.0637952274757	3.04288120355	1.60603254601	1.7328459554	2.10471740485	0	0	0	2.10471740485
179.070781255	0.0636852865478	3.04362790084	1.66162027226	1.78722556934	2.10848297994	0	0	0	2.10848297994
179.38494052	0.0635656171589	3.04434985619	1.71738872195	1.84139476439	2.11204314774	0	0	0	2.11204314774
179.699099785	0.0634384414764	3.04504730532	1.77333871056	1.89536652789	2.11539560356	0	0	0	2.11539560356
180.013259051	0.0633050496039	3.04572198913	1.82946380943	1.94914602441	2.11854679095	0	0	0	2.11854679095
180.327418316	0.0631660150591	3.04637744807	1.88574945458	2.00273038628	2.12151204453	0	0	0	2.12151204453
180.641577581	0.0630220140431	3.04701808329	1.94217353275	2.05611098016	2.12431325637	0	0	0	2.12431325637
180.955736847	0.0628731373301	3.04764780797	1.99871924301	2.10928442226	2.12696778162	0	0	0	2.12696778162
181.269896112	0.0627185304051	3.04827158846	2.05537112267	2.16224815545	2.12949279714	0	0	0	2.12949279714
181.584055378	0.0625573783784	3.04889459737	2.11211254684	2.21499983005	2.13190586427	0	0	0	2.13190586427
181.898214643	0.0623891781321	3.04952039917	2.16893422651	2.26754554451	2.13421661731	0	0	0	2.13421661731
182.212373908	0.0622128990199	3.05015311721	2.22583012635	2.31989452702	2.1364320203	0	0	0	2.1364320203
182.526533174	0.0620273905166	3.05079727069	2.28279437165	2.37205691387	2.13855854307	0	0	0	2.13855854307
182.840692439	0.0618320523515	3.0514564822	2.33982013801	2.42404360456	2.1406022543	0	0	0	2.1406022543
183.154851704	0.0616265689958	3.05213322423	2.39690457963	2.47587019267	2.14256483269	0	0	0	2.14256483269
183.46901097	0.0614107666517	3.05282848039	2.45405490385	2.52756207767	2.14443839635	0	0	0	2.14443839635
183.783170235	0.0611844030829	3.05354344311	2.51127895863	2.57914547294	2.14621444979	0	0	0	2.14621444979
184.0973295	0.0609472719323	3.05427933822	2.56858466533	2.63064699517	2.14788426368	0	0	0	2.14788426368
184.411488766	0.0606997439451	3.05503603786	2.6259798389	2.68209394046	2.14943855879	0	0	0	2.14943855879
184.725648031	0.0604425687632	3.05581207931	2.68347690334	2.73351808467	2.15086365828	0	0	0	2.15086365828
185.039807296	0.0601770948396	3.05660390333	2.74109665338	2.78495896034	2.15213816895	0	0	0	2.15213816895
185.353966562	0.0599047684083	3.05740766508	2.79886385641	2.8364592742	2.15323752759	0	0	0	2.15323752759
185.668125827	0.059627246143	3.05821915257	2.85680591363	2.88806370551	2.15413518231	0	0	0	2.15413518231
185.982285093	0.0593463411421	3.05903416724	2.91494982145	2.93981608494	2.15480539454	0	0	0	2.15480539454
186.296444358	0.0590640717536	3.05984842306	2.97332154548	2.99175880823	2.15522381068	0	0	0	2.15522381068
186.610603623	0.0587826760683	3.06065755235	3.03194401931	3.04393098963	2.15536929665	0	0	0	2.15536929665
186.924762889	0.0585044152391	3.06145761518	3.09083722329	3.09636843801	2.15522395313	0	0	0	2.15522395313
187.238922154	0.0582317443709	3.0622445722	-3.13316587246	-3.1340805241	2.154771981	0	0	0	2.154771981
187.553081419	0.0579673953788	3.06301405992	-3.07367863984	-3.08101441775	2.15400025578	0	0	0	2.15400025578
187.867240685	0.0577141996568	3.06376189426	-3.013874523	-3.02759221915	2.15290008742	0	0	0	2.15290008742
188.18139995	0.0574749693444	3.06448435892	-2.95374666341	-2.9737928992	2.15146798571	0	0	0	2.15146798571
188.495559215	0.0572524550957	3.06517820541	-2.89329514939	-2.9196024468	2.14970737399	0	0	0	2.14970737399
188.809718481	0.0570492598858	3.06584069936	-2.83252877749	-2.86501540212	2.14763012003	0	0	0	2.14763012003
189.123877746	0.056867818337	3.06646938998	-2.77146690208	-2.81003649528	2.14525816884	0	0	0	2.14525816884
189.438037011	0.056710237931	3.06706229867	-2.71013907734	-2.7546802285	2.14262311609	0	0	0	2.14262311609
189.752196277	0.056578266556	3.0676177926	-2.64858386138	-2.69896973645	2.13976505967	0	0	0	2.13976505967
190.066355542	0.0564731538868	3.06813487903	-2.58684603173	-2.64293410015	2.13672990149	0	0	0	2.13672990149
190.380514808	0.0563956544386	3.06861339396	-2.5249713504	-2.58660347636	2.13356446492	0	0	0	2.13356446492
190.694674073	0.0563465474983	3.06905272194	-2.46300538215	-2.53000844015	2.13031581687	0	0	0	2.13031581687
191.008833338	0.0563264562099	3.06945156075	-2.4010009541	-2.47318668107	2.12703793441	0	0	0	2.12703793441
191.322992604	0.0563354941711	3.06980821692	-2.33902082077	-2.41618513022	2.12379380041	0	0	0	2.12379380041
191.637151869	0.0563731081657	3.07012096763	-2.27713356596	-2.35905601782	2.12065142768	0	0	0	2.12065142768
191.951311134	0.0564380813864	3.07038866687	-2.21540512045	-2.30184896591	2.11767591901	0	0	0	2.11767591901
192.2654704	0.0565290420913	3.07061110338	-2.15388689302	-2.24460051898	2.11491896386	0	0	0	2.11491896386
192.579629665	0.0566448473705	3.07078753301	-2.09262384819	-2.18734212767	2.1124267811	0	0	0	2.1124267811
192.89378893	0.0567838390017	3.07091629853	-2.03166812471	-2.13011184498	2.11025176487	0	0	0	2.11025176487
193.207948196	0.0569435204272	3.070995567	-1.97107438226	-2.07294952055	2.10844762535	0	0	0	2.10844762535
193.522107461	0.0571210381515	3.0710243611	-1.91088546083	-2.01588397901	2.10705651501	0	0	0	2.10705651501
193.836266727	0.0573143825541	3.07100272782	-1.85112241858	-1.95892545785	2.10610141661	0	0	0	2.10610141661
194.150425992	0.0575212922418	3.07093040353	-1.79180572432	-1.90208383175	2.10560431105	0	0	0	2.10560431105
194.464585257	0.0577384600822	3.0708057131	-1.73296549675	-1.84537715144	2.10559464897	0	0	0	2.10559464897
194.778744523	0.0579622708983	3.07062782147	-1.67462049065	-1.78881279578	2.10609042892	0	0	0	2.10609042892
195.092903788	0.0581905960451	3.07039787337	-1.61676552242	-1.73237845432	2.10708912058	0	0	0	2.10708912058
195.407063053	0.0584210546032	3.07011636965	-1.55939750004	-1.67606412027	2.10858959281	0	0	0	2.10858959281
195.721222319	0.058649995551	3.06978219254	-1.50252136325	-1.61986617108	2.11059611112	0	0	0	2.11059611112
196.035381584	0.0588741017427	3.06939658196	-1.44612265205	-1.56376336772	2.11309425925	0	0	0	2.11309425925
196.349540849	0.059091880231	3.06896251857	-1.3901734062	-1.50772539893	2.11605942389	0	0	0	2.11605942389
196.663700115	0.0593007337704	3.06848167702	-1.33465135139	-1.45172626323	2.11947010112	0	0	0	2.11947010112
196.97785938	0.0594971168109	3.06795529545	-1.27953136151	-1.39573616143	2.12329970233	0	0	0	2.12329970233
197.292018645	0.0596792820332	3.06738715876	-1.22477474566	-1.33971598307	2.12751096721	0	0	0	2.12751096721
197.606177911	0.0598463439293	3.06678134007	-1.17034330964	-1.28362963774	2.13206823161	0	0	0	2.13206823161
197.920337176	0.0599958960853	3.06613990024	-1.11620238085	-1.22744266279	2.13693595619	0	0	0	2.13693595619
198.234496442	0.0601256438066	3.06546557376	-1.06231016094	-1.1711145411	2.14207096668	0	0	0	2.14207096668
198.548655707	0.0602354960725	3.06476269465	-1.00862732905	-1.11461260629	2.14743630107	0	0	0	2.14743630107
198.862814972	0.0603250628347	3.06403417097	-0.955120961019	-1.0579114682	2.15300058063	0	0	0	2.15300058063
199.176974238	0.0603926991386	3.06328131963	-0.901755255251	-1.00098175151	2.15872669085	0	0	0	2.15872669085
199.491133503	0.0604372501987	3.06250641782	-0.848489321206	-0.943790961339	2.16457260495	0	0	0	2.16457260495
199.805292768	0.0604591339792	3.06171172848	-0.795297594174	-0.88632714393	2.1705150197	0	0	0	2.1705150197
200.119452034	0.0604583568987	3.06089815286	-0.742158801342	-0.828583819196	2.17653427156	0	0	0	2.17653427156
200.433611299	0.0604338855372	3.06006542753	-0.689043551483	-0.770545761639	2.18260011673	0	0	0	2.18260011673
200.747770564	0.0603848764711	3.05921434655	-0.635913080616	-0.712189509945	2.18867225936	0	0	0	2.18867225936
201.06192983	0.0603113042206	3.05834625284	-0.582734093207	-0.653500296535	2.19471732447	0	0	0	2.19471732447
201.376089095	0.0602136650425	3.05746157868	-0.529488954576	-0.594482792523	2.20071965177	0	0	0	2.20071965177
201.69024836	0.0600920812195	3.0565603411	-0.476154869688	-0.53513704579	2.20665731025	0	0	0	2.20665731025
202.004407626	0.0599464812369	3.05564271587	-0.422699435006	-0.475453704811	2.2124974206	0	0	0	2.2124974206
202.318566891	0.0597769957294	3.05470922204	-0.36908625587	-0.41542052473	2.21820277762	0	0	0	2.21820277762
202.632726157	0.0595844266413	3.05376190795	-0.315276186012	-0.355023892502	2.22373351202	0	0	0	2.22373351202
202.946885422	0.0593700691033	3.05280351522	-0.261232559999	-0.294254133742	2.22905255823	0	0	0	2.22905255823
203.261044687	0.0591350818769	3.05183536424	-0.206927403357	-0.233111857337	2.23413215571	0	0	0	2.23413215571
203.575203953	0.0588806426983	3.05085821177	-0.15233949131	-0.171605865659	2.23895192916	0	0	0	2.23895192916
203.889363218	0.0586078805987	3.04987249166	-0.097447670688	-0.109745493882	2.24349141858	0	0	0	2.24349141858
204.203522483	0.0583180043282	3.04887874314	-0.0422283668015	-0.0475376765329	2.24772734808	0	0	0	2.24772734808
204.517681749	0.0580123599884	3.04787766548	0.0133432656354	0.0150119775834	2.25163491068	0	0	0	2.25163491068
204.831841014	0.0576924740988	3.04687018432	0.0692922780163	0.0778982409948	2.25518892406	0	0	0	2.25518892406
205.146000279	0.0573600058234	3.04585728049	0.12564262804	0.141115065304	2.25836524463	0	0	0	2.25836524463
205.460159545	0.0570166223491	3.04483961434	0.182416675011	0.204655209015	2.26114134343	0	0	0	2.26114134343
205.77431881	0.0566641458989	3.04381801278	0.239635393745	0.26851072651	2.26349601752	0	0	0	2.26349601752
206.088478076	0.056304441588	3.04279316307	0.297317595793	0.332672282382	2.26541026703	0	0	0	2.26541026703
206.402637341	0.055939449833	3.04176585916	0.355478159914	0.397127402911	2.26686922441	0	0	0	2.26686922441
206.716796606	0.0555710188155	3.04073642354	0.41413043133	0.461863218742	2.26785957774	0	0	0	2.26785957774
207.030955872	0.0552007596535	3.03970395336	0.473290862968	0.526871522453	2.26836465707	0	0	0	2.26836465707
207.345115137	0.0548301231381	3.03866685022	0.532975110883	0.592144457108	2.26836886991	0	0	0	2.26836886991
207.659274402	0.0544603090731	3.03762309793	0.593193827367	0.657669809046	2.26786252196	0	0	0	2.26786252196
207.973433668	0.0540923474104	3.0365708743	0.653951535831	0.723429961846	2.26684296513	0	0	0	2.26684296513
208.287592933	0.0537272036725	3.03550906908	0.715246613197	0.789402193932	2.26531439358	0	0	0	2.26531439358
208.601752198	0.0533656908078	3.03443642058	0.777078284235	0.855566299951	2.2632802969	0	0	0	2.2632802969
208.915911464	0.0530084577388	3.03335028873	0.839456295143	0.921914904401	2.2607331903	0	0	0	2.2607331903
209.230070729	0.0526559239984	3.03224609927	0.902403442854	0.988455699861	2.25765238948	0	0	0	2.25765238948
209.544229994	0.0523077267328	3.03111868775	0.965939219305	1.05519271243	2.25402274927	0	0	0	2.25402274927
209.85838926	0.0519629719336	3.02996375549	1.03007723266	1.12212394836	2.24983702776	0	0	0	2.24983702776
210.172548525	0.0516206362201	3.02877721265	1.09483716463	1.18925476847	2.24508252116	0	0	0	2.24508252116
210.486707791	0.0512799887686	3.02755286354	1.16026428649	1.25661881379	2.23972011373	0	0	0	2.23972011373
210.800867056	0.0509403037727	3.026283675	1.22641785702	1.32426479918	2.23369743626	0	0	0	2.23369743626
211.115026321	0.0506000897576	3.02496508327	1.29334692296	1.39222987251	2.2269754849	0	0	0	2.2269754849
211.429185587	0.0502574931494	3.02359512467	1.36109644268	1.46054705864	2.21952117365	0	0	0	2.21952117365
211.743344852	0.0499110128429	3.02217314739	1.42972016043	1.52926001709	2.21129255772	0	0	0	2.21129255772
212.057504117	0.0495593821469	3.0207016948	1.49926764882	1.5984097951	2.2022520522	0	0	0	2.2022520522
212.371663383	0.0492001873151	3.01919201756	1.56974829105	1.66799666313	2.192404609	0	0	0	2.192404609
212.685822648	0.0488297820417	3.0176669075	1.64111589601	1.73796649119	2.18181139873	0	0	0	2.18181139873
212.999981913	0.048443702695	3.0161627716	1.71325266391	1.8081981633	2.17060246691	0	0	0	2.17060246691
213.314141179	0.0480366661109	3.0147317982	1.78594555435	1.87848328298	2.1589971052	0	0	0	2.1589971052
213.628300444	0.0476014726314	3.01344524809	1.85885328075	1.94849537831	2.14733472803	0	0	0	2.14733472803
213.942459709	0.0471295298718	3.01238909463	1.93151321654	2.01780139958	2.13606342909	0	0	0	2.13606342909
214.256618975	0.0466134968695	3.01164927222	2.00340116466	2.0859262392	2.12567537198	0	0	0	2.12567537198
214.57077824	0.04605044747	3.01129233645	2.07401825602	2.15244002089	2.11661918683	0	0	0	2.11661918683
214.884937506	0.0454440279695	3.01134621872	2.14300232081	2.21706240534	2.1091951072	0	0	0	2.1091951072
215.199096771	0.0448043953503	3.01179247074	2.21020304594	2.27972557324	2.1034912819	0	0	0	2.1034912819
215.513256036	0.0441467313709	3.01257074687	2.27570263452	2.34058328458	2.09937401804	0	0	0	2.09937401804
215.827415302	0.0434882049182	3.0135957567	2.33976093289	2.39994887293	2.09654925822	0	0	0	2.09654925822
216.141574567	0.0428447594468	3.01477723056	2.40272704797	2.45820549296	2.09465206246	0	0	0	2.09465206246
216.455733832	0.0422287137106	3.01603606546	2.46495267969	2.51572263008	2.09333007508	0	0	0	2.09333007508
216.769893098	0.0416477053805	3.01731212529	2.52674578331	2.57281424364	2.09228552317	0	0	0	2.09228552317
217.084052363	0.0411051768229	3.01856468638	2.58835580008	2.62972881863	2.09128537611	0	0	0	2.09128537611
217.398211628	0.0406016529993	3.0197688015	2.64997738462	2.68665704129	2.09015387589	0	0	0	2.09015387589
217.712370894	0.0401359603316	3.02091100783	2.71175921823	2.74374325287	2.08876125364	0	0	0	2.08876125364
218.026530159	0.039706211072	3.02198535877	2.77381445065	2.80109735604	2.0870119505	0	0	0	2.0870119505
218.340689425	0.0393104889183	3.02299033526	2.83622954858	2.85880430858	2.08483520968	0	0	0	2.08483520968
218.65484869	0.038947186589	3.02392693934	2.89906976108	2.91692975711	2.08217950094	0	0	0	2.08217950094
218.969007955	0.0386153595643	3.02479685286	2.96238518908	2.97552591338	2.07900667531	0	0	0	2.07900667531
219.283167221	0.0383148125283	3.02560167316	3.02620905783	3.03462982004	2.0752937151	0	0	0	2.0752937151
219.597326486	0.0380462759922	3.02634187222	3.09055649403	3.0942619643	2.07103412107	0	0	0	2.07103412107
219.911485751	0.0378115191339	3.02701597475	-3.12776782663	-3.1287660112	2.06624488107	0	0	0	2.06624488107
220.225645017	0.0376128980245	3.02762120941	-3.06244175664	-3.0681229606	2.06097933172	0	0	0	2.06097933172
220.539804282	0.0374523469525	3.02815544069	-2.9967486832	-3.00708062948	2.05533769916	0	0	0	2.05533769916
220.853963547	0.0373302944249	3.0286190905	-2.93083751142	-2.94577312727	2.04946780026	0	0	0	2.04946780026
221.168122813	0.0372447698702	3.02901672747	-2.86489061066	-2.88436509911	2.04354791567	0	0	0	2.04354791567
221.482282078	0.0371911473415	3.0293575221	-2.79909312458	-2.82302195276	2.03775702841	0	0	0	2.03775702841
221.796441343	0.0371629238192	3.02965352969	-2.73360317439	-2.76188139533	2.03224635636	0	0	0	2.03224635636
222.110600609	0.0371531174365	3.02991697487	-2.66852851951	-2.70103188718	2.02711777589	0	0	0	2.02711777589
222.424759874	0.0371556338922	3.03015784749	-2.60391987207	-2.64050736576	2.02241849077	0	0	0	2.02241849077
222.73891914	0.0371663305751	3.03038200319	-2.53978111227	-2.58029821849	2.01815193272	0	0	0	2.01815193272
223.053078405	0.0371832441514	3.0305909886	-2.47608808032	-2.52036996699	2.01429637053	0	0	0	2.01429637053
223.36723767	0.0372063945678	3.03078242613	-2.41280911607	-2.46068326097	2.01082483674	0	0	0	2.01082483674
223.681396936	0.0372371959945	3.03095151568	-2.34991497611	-2.40120330844	2.00771450881	0	0	0	2.00771450881
223.995556201	0.0372780446031	3.03109121138	-2.28739522617	-2.34191543814	2.00496223186	0	0	0	2.00496223186
224.309715466	0.0373317125601	3.03119356003	-2.22525840566	-2.28282490847	2.00258429981	0	0	0	2.00258429981
224.623874732	0.0374007298529	3.03125122626	-2.16352688995	-2.2239513196	2.00061085441	0	0	0	2.00061085441
224.938033997	0.037487365246	3.03125796585	-2.10222915337	-2.16532115276	1.99907842115	0	0	0	1.99907842115
225.252193262	0.037593171113	3.03121024908	-2.04138856038	-2.10695608427	1.99801822997	0	0	0	1.99801822997
225.566352528	0.0377181608124	3.03110835447	-1.98102194006	-2.04886973913	1.99745299086	0	0	0	1.99745299086
225.880511793	0.0378611665253	3.03095345566	-1.92115610055	-1.99108377463	1.99741298599	0	0	0	1.99741298599
226.194671058	0.038020193802	3.0307463286	-1.86182806527	-1.93362869083	1.99793685214	0	0	0	1.99793685214
226.508830324	0.0381927259098	3.03048956413	-1.80305593396	-1.87651599427	1.99904371937	0	0	0	1.99904371937
226.822989589	0.0383762767625	3.03018913722	-1.74481952238	-1.81971989868	2.00071490308	0	0	0	2.00071490308
227.137148855	0.0385678377052	3.02985107905	-1.68709652466	-1.76321131742	2.00292787936	0	0	0	2.00292787936
227.45130812	0.0387635904351	3.02948069886	-1.62986733619	-1.70696210436	2.00566047913	0	0	0	2.00566047913
227.765467385	0.0389592627954	3.02908376502	-1.57309885313	-1.65092978695	2.00887557087	0	0	0	2.00887557087
228.079626651	0.0391510043048	3.02866740172	-1.51673351851	-1.59504826297	2.01251171254	0	0	0	2.01251171254
228.393785916	0.0393362648319	3.02823873357	-1.46070339213	-1.53924340165	2.01649870491	0	0	0	2.01649870491
228.707945181	0.0395130972071	3.02780295601	-1.40495156481	-1.48345321055	2.02077769272	0	0	0	2.02077769272
229.022104447	0.0396793953788	3.027363945	-1.34942706204	-1.42762150485	2.0252947697	0	0	0	2.0252947697
229.336263712	0.0398330200219	3.02692474091	-1.29407961622	-1.37169309271	2.02999610289	0	0	0	2.02999610289
229.650422977	0.0399722251854	3.0264883764	-1.23885409677	-1.31560906653	2.03482316704	0	0	0	2.03482316704
229.964582243	0.0400960252862	3.02605597833	-1.18371041591	-1.25932793783	2.03973382295	0	0	0	2.03973382295
230.278741508	0.0402046132679	3.0256267405	-1.12863120459	-1.2028346791	2.04471129314	0	0	0	2.04471129314
230.592900774	0.0402983919261	3.02519942258	-1.07360608416	-1.14612298971	2.04974638754	0	0	0	2.04974638754
230.907060039	0.0403771577373	3.02477145545	-1.01863156286	-1.08919383506	2.05483601314	0	0	0	2.05483601314
231.221219304	0.040440344217	3.02433922307	-0.963708952391	-1.03205399131	2.05998168981	0	0	0	2.05998168981
231.53537857	0.0404874818695	3.02389964392	-0.908835309925	-0.974707538076	2.06518102848	0	0	0	2.06518102848
231.849537835	0.0405186348844	3.02345096124	-0.854003800922	-0.917156843828	2.07042872512	0	0	0	2.07042872512
232.1636971	0.0405345613402	3.02299195848	-0.79921762339	-0.859417256561	2.07573126817	0	0	0	2.07573126817
232.477856366	0.0405359693195	3.02252169355	-0.744482063143	-0.80150747471	2.08109733631	0	0	0	2.08109733631
232.792015631	0.0405229356574	3.02203902126	-0.689795678608	-0.743439331722	2.08652761828	0	0	0	2.08652761828
233.106174896	0.0404952386059	3.02154326007	-0.635146395861	-0.685214122068	2.09201117972	0	0	0	2.09201117972
233.420334162	0.0404525624583	3.02103399308	-0.580515835901	-0.62682738141	2.09753029261	0	0	0	2.09753029261
233.734493427	0.040395012235	3.02051243456	-0.525876161464	-0.568265987339	2.10305759596	0	0	0	2.10305759596
234.048652692	0.0403234513649	3.01998214896	-0.471191954074	-0.509510149496	2.10855816837	0	0	0	2.10855816837
234.362811958	0.0402392011929	3.01944736009	-0.416435518372	-0.450549100755	2.11400530391	0	0	0	2.11400530391
234.676971223	0.0401432987846	3.01891121145	-0.361584562189	-0.391377795323	2.11937728655	0	0	0	2.11937728655
234.991130489	0.0400365521951	3.01837637527	-0.3066119779	-0.331986037252	2.12464659386	0	0	0	2.12464659386
235.305289754	0.0399198163474	3.01784564126	-0.251485054045	-0.272357803027	2.12977930946	0	0	0	2.12977930946
235.619449019	0.0397938760801	3.01732130027	-0.196167350587	-0.212473109667	2.13473708011	0	0	0	2.13473708011
235.933608285	0.0396596457013	3.01680547217	-0.140623524345	-0.152313292539	2.13948248414	0	0	0	2.13948248414
236.24776755	0.0395180868383	3.01629981416	-0.0848211385114	-0.0918628488769	2.14398096942	0	0	0	2.14398096942
236.561926815	0.0393702771136	3.01580577343	-0.0287317454044	-0.031110559298	2.14820207171	0	0	0	2.14820207171
236.876086081	0.039217435909	3.01532474592	0.0276670580173	0.0299483999178	2.15212162915	0	0	0	2.15212162915
237.190245346	0.0390608718841	3.0148580577	0.0843896364653	0.091310440126	2.15572390425	0	0	0	2.15572390425
237.504404611	0.0389018714578	3.01440680665	0.141441803321	0.15296312076	2.15900212931	0	0	0	2.15900212931
237.818563877	0.0387415683945	3.01397164434	0.198821437154	0.214885870549	2.16195788973	0	0	0	2.16195788973
238.132723142	0.0385809134653	3.01355284604	0.256519666854	0.277051304825	2.1645999096	0	0	0	2.1645999096
238.446882407	0.0384207436775	3.01315066949	0.314521580367	0.339426089907	2.16694329128	0	0	0	2.16694329128
238.761041673	0.0382617345673	3.0127652993	0.372807706388	0.40197260739	2.16900795337	0	0	0	2.16900795337
239.075200938	0.0381044266233	3.01239694948	0.431355891337	0.464651071971	2.17081661003	0	0	0	2.17081661003
239.389360204	0.0379492457165	3.01204587486	0.490143301128	0.527421776143	2.17239261877	0	0	0	2.17239261877
239.703519469	0.0377965461287	3.01171240683	0.549147917585	0.590246802982	2.17375835137	0	0	0	2.17375835137
240.017678734	0.037646566494	3.0113966933	0.608350242435	0.65309184495	2.17493345016	0	0	0	2.17493345016
240.331838	0.0374994440241	3.01109845861	0.667736441935	0.715929553788	2.1759315397	0	0	0	2.1759315397
240.645997265	0.0373553511789	3.01081734229	0.72729679757	0.778738035381	2.17676178452	0	0	0	2.17676178452
240.96015653	0.0372143143241	3.0105521332	0.787028891939	0.841503931745	2.17742584775	0	0	0	2.17742584775
241.274315796	0.0370764022816	3.01030217357	0.846925281327	0.904209639271	2.17793070368	0	0	0	2.17793070368
241.588475061	0.0369416886557	3.01006751529	0.906971595493	0.966831408819	2.17829057572	0	0	0	2.17829057572
241.902634326	0.0368102879674	3.00984908709	0.96714633081	1.02933936481	2.17852694301	0	0	0	2.17852694301
242.216793592	0.0366824129794	3.00964857202	1.02742322306	1.09170025436	2.17866581302	0	0	0	2.17866581302
242.530952857	0.0365582447806	3.00946707693	1.08778217178	1.15388862486	2.17872654808	0	0	0	2.17872654808
242.845112123	0.0364380076493	3.009304661	1.14821373771	1.21589144315	2.17871722936	0	0	0	2.17871722936
243.159271388	0.0363219876409	3.00916045181	1.20871694555	1.27770563907	2.17863708847	0	0	0	2.17863708847
243.473430653	0.0362101160455	3.0090336314	1.26928594937	1.33932349293	2.17849109355	0	0	0	2.17849109355
243.787589919	0.0361019257994	3.00892401177	1.32990697338	1.40072946743	2.1782930981	0	0	0	2.1782930981
