0.314159265359	0.0011160065127	2.27666411521	1.74782505573	1.75002164387	4.62464616642	0	0	0	-1.65853914076
0.628318530718	0.00225212997946	2.27569297077	1.91864772242	1.92287813766	4.54324061382	0	0	0	-1.73994469336
0.942477796077	0.00341760082549	2.27418604446	2.07822632652	2.08418785509	4.47332141859	0	0	0	-1.80986388859
1.25663706144	0.00460671596093	2.2722791284	2.22454699284	2.23183510031	4.41698038418	0	0	0	-1.866204923
1.57079632679	0.00580264090399	2.27011408861	2.35785232173	2.36600290783	4.37401682591	0	0	0	-1.90916848127
1.88495559215	0.00698479818606	2.26781570658	2.47967803604	2.48820529617	4.34290568074	0	0	0	-1.94027962644
2.19911485751	0.00813414663114	2.26548170712	2.591993702	2.60041819964	4.32166628262	0	0	0	-1.96151902456
2.51327412287	0.00923640364492	2.26318048189	2.69675133467	2.70461834955	4.30832282961	0	0	0	-1.97486247757
2.82743338823	0.0102830746453	2.26095460362	2.7956158057	2.80250669134	4.30118016728	0	0	0	-1.9820051399
3.14159265359	0.0112696854881	2.25882877156	2.88990825379	2.89544574194	4.29888567569	0	0	0	-1.98429963149
3.45575191895	0.0121953807187	2.25681380435	2.98063154366	2.98448258592	4.30040558802	0	0	0	-1.98277971916
3.76991118431	0.0130610126549	2.25491253403	3.06856755416	3.0704428669	4.30493040726	0	0	0	-1.97825489992
4.08407044967	0.013868406056	2.25312304877	-3.128896626	-3.12924275988	4.31186265807	0	0	0	-1.97132264911
4.39822971503	0.014619096789	2.25144224945	-3.04492724906	-3.04769872284	4.3207178036	0	0	0	-1.96246750358
4.71238898039	0.0153135495435	2.24986845092	-2.96231622589	-2.96767651605	4.33108406369	0	0	0	-1.95210124349
5.02654824574	0.0159514216059	2.24840164496	-2.88068163323	-2.88875557193	4.34256424087	0	0	0	-1.94062106631
5.3407075111	0.0165316407139	2.2470442542	-2.79962715735	-2.81050247984	4.35474940007	0	0	0	-1.92843590711
5.65486677646	0.017057417982	2.2457905159	-2.71880692204	-2.73253671614	4.36728427898	0	0	0	-1.9159010282
5.96902604182	0.0175352660517	2.2446270629	-2.6380600038	-2.65466257361	4.37999876418	0	0	0	-1.903186543
6.28318530718	0.0179714278201	2.2435402736	-2.55734127126	-2.57680031693	4.39283873572	0	0	0	-1.89034657146
6.59734457254	0.0183717638278	2.24251713315	-2.47664556459	-2.49891240367	4.40579204367	0	0	0	-1.87739326351
6.9115038379	0.0187416318769	2.24154619495	-2.39596864355	-2.42096527947	4.41885009703	0	0	0	-1.86433521015
7.22566310326	0.0190854978674	2.24061781556	-2.31532556732	-2.3429464205	4.43202472152	0	0	0	-1.85116058566
7.53982236862	0.0194054723483	2.23972675097	-2.23472804842	-2.26483963185	4.44532331442	0	0	0	-1.83786199276
7.85398163398	0.0197005358864	2.23887345425	-2.15415254534	-2.186591406	4.45871509955	0	0	0	-1.82447020762
8.16814089933	0.0199688784051	2.23805751019	-2.07361015639	-2.10818181499	4.47220184022	0	0	0	-1.81098346696
8.48230016469	0.0202100432117	2.23727451177	-1.99314689289	-2.02962907929	4.48582207512	0	0	0	-1.79736323206
8.79645943005	0.0204246504149	2.23651846015	-1.91280282752	-1.95095021508	4.49961146231	0	0	0	-1.78357384487
9.11061869541	0.0206141336743	2.23578257638	-1.83261667545	-1.87216567849	4.51360717409	0	0	0	-1.76957813309
9.42477796077	0.0207802879422	2.23506080749	-1.75261276979	-1.79328596596	4.52783430056	0	0	0	-1.75535100662
9.73893722613	0.0209249974835	2.23434890222	-1.67279043729	-1.7143004312	4.54229452921	0	0	0	-1.74089077797
10.0530964915	0.0210504920587	2.23364563932	-1.5931030088	-1.6351564319	4.55694518976	0	0	0	-1.72624011742
10.3672557568	0.0211597782552	2.2329578143	-1.51335969033	-1.55566108258	4.57160100877	0	0	0	-1.71158429841
10.6814150222	0.0212543254103	2.23229491175	-1.43334713067	-1.47559611272	4.5860490186	0	0	0	-1.69713628858
10.9955742876	0.0213323702816	2.23166029502	-1.35297749071	-1.39486322962	4.60019373858	0	0	0	-1.6829915686
11.3097335529	0.0213907791901	2.23105392041	-1.27219722173	-1.3133980791	4.61397087193	0	0	0	-1.66921443525
11.6238928183	0.0214270695651	2.23047355779	-1.19096620271	-1.23115422408	4.62733105035	0	0	0	-1.65585425683
11.9380520836	0.0214399368082	2.22991469254	-1.10927836881	-1.14812576323	4.64026226137	0	0	0	-1.64292304581
12.252211349	0.0214295552134	2.22937221055	-1.0271519345	-1.06433850553	4.65278091025	0	0	0	-1.63040439693
12.5663706144	0.0213973103199	2.22884106362	-0.944635494739	-0.979855790351	4.66493761744	0	0	0	-1.61824768974
12.8805298797	0.0213460899672	2.22831886659	-0.861781237342	-0.894751238585	4.67679006052	0	0	0	-1.60639524666
13.1946891451	0.0212806759648	2.22780993783	-0.778577522184	-0.809038752083	4.68833322015	0	0	0	-1.59485208703
13.5088484104	0.0212042510266	2.2273196523	-0.694960889744	-0.722677708511	4.69950486713	0	0	0	-1.58368044005
13.8230076758	0.0211173324891	2.22684988666	-0.610850099941	-0.635606742509	4.71021948811	0	0	0	-1.57296581907
14.1371669412	0.0210192628663	2.22640057755	-0.526127770678	-0.547727697549	4.72035235813	0	0	0	-1.56283294905
14.4513262065	0.0209098316665	2.22597117943	-0.440667890961	-0.45893625559	4.72977033652	0	0	0	-1.55341497066
14.7654854719	0.0207895081798	2.22556043816	-0.354372249522	-0.369159751304	4.73836989384	0	0	0	-1.54481541334
15.0796447372	0.0206593746151	2.22516658331	-0.267189468871	-0.278376647894	4.74609684922	0	0	0	-1.53708845796
15.3938040026	0.0205208600364	2.22478761835	-0.179117754409	-0.186618876108	4.75294903318	0	0	0	-1.530236274
15.707963268	0.0203754720898	2.22442169346	-0.0901925734541	-0.0939584401345	4.75896327472	0	0	0	-1.52422203246
16.0221225333	0.0202247392327	2.22406765777	-0.000466988848718	-0.000486367702326	4.76419477884	0	0	0	-1.51899052834
16.3362817987	0.0200702392743	2.22372536247	0.0900043869251	0.0937046829112	4.76870019205	0	0	0	-1.51448511513
16.650441064	0.0199136326692	2.22339563816	0.181174089259	0.188530212522	4.77252827583	0	0	0	-1.51065703135
16.9646003294	0.0197568415713	2.2230804553	0.273000515372	0.283913330832	4.77572091163	0	0	0	-1.50746439555
17.2787595947	0.0196019450763	2.22278247103	0.365442483545	0.379779797419	4.77831848572	0	0	0	-1.50486682146
17.5929188601	0.0194510596035	2.22250475071	0.458446380797	0.476045200353	4.78037310055	0	0	0	-1.50281220663
17.9070781255	0.0193060035711	2.22225001946	0.551946799516	0.572615769862	4.78194810268	0	0	0	-1.5012372045
18.2212373908	0.01916813444	2.22202037211	0.645867551803	0.669389407361	4.78311734842	0	0	0	-1.50006795876
18.5353966562	0.0190382173829	2.22181707278	0.740125639637	0.766259615323	4.78396152378	0	0	0	-1.4992237834
18.8495559215	0.0189164536882	2.22164055906	0.834639693032	0.86312409018	4.78455976049	0	0	0	-1.49862554669
19.1637151869	0.0188025647632	2.2214904609	0.929338906925	0.959893824929	4.78498070074	0	0	0	-1.49820460644
19.4778744523	0.0186959245579	2.22136535127	1.02417844033	1.05650879936	4.78526693166	0	0	0	-1.49791837552
19.7920337176	0.0185956382122	2.22126215871	1.11915821067	1.15295680496	4.78541623344	0	0	0	-1.49776907374
20.106192983	0.0185007002185	2.22117599438	1.21433006819	1.24928030012	4.78537474601	0	0	0	-1.49781056117
20.4203522483	0.0184104072184	2.22110108016	1.3097803089	1.34555877389	4.78505460121	0	0	0	-1.49813070597
20.7345115137	0.0183248778865	2.221030863	1.40562893746	1.44190860156	4.78433404105	0	0	0	-1.49885126613
21.0486707791	0.0182436391308	2.22096021255	1.50195754829	1.53840751813	4.78313291446	0	0	0	-1.50005239272
21.3628300444	0.0181650090963	2.22088625346	1.5988071551	1.63509187845	4.78141541673	0	0	0	-1.50176989045
21.6769893098	0.0180870605048	2.2208109796	1.69613548813	1.73191703646	4.77922976152	0	0	0	-1.50395554566
21.9911485751	0.0180083818818	2.22073856362	1.79387702179	1.82882011091	4.77664542663	0	0	0	-1.50653988055
22.3053078405	0.0179284671443	2.22067418156	1.89194909801	1.92572726243	4.77374581238	0	0	0	-1.5094394948
22.6194671058	0.017847480214	2.22062236478	1.99027428503	2.02257529033	4.77060649529	0	0	0	-1.51257881189
22.9336263712	0.017766372733	2.22058578007	2.08879199906	2.11932267128	4.76728397258	0	0	0	-1.5159013346
23.2477856366	0.0176867594032	2.22056477991	2.18745926287	2.21594909289	4.76381587366	0	0	0	-1.51936943352
23.5619449019	0.017610678345	2.22055690763	2.28626780067	2.31247069411	4.76020542768	0	0	0	-1.5229798795
23.8761041673	0.0175409238268	2.22055668096	2.38523887885	2.40893426302	4.75642696793	0	0	0	-1.52675833925
24.1902634326	0.0174813035015	2.22055600735	2.48439245296	2.50538619786	4.75245667932	0	0	0	-1.53072862786
24.504422698	0.017434176536	2.22054837218	2.5837516623	2.60187312883	4.74827174423	0	0	0	-1.53491356295
24.8185819634	0.0174006667415	2.22052866181	2.68338754845	2.69848619883	4.74380591171	0	0	0	-1.53937939547
25.1327412287	0.0173813480427	2.22049396988	2.78336480798	2.79530960742	4.73900083862	0	0	0	-1.54418446856
25.4469004941	0.0173761492636	2.22044433947	2.88371793032	2.89239811364	4.73382850662	0	0	0	-1.54935680056
25.7610597594	0.017385177942	2.22038102245	2.98442471053	2.98975254968	4.72831560977	0	0	0	-1.55486969741
26.0752190248	0.0174082248922	2.22030673127	3.08540289034	3.08731657627	4.72254667229	0	0	0	-1.56063863489
26.3893782902	0.0174446208793	2.22022505439	-3.09665967592	-3.09819338713	4.71664866165	0	0	0	-1.56653664553
26.7035375555	0.0174936422395	2.2201388813	-2.99554756613	-3.00053121313	4.71077507653	0	0	0	-1.57241023065
27.0176968209	0.0175542430139	2.2200506341	-2.89460120205	-2.90300572876	4.70507854717	0	0	0	-1.57810676001
27.3318560862	0.0176256306802	2.21996102555	-2.7939641803	-2.80572902455	4.69970013412	0	0	0	-1.58348517306
27.6460153516	0.0177071548739	2.21986952468	-2.69376209749	-2.70879612759	4.69476344588	0	0	0	-1.5884218613
27.960174617	0.0177984607912	2.21977435655	-2.59410116142	-2.61228434849	4.69037374754	0	0	0	-1.59281155964
28.2743338823	0.0178996367841	2.21967219228	-2.49508865428	-2.51627389711	4.68663833816	0	0	0	-1.59654696902
28.5884931477	0.0180105746309	2.21955974356	-2.39682299705	-2.42083810692	4.68365656392	0	0	0	-1.59952874326
28.902652413	0.0181311777063	2.21943310212	-2.29941011591	-2.32605980003	4.6815359842	0	0	0	-1.60164932298
29.2168116784	0.018260920101	2.21928895305	-2.20294521548	-2.23201315824	4.68037405833	0	0	0	-1.60281124884
29.5309709437	0.0183987958703	2.21912522782	-2.10749416845	-2.13874528722	4.68023955337	0	0	0	-1.60294575381
29.8451302091	0.0185437879971	2.21894156995	-2.01306787873	-2.04625147478	4.68114765995	0	0	0	-1.60203764723
30.1592894745	0.0186939982767	2.21874212299	-1.9195822411	-1.9544335277	4.6830182419	0	0	0	-1.60016706528
30.4734487398	0.018845626281	2.21853584915	-1.82687130944	-1.86310926506	4.68568528782	0	0	0	-1.59750001936
30.7876080052	0.0189942837024	2.21832776535	-1.73485873311	-1.77218372599	4.68906794983	0	0	0	-1.59411735735
31.1017672705	0.0191354076873	2.2181182929	-1.64353970139	-1.68163384629	4.6931549004	0	0	0	-1.59003040678
31.4159265359	0.0192646830499	2.21790504	-1.55292424251	-1.59145450463	4.69795008186	0	0	0	-1.58523522532
31.7300858013	0.0193787443684	2.21768437592	-1.46300542342	-1.50162903062	4.70344296383	0	0	0	-1.57974234335
32.0442450666	0.0194754387975	2.21745242844	-1.37375740995	-1.41212806304	4.70960721946	0	0	0	-1.57357808772
32.358404332	0.0195540624286	2.21720610356	-1.28513795579	-1.32291245039	4.71640351383	0	0	0	-1.56678179335
32.6725635973	0.0196149136975	2.21694338746	-1.19710109691	-1.23394485426	4.72379106455	0	0	0	-1.55939424263
32.9867228627	0.0196600170892	2.21666575832	-1.10957063939	-1.14516369648	4.73170162879	0	0	0	-1.55148367839
33.3008821281	0.0196930790484	2.21638154406	-1.02237790689	-1.05641821498	4.73997473033	0	0	0	-1.54321057685
33.6150413934	0.0197164174799	2.21609982757	-0.935336581567	-0.967537350608	4.74842673995	0	0	0	-1.53475856723
33.9292006588	0.0197297235891	2.21582548124	-0.848293250228	-0.878379722821	4.75690087618	0	0	0	-1.526284431
34.2433599241	0.0197313789795	2.21556076733	-0.761085803615	-0.788794586164	4.76522815721	0	0	0	-1.51795714997
34.5575191895	0.019719935781	2.21530639181	-0.673552733474	-0.698634284089	4.77323988194	0	0	0	-1.50994542524
34.8716784548	0.0196948457387	2.21506208407	-0.585557258687	-0.6077802922	4.78079375291	0	0	0	-1.50239155426
35.1858377202	0.0196565860684	2.21482685672	-0.497013133485	-0.516169970099	4.78780077132	0	0	0	-1.49538453586
35.4999969856	0.019606372298	2.21459928979	-0.407894007068	-0.423805782136	4.79423467411	0	0	0	-1.48895063307
35.8141562509	0.0195455683345	2.21437751538	-0.318226112312	-0.330746985732	4.80012390841	0	0	0	-1.48306139877
36.1283155163	0.0194754304492	2.21415981831	-0.228062380745	-0.237082370397	4.80552471903	0	0	0	-1.47766058815
36.4424747816	0.0193971129851	2.21394525281	-0.137458106284	-0.142904565118	4.81049586121	0	0	0	-1.47268944597
36.756634047	0.0193119707647	2.21373441777	-0.0464517064819	-0.0482894800532	4.81507849053	0	0	0	-1.46810681665
37.0707933124	0.0192216505746	2.21352935923	0.0449410149173	0.0467105450104	4.81928977709	0	0	0	-1.46389553009
37.3849525777	0.0191281850461	2.21333333114	0.136720360705	0.142060857979	4.82312924298	0	0	0	-1.4600560642
37.6991118431	0.0190339471953	2.21315031302	0.22889285918	0.237735022146	4.82658866781	0	0	0	-1.45659663937
38.0132711084	0.0189414177716	2.21298433204	0.321454598671	0.333698048067	4.82966925354	0	0	0	-1.45351605364
38.3274303738	0.0188527868652	2.2128386279	0.414383649477	0.42989866048	4.83238971219	0	0	0	-1.45079559499
38.6415896392	0.0187693969912	2.21271474818	0.507634532231	0.526263133855	4.83479274098	0	0	0	-1.4483925662
38.9557489045	0.0186915097539	2.21261267261	0.60113357802	0.622689969076	4.83695062628	0	0	0	-1.4462346809
39.2699081699	0.0186184000966	2.21253131909	0.694794585102	0.719065872047	4.83894953332	0	0	0	-1.44423577386
39.5840674352	0.0185487545452	2.21246949666	0.78852948743	0.815277113658	4.84087840961	0	0	0	-1.44230689757
39.8982267006	0.0184809342915	2.21242640298	0.882255881004	0.911217756052	4.84282100973	0	0	0	-1.44036429745
40.212385966	0.0184132360235	2.21240168527	0.975909645346	1.00680319339	4.84484257068	0	0	0	-1.4383427365
40.5265452313	0.0183441840559	2.2123955347	1.06944786297	1.10197379711	4.84698634097	0	0	0	-1.43619896621
40.8407044967	0.0182727016022	2.2124082644	1.16285560421	1.19670225589	4.84926635936	0	0	0	-1.43391894782
41.154863762	0.0181980871645	2.21243934546	1.25615843909	1.2910061093	4.85165497301	0	0	0	-1.43153033417
41.4690230274	0.0181199205609	2.21248551422	1.34945856808	1.38498349445	4.85404705772	0	0	0	-1.42913824946
41.7831822927	0.0180384274564	2.21254268815	1.44288210151	1.47875971879	4.85631336858	0	0	0	-1.4268719386
42.0973415581	0.0179545976772	2.21260722746	1.53653950504	1.57244752042	4.8583402126	0	0	0	-1.42484509458
42.4115008235	0.0178699339598	2.21267428327	1.63055856651	1.66617956139	4.85999685221	0	0	0	-1.42318845497
42.7256600888	0.017784634204	2.21273921261	1.72505846722	1.7600785386	4.8611652635	0	0	0	-1.42202004368
43.0398193542	0.0176975380308	2.21279963186	1.82012893015	1.85423662435	4.86176062407	0	0	0	-1.42142468311
43.3539786195	0.0176073264282	2.21285604176	1.91582126271	1.94870975053	4.86173700239	0	0	0	-1.42144830479
43.6681378849	0.0175133491875	2.21291058926	2.01216199834	2.04353338892	4.86107151941	0	0	0	-1.42211378777
43.9822971503	0.0174161264014	2.2129655024	2.10916294893	2.13873351322	4.85975326665	0	0	0	-1.42343204053
44.2964564156	0.0173165942315	2.21302382531	2.20679624223	2.23430057226	4.8578091746	0	0	0	-1.42537613258
44.610615681	0.0172162318752	2.21308734897	2.30503585955	2.33023028682	4.85526301101	0	0	0	-1.42792229617
44.9247749463	0.0171171843992	2.21315594932	2.40386202755	2.42652735975	4.8521314252	0	0	0	-1.43105388198
45.2389342117	0.0170221067928	2.21322774084	2.50325447313	2.52319775953	4.84843140184	0	0	0	-1.43475390534
45.5530934771	0.0169337688471	2.21329983764	2.60318344109	2.62023873088	4.84418999512	0	0	0	-1.43899531206
45.8672527424	0.016855163382	2.21336821303	2.70360716959	2.71763591922	4.83944696351	0	0	0	-1.44373834367
46.1814120078	0.0167890855593	2.21342863395	2.80446636962	2.8153571624	4.83426074902	0	0	0	-1.44892455816
46.4955712731	0.0167376844947	2.21347742993	2.90571330521	2.91338026759	4.82868050465	0	0	0	-1.45450480253
46.8097305385	0.0167023723238	2.21351212937	3.00733171685	3.01171248155	4.82272646328	0	0	0	-1.4604588439
47.1238898038	0.0166840576626	2.21353181732	3.10930921991	3.11036426065	4.81641604085	0	0	0	-1.46676926633
47.4380490692	0.016683479257	2.21353664241	-3.07158180755	-3.07386834084	4.80979601318	0	0	0	-1.473389294
47.7522083346	0.0167007354855	2.21352840548	-2.96906314302	-2.97468166279	4.80296161324	0	0	0	-1.48022369394
48.0663675999	0.0167351556441	2.21351015052	-2.86645618682	-2.87536963584	4.79604974782	0	0	0	-1.48713555936
48.3805268653	0.0167856890237	2.21348475924	-2.76392224393	-2.77606459241	4.78922085782	0	0	0	-1.49396444936
48.6946861306	0.0168506086748	2.21345537763	-2.66162146455	-2.67689691658	4.78263306448	0	0	0	-1.5005522427
49.008845396	0.0169278453315	2.21342497935	-2.55968336427	-2.57796667329	4.77641358583	0	0	0	-1.50677172135
49.3230046614	0.0170154856599	2.21339545332	-2.4582131607	-2.4793504597	4.77066535705	0	0	0	-1.51251995013
49.6371639267	0.0171119737508	2.21336815409	-2.35726595183	-2.3810769732	4.7654423642	0	0	0	-1.51774294298
49.9513231921	0.0172161803268	2.21334468293	-2.25683918342	-2.28311999683	4.76074241684	0	0	0	-1.52244289034
50.2654824574	0.0173267793522	2.213328068	-2.15688860265	-2.18541299641	4.75652156496	0	0	0	-1.52666374222
50.5796417228	0.0174419067991	2.21332260184	-2.05735157318	-2.08787104416	4.75271586597	0	0	0	-1.53046944121
50.8938009882	0.017560354747	2.21332901504	-1.95824137108	-1.99048571064	4.74933604275	0	0	0	-1.53384926443
51.2079602535	0.0176810394458	2.21334503389	-1.85963553636	-1.89331427239	4.74645639263	0	0	0	-1.53672891455
51.5221195189	0.0178024701227	2.21336764642	-1.76161544829	-1.79642015544	4.74415498205	0	0	0	-1.53903032513
51.8362787842	0.0179230319259	2.21339385629	-1.66423801702	-1.69984572205	4.74248621891	0	0	0	-1.54069908827
52.1504380496	0.0180414559526	2.21342206583	-1.56750246669	-1.60358003538	4.74144844422	0	0	0	-1.54173686296
52.464597315	0.018157441953	2.2134522159	-1.47136107134	-1.50757025265	4.74099519602	0	0	0	-1.54219011116
52.7787565803	0.0182716140743	2.21348524072	-1.37575441398	-1.4117563506	4.74106984094	0	0	0	-1.54211546624
53.0929158457	0.0183853017598	2.21352370748	-1.28061035693	-1.31606932447	4.74160371401	0	0	0	-1.54158159317
53.407075111	0.0185013008362	2.21357350368	-1.18582535273	-1.22041314652	4.74249807586	0	0	0	-1.54068723132
53.7212343764	0.0186240907213	2.21364630384	-1.09122632317	-1.12462510523	4.74358454347	0	0	0	-1.53960076371
54.0353936417	0.0187570170284	2.21375470318	-0.99663824179	-1.02853755092	4.74468694757	0	0	0	-1.53849835961
54.3495529071	0.0189009112407	2.21390624999	-0.901963993091	-0.932057386915	4.74570076057	0	0	0	-1.53748454661
54.6637121725	0.0190550363588	2.21410473559	-0.807132523879	-0.835116756554	4.74654366613	0	0	0	-1.53664164105
54.9778714378	0.0192187809925	2.21435190624	-0.712093294466	-0.73767121922	4.74715365622	0	0	0	-1.53603165096
55.2920307032	0.0193923758767	2.21464816603	-0.616839663675	-0.63972528764	4.74751454616	0	0	0	-1.53567076102
55.6061899685	0.0195769306134	2.21499318665	-0.521422434484	-0.541346635874	4.74767023439	0	0	0	-1.53551507279
55.9203492339	0.0197743084814	2.21538691383	-0.425943158082	-0.442658999634	4.74771774324	0	0	0	-1.53546756394
56.2345084993	0.0199869189555	2.21583053101	-0.330531354219	-0.343817980712	4.74778325325	0	0	0	-1.53540205393
56.5486677646	0.0202175751607	2.21632700101	-0.235322488264	-0.24498733972	4.74799869976	0	0	0	-1.53518660742
56.86282703	0.0204696513794	2.21688168888	-0.140436088686	-0.146315326466	4.7484784576	0	0	0	-1.53470684958
57.1769862953	0.0207473441486	2.21750262994	-0.0459600783079	-0.0479171519341	4.74930219823	0	0	0	-1.53388310895
57.4911455607	0.0210558177844	2.21820000931	0.0480481140321	0.050125266335	4.75051501852	0	0	0	-1.53267028866
57.8053048261	0.0214008734652	2.218984359	0.141559690557	0.147762530277	4.75212855373	0	0	0	-1.53105675345
58.1194640914	0.0217883249292	2.21986394589	0.234575853918	0.244979496669	4.75411950358	0	0	0	-1.5290658036
58.4336233568	0.0222230742023	2.2208413122	0.327143838309	0.341811042991	4.75641402494	0	0	0	-1.52677128224
58.7477826221	0.0227078989602	2.22190889543	0.419387711079	0.438371597146	4.75885824148	0	0	0	-1.5243270657
59.0619418875	0.0232420571451	2.22304389716	0.51155397304	0.534898169597	4.76117512729	0	0	0	-1.52201017988
59.3761011529	0.0238197489015	2.22420274688	0.604061109422	0.631795324321	4.76291934156	0	0	0	-1.52026596562
59.6902604182	0.0244292750905	2.2253173506	0.697542649018	0.729672081038	4.7634400813	0	0	0	-1.51974522588
60.0044196836	0.0250537432055	2.22629556327	0.792860286503	0.829348326582	4.76187449731	0	0	0	-1.52131080987
60.3185789489	0.0256737435075	2.22702912104	0.89102952804	0.931773656045	4.75722893746	0	0	0	-1.52595636972
60.6327382143	0.0262718986784	2.22741092779	0.993036095366	1.03783962755	4.74856726941	0	0	0	-1.53461803777
60.9468974796	0.0268381023817	2.22735898869	1.09957690994	1.1481233012	4.73526860446	0	0	0	-1.54791670272
61.261056745	0.0273729738931	2.2268372223	1.21083486511	1.26267365408	4.71724281364	0	0	0	-1.56594249354
61.5752160104	0.0278882007551	2.22586670428	1.32633684418	1.38088815823	4.69505626921	0	0	0	-1.58812903797
61.8893752757	0.0284025681565	2.22451979638	1.44499174007	1.5015698585	4.66987700587	0	0	0	-1.61330830131
62.2035345411	0.0289344510669	2.22289724796	1.5653516638	1.62319882657	4.64320485463	0	0	0	-1.63998045255
62.5176938064	0.0294953169835	2.22111073327	1.68582816462	1.74414889499	4.61665547964	0	0	0	-1.66652982754
62.8318530718	0.0300880041275	2.21926908125	1.80490459882	1.86290016303	4.59174796522	0	0	0	-1.69143734196
63.1460123372	0.0307015166356	2.21746212069	1.92146521478	1.97835007845	4.56959322297	0	0	0	-1.71359208421
63.4601716025	0.0313095110064	2.21573458456	2.03537703353	2.09036598438	4.55034039611	0	0	0	-1.73284491107
63.7743308679	0.0318848879502	2.21406829097	2.14777927074	2.20006352818	4.53289698537	0	0	0	-1.75028832181
64.0884901332	0.0324199760886	2.21242399463	2.26007633026	2.3088358925	4.51589855763	0	0	0	-1.76728674955
64.4026493986	0.0329243060518	2.21080258545	2.37266398202	2.41712143504	4.49894117343	0	0	0	-1.78424413374
64.716808664	0.0334071258697	2.20925365122	2.48482342769	2.52429987669	4.48268567328	0	0	0	-1.8004996339
65.0309679293	0.0338681202418	2.2078383704	2.59550440187	2.62944673198	4.46810295853	0	0	0	-1.81508234865
65.3451271947	0.0343009612937	2.20659696005	2.70393827257	2.73192079751	4.45588531506	0	0	0	-1.82729999212
65.65928646	0.0346998162268	2.20553915461	2.80978211764	2.83149582071	4.44631317395	0	0	0	-1.83687213323
65.9734457254	0.0350635675842	2.20464704666	2.91305486329	2.9282903602	4.43932379287	0	0	0	-1.84386151431
66.2876049907	0.0353975665148	2.20388230324	3.01400807235	3.02263653971	4.43464134028	0	0	0	-1.8485439669
66.6017642561	0.0357148375675	2.20319119976	3.11298488704	3.11494062891	4.43191544221	0	0	0	-1.85126986497
66.9159235215	0.0360307811998	2.20251958322	-3.07286622515	-3.0776017089	4.43082012678	0	0	0	-1.8523651804
67.2300827868	0.0363601965322	2.20182060902	-2.97687029306	-2.98828210463	4.43107162626	0	0	0	-1.85211368092
67.5442420522	0.0367142954229	2.20106133438	-2.88196403973	-2.9000118893	4.43244908384	0	0	0	-1.85073622334
67.8584013175	0.0370995058597	2.20022417393	-2.78796434971	-2.81258433484	4.43479829852	0	0	0	-1.84838700866
68.1725605829	0.0375157746863	2.19930855033	-2.69474571419	-2.72584612641	4.43801821901	0	0	0	-1.84516708816
68.4867198483	0.0379570301493	2.19832920264	-2.60218192345	-2.63963749344	4.44200136841	0	0	0	-1.84118393877
68.8008791136	0.0384119041349	2.1973134702	-2.51012931953	-2.55377222941	4.44661405309	0	0	0	-1.83657125409
69.115038379	0.0388621480346	2.19630204632	-2.41842631063	-2.46803121443	4.45168998155	0	0	0	-1.83149532563
69.4291976443	0.0392885722059	2.19533309303	-2.3269482218	-2.38221791182	4.45708559196	0	0	0	-1.82609971522
69.7433569097	0.0396770110915	2.19443063687	-2.23560798526	-2.29616907051	4.46269006909	0	0	0	-1.82049523809
70.0575161751	0.0400193255009	2.19360568561	-2.14432449005	-2.20973134246	4.46840111167	0	0	0	-1.81478419551
70.3716754404	0.0403136154473	2.1928582159	-2.05302310684	-2.12276688803	4.47412969655	0	0	0	-1.80905561063
70.6858347058	0.0405635474304	2.19218316468	-1.96160611022	-2.03512773833	4.47977369083	0	0	0	-1.80341161635
70.9999939711	0.0407753827039	2.19156935424	-1.87004429297	-1.94674145625	4.48530288974	0	0	0	-1.79788241744
71.3141532365	0.040954561807	2.19099541783	-1.77846425271	-1.8576931746	4.49084033274	0	0	0	-1.79234497444
71.6283125019	0.041105969819	2.19043305339	-1.68708436605	-1.76816814848	4.49660410237	0	0	0	-1.78658120481
71.9424717672	0.0412344826686	2.1898534428	-1.59613504277	-1.6783772183	4.50283214411	0	0	0	-1.78035316307
72.2566310326	0.0413459926254	2.18923578107	-1.50577542801	-1.58847626327	4.50970130151	0	0	0	-1.77348400567
72.5707902979	0.04144330242	2.18857823781	-1.4159933445	-1.49845433105	4.51721536216	0	0	0	-1.76596994502
72.8849495633	0.0415208629743	2.18788813416	-1.3266868677	-1.40819926744	4.52527069738	0	0	0	-1.7579146098
73.1991088286	0.041573039331	2.18716781903	-1.23778823766	-1.3176383586	4.53379643622	0	0	0	-1.74938887096
73.513268094	0.041600798427	2.18642555794	-1.14918604204	-1.22667312073	4.54268878854	0	0	0	-1.74049651864
73.8274273594	0.0416071263593	2.18568228405	-1.06064991327	-1.13508998621	4.55172167651	0	0	0	-1.73146363067
74.1415866247	0.0415878630277	2.18495306118	-0.971940180081	-1.04265394063	4.56064022937	0	0	0	-1.72254507781
74.4557458901	0.041538951452	2.18424353926	-0.882883102905	-0.949202984527	4.56925474112	0	0	0	-1.71393056606
74.7699051554	0.0414602382802	2.18355333915	-0.793399538731	-0.854687804049	4.57747993614	0	0	0	-1.70570537104
75.0840644208	0.0413564840699	2.18288670752	-0.703431202352	-0.75909626745	4.58525945274	0	0	0	-1.69792585444
75.3982236862	0.0412304843361	2.18224575875	-0.612913919422	-0.662413424844	4.59252615424	0	0	0	-1.69065915294
75.7123829515	0.0410812905944	2.18162541459	-0.521783273404	-0.564626418568	4.59920729217	0	0	0	-1.683978015
76.0265422169	0.0409073948181	2.18101645631	-0.429997768905	-0.465755181635	4.6052555971	0	0	0	-1.67792971008
76.3407014822	0.0407084803806	2.18040979509	-0.337537485251	-0.365853035994	4.61065053707	0	0	0	-1.67253477011
76.6548607476	0.0404857273048	2.17979896456	-0.244392795763	-0.264993267161	4.61538587923	0	0	0	-1.66779942795
76.969020013	0.0402426175225	2.17918328869	-0.150550661995	-0.163252070397	4.61945387026	0	0	0	-1.66373143692
77.2831792783	0.0399841363614	2.17856641495	-0.0560019284302	-0.0607125134687	4.62285063195	0	0	0	-1.66033467523
77.5973385437	0.0397168743562	2.17795657547	0.039254069793	0.0425337120714	4.62557940292	0	0	0	-1.65760590426
77.911497809	0.0394488295692	2.17736582043	0.135223472557	0.146404767999	4.62763358841	0	0	0	-1.65555171877
78.2256570744	0.0391883269686	2.1768069581	0.231891658661	0.250802758047	4.62902412675	0	0	0	-1.65416118043
78.5398163397	0.0389430591379	2.17629116854	0.329218293373	0.355609516514	4.62978498552	0	0	0	-1.65340032166
78.8539756051	0.0387177829322	2.1758226105	0.427157420427	0.460706828692	4.62995407063	0	0	0	-1.65323123655
79.1681348705	0.0385147235081	2.17539953326	0.525659385901	0.56597698163	4.62957357794	0	0	0	-1.65361172924
79.4822941358	0.0383340076367	2.17501702467	0.624650295228	0.671279956933	4.62871366743	0	0	0	-1.65447163975
79.7964534012	0.0381743624221	2.17467060945	0.724018428036	0.776439732972	4.6274869786	0	0	0	-1.65569832858
80.1106126665	0.0380339564348	2.17435781969	0.823638170361	0.881271831303	4.62602183785	0	0	0	-1.65716346933
80.4247719319	0.0379112721681	2.1740785439	0.923390305643	0.985607204052	4.62443899104	0	0	0	-1.65874631614
80.7389311973	0.0378046496806	2.1738308334	1.02320545353	1.08933744765	4.62280674903	0	0	0	-1.66037855815
81.0530904626	0.0377126776247	2.17361238124	1.12303743778	1.1923869025	4.62116903548	0	0	0	-1.66201627169
81.367249728	0.0376341778047	2.17341768761	1.22289266418	1.29474223817	4.6195157639	0	0	0	-1.66366954328
81.6814089933	0.0375657654214	2.1732406782	1.32277550964	1.39639034473	4.61784473263	0	0	0	-1.66534057455
81.9955682587	0.0375032798874	2.17308182865	1.42263004076	1.49726221509	4.61621763845	0	0	0	-1.66696766873
82.3097275241	0.0374443841662	2.17294373144	1.52240703149	1.59730774612	4.61468508371	0	0	0	-1.66850022347
82.6238867894	0.0373883016879	2.17283085869	1.62204536405	1.69647665125	4.61330530313	0	0	0	-1.66988000405
82.9380460548	0.0373353227848	2.17274262549	1.72154154683	1.79478596356	4.61207611372	0	0	0	-1.67110919346
83.2522053201	0.0372832770302	2.17267666759	1.82092594849	1.89228720514	4.6109670927	0	0	0	-1.67221821448
83.5663645855	0.0372293638963	2.17263182258	1.92023400495	1.98904079887	4.60994466186	0	0	0	-1.67324064532
83.8805238509	0.0371729787184	2.17260571672	2.01951128666	2.0851257961	4.60896182601	0	0	0	-1.67422348117
84.1946831162	0.0371153297431	2.17259612658	2.11877905486	2.1806047065	4.60799278924	0	0	0	-1.67519251794
84.5088423816	0.0370595118115	2.17259791777	2.2180580304	2.27554557426	4.6070102866	0	0	0	-1.67617502058
84.8230016469	0.0370068747219	2.17260588431	2.31739374676	2.37003922818	4.60596775607	0	0	0	-1.67721755111
85.1371609123	0.0369578502241	2.17261513253	2.4168568028	2.46420046653	4.6047977022	0	0	0	-1.67838760498
85.4513201776	0.0369139842865	2.17262087436	2.51650032585	2.55813009477	4.60344925334	0	0	0	-1.67973605384
85.765479443	0.0368777085958	2.17261873871	2.61634493542	2.65189998155	4.60190271575	0	0	0	-1.68128259143
86.0796387084	0.0368517292593	2.17260519437	2.7163720258	2.74554587636	4.60017639933	0	0	0	-1.68300890785
86.3937979737	0.0368381816018	2.17257830095	2.81652474659	2.83906771561	4.59832597998	0	0	0	-1.6848593272
86.7079572391	0.0368378210904	2.17253832295	2.91672374556	2.93244431089	4.59642951495	0	0	0	-1.68675579223
87.0221165044	0.0368507319675	2.17248557549	3.01690310656	3.02566771844	4.59455277757	0	0	0	-1.68863252961
87.3362757698	0.0368766080489	2.17242010193	3.11704065824	3.11877137198	4.59272082199	0	0	0	-1.69046448519
87.6504350352	0.0369153226948	2.17234168505	-3.06605721519	-3.07138323174	4.5909457169	0	0	0	-1.69223959028
87.9645943005	0.0369665554081	2.17225086104	-2.96603179231	-2.97838179617	4.58924279344	0	0	0	-1.69394251374
88.2787535659	0.0370300739201	2.17214806266	-2.86609284931	-2.88537761811	4.58763894775	0	0	0	-1.69554635943
88.5929128312	0.0371054175349	2.17203386035	-2.76627884555	-2.79235187842	4.58617389634	0	0	0	-1.69701141084
88.9070720966	0.0371919200834	2.17190888552	-2.66662820664	-2.69928612249	4.58488707237	0	0	0	-1.69829823481
89.221231362	0.0372889229079	2.17177331827	-2.56718051264	-2.60616383323	4.58381889605	0	0	0	-1.69936641113
89.5353906273	0.0373960088311	2.17162791947	-2.4679425402	-2.51293917307	4.58297920452	0	0	0	-1.70020610266
89.8495498927	0.0375121003186	2.17147672082	-2.36888162718	-2.41952950725	4.5823394987	0	0	0	-1.70084580848
90.163709158	0.0376347703228	2.17132536552	-2.2699856958	-2.32587045029	4.58188773681	0	0	0	-1.70129757037
90.4778684234	0.0377619281464	2.17117337445	-2.17133002824	-2.23198226505	4.5816942787	0	0	0	-1.70149102848
90.7920276888	0.0378912930262	2.17101574871	-2.0730355412	-2.13793202711	4.58187346767	0	0	0	-1.70131183951
91.1061869541	0.0380209925082	2.17084463441	-1.97522307582	-2.04379269776	4.58254211689	0	0	0	-1.70064319029
91.4203462195	0.0381500554539	2.17065144046	-1.87798608742	-1.94961877663	4.58379460246	0	0	0	-1.69939070472
91.7345054848	0.0382795261808	2.17043250044	-1.78132617035	-1.85538562933	4.58564172465	0	0	0	-1.69754358253
92.0486647502	0.0384089511879	2.17019235225	-1.68516931898	-1.76099669343	4.5880176406	0	0	0	-1.69516766658
92.3628240155	0.0385331841986	2.1699323359	-1.58951385871	-1.6664214502	4.59091744043	0	0	0	-1.69226786675
92.6769832809	0.0386462901853	2.16964857011	-1.49439716378	-1.57167243237	4.59437348767	0	0	0	-1.68881181951
92.9911425463	0.038745139983	2.16933655149	-1.39983504419	-1.47675384924	4.59840340154	0	0	0	-1.68478190564
93.3053018116	0.0388312011687	2.1690010237	-1.30573992513	-1.38158208989	4.60293015395	0	0	0	-1.68025515323
93.619461077	0.0389030963707	2.16865108482	-1.21197566889	-1.28602343419	4.60781960967	0	0	0	-1.67536569751
93.9336203423	0.0389547649977	2.16828871457	-1.11844972477	-1.18998463571	4.61297067148	0	0	0	-1.6702146357
94.2477796077	0.0389818588907	2.16791152223	-1.02510286282	-1.09341760338	4.61831942851	0	0	0	-1.66486587867
94.5619388731	0.0389842760046	2.16751918447	-0.93188084417	-0.996295693981	4.62381512348	0	0	0	-1.6593701837
94.8760981384	0.0389663607534	2.16711982172	-0.838692020363	-0.8985680284	4.62937452484	0	0	0	-1.65381078234
95.1902574038	0.0389291755547	2.16671947412	-0.745429099268	-0.800167230167	4.63488986401	0	0	0	-1.64829544317
95.5044166691	0.0388702425463	2.16631774328	-0.651986385373	-0.701028718911	4.64024819647	0	0	0	-1.64293711071
95.8185759345	0.0387880030532	2.16591286395	-0.558265790758	-0.601105066501	4.64534595602	0	0	0	-1.63783935116
96.1327351999	0.0386833145817	2.16550396908	-0.46420250931	-0.500394690711	4.65011811589	0	0	0	-1.63306719128
96.4468944652	0.0385588004738	2.16509168787	-0.36976945132	-0.398944456887	4.65454152273	0	0	0	-1.62864378445
96.7610537306	0.0384191436709	2.16468099233	-0.274961991352	-0.296831528825	4.65861773029	0	0	0	-1.62456757689
97.0752129959	0.038271557439	2.16428396687	-0.179770722238	-0.194131025351	4.66234190365	0	0	0	-1.62084340353
97.3893722613	0.0381214443656	2.16390984238	-0.0841913976796	-0.0909216911612	4.66570978097	0	0	0	-1.61747552621
97.7035315266	0.0379724718243	2.16356430103	0.0117678934954	0.0127060202418	4.66872691068	0	0	0	-1.6144583965
98.017690792	0.0378274150423	2.16325098809	0.108103838494	0.116668183148	4.67139167074	0	0	0	-1.61179363644
98.3318500574	0.0376883762865	2.16297181478	0.20479818522	0.220866573365	4.67371733713	0	0	0	-1.60946797005
98.6460093227	0.037557442961	2.1627288159	0.301810195038	0.325181603891	4.67574040206	0	0	0	-1.60744490512
98.9601685881	0.0374352781067	2.16252121714	0.399093934039	0.42949113458	4.67750299028	0	0	0	-1.6056823169
99.2743278534	0.0373212563502	2.16234616475	0.496598600083	0.53367086065	4.67905352277	0	0	0	-1.60413178441
99.5884871188	0.0372140126235	2.16219914989	0.59429535413	0.637623606437	4.68041845534	0	0	0	-1.60276685184
99.9026463842	0.037111824491	2.16207388072	0.692190996023	0.741294304419	4.68158814724	0	0	0	-1.60159715994
100.21680565	0.037012391004	2.16196410889	0.790283130102	0.844622211091	4.6825653669	0	0	0	-1.60061994028
100.530964915	0.0369129808266	2.16186742032	0.888517141801	0.947496844037	4.68341000404	0	0	0	-1.59977530314
100.84512418	0.0368116882368	2.16178795852	0.986789515446	1.04976594396	4.68423173155	0	0	0	-1.59895357563
101.159283446	0.0367084091297	2.16173233387	1.08501861937	1.15131335356	4.68511253898	0	0	0	-1.5980727682
101.473442711	0.036604690381	2.1617066883	1.18315477492	1.25206959707	4.68609622947	0	0	0	-1.59708907771
101.787601976	0.0365025807188	2.16171672072	1.28114420979	1.35197219106	4.68722798135	0	0	0	-1.59595732583
102.101761242	0.0364035724175	2.16176114828	1.37899976295	1.45103462068	4.68848500635	0	0	0	-1.59470030083
102.415920507	0.0363053269018	2.1618366559	1.47673368572	1.54926905972	4.68985332478	0	0	0	-1.5933319824
102.730079772	0.0362039481241	2.16194115058	1.57435556939	1.64668822347	4.69132555721	0	0	0	-1.59185974997
103.044239038	0.0360972088659	2.16207206082	1.6719020938	1.74334135923	4.69286452676	0	0	0	-1.59032078042
103.358398303	0.0359846383306	2.16222643905	1.76941957036	1.83929611043	4.69442090247	0	0	0	-1.58876440471
103.672557568	0.0358671593041	2.16239751438	1.86699903156	1.93467111998	4.69590001556	0	0	0	-1.58728529162
103.986716834	0.0357428044495	2.16257995306	1.96474755504	2.02959828118	4.69719904024	0	0	0	-1.58598626694
104.300876099	0.0356095576586	2.16277069086	2.06277006048	2.1242104675	4.69821885841	0	0	0	-1.58496644877
104.615035365	0.035467773049	2.16296740393	2.16115179728	2.21862881577	4.69887634584	0	0	0	-1.58430896134
104.92919463	0.0353192911837	2.16316944927	2.25993284481	2.31293636227	4.69913028707	0	0	0	-1.58405502011
105.243353895	0.0351675675909	2.16337536613	2.35912116232	2.40719048354	4.69896846341	0	0	0	-1.58421684377
105.557513161	0.0350163367301	2.16358245651	2.45871898337	2.50144529144	4.69838473514	0	0	0	-1.58480057204
105.871672426	0.034866915571	2.16379055947	2.55874234672	2.5957664421	4.69736381674	0	0	0	-1.58582149044
106.185831691	0.0347199882777	2.16400055839	2.6592141158	2.6902272039	4.69588486445	0	0	0	-1.58730044273
106.499990957	0.0345767055933	2.16421327066	2.76014589304	2.784892384	4.69393720389	0	0	0	-1.58924810329
106.814150222	0.0344388424136	2.16442913837	2.8615202714	2.87980126001	4.6915370501	0	0	0	-1.59164825708
107.128309487	0.0343080769335	2.16464871661	2.96330015501	2.97497537504	4.6887193706	0	0	0	-1.59446593658
107.442468753	0.0341863396912	2.1648714653	3.06543583028	3.07042490257	4.68553117392	0	0	0	-1.59765413325
107.756628018	0.0340752318359	2.1650966986	-3.11531044876	-3.11702813122	4.68202264751	0	0	0	-1.60116265967
108.070787283	0.0339764647258	2.16532280643	-3.01260980217	-3.0209963957	4.67823460489	0	0	0	-1.60495070229
108.384946549	0.0338914659405	2.16554847419	-2.90968243252	-2.92464309228	4.67420217266	0	0	0	-1.60898313452
108.699105814	0.0338215228627	2.16577279692	-2.80655113123	-2.82793594447	4.66994972807	0	0	0	-1.61323557911
109.01326508	0.0337673804795	2.16599630508	-2.70323415265	-2.73083936088	4.66549748587	0	0	0	-1.61768782131
109.327424345	0.0337295583434	2.16622024655	-2.59975180035	-2.63332064979	4.66086744805	0	0	0	-1.62231785913
109.64158361	0.0337085329058	2.16644561309	-2.49614103693	-2.53536413464	4.65609721257	0	0	0	-1.62708809461
109.955742876	0.0337042194343	2.16667363771	-2.39245568987	-2.43697123907	4.6512397196	0	0	0	-1.63194558757
110.269902141	0.0337159843591	2.16690552734	-2.28875890725	-2.3381536218	4.6463560235	0	0	0	-1.63682928368
110.584061406	0.0337430100955	2.16714245124	-2.18510510455	-2.23891678867	4.64149850496	0	0	0	-1.64168680222
110.898220672	0.0337847379227	2.16738580594	-2.08152714635	-2.13924875996	4.63669911684	0	0	0	-1.64648619034
111.212379937	0.0338413149222	2.16763685565	-1.97804363589	-2.0391281129	4.63197698333	0	0	0	-1.65120832385
111.526539202	0.0339143088761	2.16790235736	-1.87457635842	-1.93844503146	4.62725905631	0	0	0	-1.65592625087
111.840698468	0.0340038877977	2.16819555272	-1.77099490317	-1.8370375481	4.62241609555	0	0	0	-1.66076921163
112.154857733	0.0341066275635	2.1685250053	-1.66727534344	-1.73484221179	4.6174128862	0	0	0	-1.66577242098
112.469016999	0.0342180178629	2.16889299399	-1.56345206963	-1.63185438286	4.61226781371	0	0	0	-1.67091749346
112.783176264	0.0343352183198	2.1692983972	-1.45955552951	-1.52807449052	4.60699837641	0	0	0	-1.67618693077
113.097335529	0.0344587118191	2.16974187687	-1.35556660957	-1.42346653346	4.60157905149	0	0	0	-1.68160625569
113.411494795	0.0345915066535	2.17022952668	-1.2514012591	-1.3179397148	4.59592251142	0	0	0	-1.68726279576
113.72565406	0.0347315968848	2.17076114888	-1.14702829878	-1.21145255997	4.58998329122	0	0	0	-1.69320201596
114.039813325	0.0348727299234	2.1713264055	-1.04246940585	-1.10401828889	4.58376248483	0	0	0	-1.69942282235
114.353972591	0.0350079308997	2.17190642908	-0.937783442957	-0.99569968201	4.57730194077	0	0	0	-1.70588336641
114.668131856	0.0351292703752	2.1724736398	-0.833070908693	-0.886616869074	4.57069153167	0	0	0	-1.71249377551
114.982291121	0.0352285769049	2.17299454377	-0.728462979199	-0.776940263052	4.56406178459	0	0	0	-1.71912352259
115.296450387	0.0352947765803	2.1734316579	-0.624038292028	-0.666801095435	4.55749446957	0	0	0	-1.72569083761
115.610609652	0.0353095964689	2.17373281595	-0.519861224817	-0.556328856058	4.55106019005	0	0	0	-1.73212511713
115.924768917	0.0352519403267	2.17383822318	-0.415970349579	-0.44564944034	4.54481686188	0	0	0	-1.7383684453
116.238928183	0.0351046412623	2.17369708123	-0.31234031534	-0.334851194083	4.53877673803	0	0	0	-1.74440856915
116.553087448	0.0348605441548	2.17328465391	-0.208850601345	-0.223948140746	4.53287140512	0	0	0	-1.75031390206
116.867246714	0.0345250618908	2.17260999561	-0.105298405014	-0.112880588781	4.52695480589	0	0	0	-1.75623050129
117.181405979	0.0341158320377	2.17171489731	-0.00143694567761	-0.00153934994646	4.52083013376	0	0	0	-1.76235517342
117.495565244	0.0336582530677	2.17066159879	0.102969005573	0.110189874235	4.51429671268	0	0	0	-1.7688885945
117.80972451	0.0331799579569	2.16951773934	0.208084446053	0.222371800162	4.50720670727	0	0	0	-1.77597859991
118.123883775	0.0327061055238	2.16834394566	0.313987467002	0.335004658929	4.49948344606	0	0	0	-1.78370186111
118.43804304	0.032256933357	2.16718731614	0.42068194488	0.448030018743	4.49111251476	0	0	0	-1.79207279242
118.752202306	0.0318482782096	2.16608266715	0.528094014909	0.561325076452	4.48215005592	0	0	0	-1.80103525126
119.066361571	0.0314923553008	2.16505410929	0.636094803538	0.674723689551	4.47270214735	0	0	0	-1.81048315983
119.380520836	0.0312009795015	2.16412565506	0.744410874636	0.787923902308	4.46301760653	0	0	0	-1.82016770065
119.694680102	0.0309814888275	2.16332184806	0.852522375592	0.90037741524	4.45359886496	0	0	0	-1.82958644222
120.008839367	0.0308228540873	2.16264885018	0.959794695113	1.01140431317	4.4450873312	0	0	0	-1.83809797598
120.322998632	0.030689318441	2.162075467	1.06594248082	1.12065131416	4.43780483662	0	0	0	-1.84538047056
120.637157898	0.0305411723212	2.16155418719	1.17123784556	1.22832558974	4.43151965459	0	0	0	-1.85166565259
120.951317163	0.0303617969103	2.16105891069	1.27618149066	1.33490214026	4.42573957097	0	0	0	-1.8574457362
121.265476429	0.0301600699869	2.16060211126	1.38095108377	1.44057641938	4.42025990748	0	0	0	-1.8629253997
121.579635694	0.029955312849	2.1602169192	1.48531597399	1.54516350585	4.41526452621	0	0	0	-1.86792078097
121.893794959	0.0297651245419	2.15992612056	1.58897572737	1.64842088288	4.41100233095	0	0	0	-1.87218297623
122.207954225	0.0296001332076	2.15973827688	1.69165624825	1.75013030187	4.40770425225	0	0	0	-1.87548105493
122.52211349	0.029465300956	2.15963845172	1.79334877002	1.85033152152	4.40534828428	0	0	0	-1.8778370229
122.836272755	0.0293644855246	2.15959295308	1.89429863009	1.94931096692	4.40366967609	0	0	0	-1.87951563109
123.150432021	0.0292985677512	2.15956295581	1.99487208876	2.04746112124	4.40230071433	0	0	0	-1.88088459285
123.464591286	0.0292642354529	2.15951408974	2.09548826373	2.14521075903	4.4008401664	0	0	0	-1.88234514078
123.778750551	0.0292592241772	2.15941801091	2.19655375368	2.24297193636	4.39890621148	0	0	0	-1.8842790957
124.092909817	0.0292819124192	2.15925973041	2.29831917932	2.34100285678	4.39627365399	0	0	0	-1.88691165319
124.407069082	0.0293291934881	2.15904022202	2.40084388127	2.43937562986	4.39290637334	0	0	0	-1.89027893384
124.721228348	0.0293963260933	2.15877135943	2.50407540943	2.53805766124	4.38887608291	0	0	0	-1.89430922427
125.035387613	0.0294784308974	2.15846976909	2.60790573482	2.63697037332	4.38430358186	0	0	0	-1.89888172532
125.349546878	0.0295712441634	2.15815377194	2.71216783407	2.73598780233	4.37935996399	0	0	0	-1.90382534319
125.663706144	0.029670515796	2.15784251258	2.81662524523	2.83492638267	4.37427654142	0	0	0	-1.90890876576
125.977865409	0.0297717847988	2.15755332061	2.92101466905	2.93358498592	4.36930440573	0	0	0	-1.91388090145
126.292024674	0.0298703154202	2.15729980009	3.02510836745	3.03180282216	4.36465603301	0	0	0	-1.91852927417
126.60618394	0.029962564199	2.15708872287	3.12876177056	3.12950284884	4.36046130738	0	0	0	-1.9227239998
126.920343205	0.0300475569617	2.15691859369	-3.0512670683	-3.05649206685	4.35676544174	0	0	0	-1.92641986544
127.23450247	0.0301275802656	2.15677990434	-2.94861269842	-2.95975601997	4.35356648724	0	0	0	-1.92961881994
127.548661736	0.0302074852345	2.15665779657	-2.84644664055	-2.86340576512	4.35084867272	0	0	0	-1.93233663446
127.862821001	0.0302937862693	2.15653450805	-2.74477003236	-2.76739336114	4.34861586097	0	0	0	-1.93456944621
128.176980266	0.0303929341521	2.15639289787	-2.64361761632	-2.67170921911	4.34690897756	0	0	0	-1.93627632961
128.491139532	0.0305101625091	2.15621820942	-2.54306683422	-2.57638967959	4.34581336074	0	0	0	-1.93737194644
128.805298797	0.030648168274	2.15600032176	-2.44321879967	-2.48149671711	4.34543829626	0	0	0	-1.93774701092
129.119458063	0.0308065643796	2.15573507018	-2.34416210503	-2.38708102148	4.34587995834	0	0	0	-1.93730534884
129.433617328	0.0309827458267	2.15542305826	-2.24595001766	-2.29315923305	4.34719849074	0	0	0	-1.93598681644
129.747776593	0.0311727561005	2.15507127488	-2.14853691852	-2.19965233138	4.34935622463	0	0	0	-1.93382908255
130.061935859	0.0313693043032	2.15469639789	-2.051773287	-2.10637497791	4.35220690104	0	0	0	-1.93097840614
130.376095124	0.031561988532	2.15431765939	-1.95550839844	-2.01313241897	4.35559239653	0	0	0	-1.92759291065
130.690254389	0.0317418730086	2.15394453152	-1.85968204855	-1.91981847472	4.35944013866	0	0	0	-1.92374516852
131.004413655	0.031903319792	2.15357813111	-1.76427177594	-1.82637140481	4.36371821648	0	0	0	-1.9194670907
131.31857292	0.0320439263875	2.15321461652	-1.66926718294	-1.73275172341	4.3684125187	0	0	0	-1.91477278848
131.632732185	0.0321644139962	2.15284944419	-1.57464189271	-1.63891601949	4.37350000033	0	0	0	-1.90968530685
131.946891451	0.0322668268082	2.15248604155	-1.48026577068	-1.54472564254	4.37885705583	0	0	0	-1.90432825135
132.261050716	0.0323502657257	2.15212709982	-1.38603961917	-1.45007104295	4.38438362989	0	0	0	-1.89880167729
132.575209981	0.0324123382298	2.15176733478	-1.29196900617	-1.35495081558	4.39008174516	0	0	0	-1.89310356202
132.889369247	0.0324518207604	2.15139839894	-1.19809772275	-1.2594127932	4.39599610608	0	0	0	-1.8871892011
133.203528512	0.0324697052719	2.15101342525	-1.104470983	-1.16351952827	4.40217929975	0	0	0	-1.88100600743
133.517687778	0.0324700415141	2.15061184468	-1.0111047931	-1.06731743925	4.40866090267	0	0	0	-1.87452440451
133.831847043	0.0324571154482	2.15020608326	-0.917856423401	-0.970694848813	4.41530580273	0	0	0	-1.86787950444
134.146006308	0.0324310086348	2.14980696503	-0.82454257831	-0.873493265333	4.4219257361	0	0	0	-1.86125957108
134.460165574	0.0323906821118	2.14941952177	-0.731026081441	-0.775603970118	4.42837583587	0	0	0	-1.85480947131
134.774324839	0.0323360949467	2.14904446453	-0.637247990165	-0.677006740605	4.43459340027	0	0	0	-1.84859190691
135.088484104	0.0322682149954	2.14868057531	-0.543216242559	-0.577758940073	4.44058723951	0	0	0	-1.84259806767
135.40264337	0.0321887186731	2.1483273157	-0.448972736295	-0.477960358853	4.44640299574	0	0	0	-1.83678231144
135.716802635	0.0321009592979	2.14798983325	-0.354528900464	-0.377684487631	4.45205515896	0	0	0	-1.83113014822
136.0309619	0.0320086316312	2.14767637762	-0.25984782452	-0.276955636495	4.45750510279	0	0	0	-1.82568020439
136.345121166	0.0319120683767	2.14738777185	-0.164899998761	-0.17580515135	4.46271805981	0	0	0	-1.82046724736
136.659280431	0.031810115726	2.14712114301	-0.0696254285423	-0.074233916166	4.46762636107	0	0	0	-1.81555894611
136.973439697	0.0317017428858	2.14687234899	0.0260109056169	0.0277277998342	4.47219014809	0	0	0	-1.81099515909
137.287598962	0.03158562642	2.14663577838	0.122050905887	0.130054950527	4.47636372693	0	0	0	-1.80682158025
137.601758227	0.0314614461032	2.14640766105	0.218516685089	0.232700420076	4.48012386475	0	0	0	-1.80306144243
137.915917493	0.0313292260566	2.14618470551	0.315437818395	0.335625593756	4.48344030326	0	0	0	-1.79974500392
138.230076758	0.0311901721194	2.14596624158	0.412833679968	0.438783602313	4.48629352696	0	0	0	-1.79689178022
138.544236023	0.0310460868216	2.14575215398	0.510737406788	0.542146175125	4.48864890651	0	0	0	-1.79453640067
138.858395289	0.0308994312368	2.14554300194	0.609181407686	0.645689520186	4.49047164522	0	0	0	-1.79271366196
139.172554554	0.0307533332266	2.14533996603	0.708188651446	0.749386290182	4.49173555356	0	0	0	-1.79144975362
139.486713819	0.0306113101226	2.14514424775	0.807768948993	0.85320230666	4.49242691578	0	0	0	-1.7907583914
139.800873085	0.0304764237717	2.14495569091	0.907920651809	0.957097603458	4.49254388229	0	0	0	-1.79064142489
140.11503235	0.0303498793285	2.14477372313	1.00858964769	1.06098162642	4.4921415723	0	0	0	-1.79104373488
140.429191615	0.0302317577091	2.14460247133	1.10962710081	1.16467177162	4.4913738524	0	0	0	-1.79181145478
140.743350881	0.0301221909189	2.14444972636	1.210846798	1.26795669675	4.49043029271	0	0	0	-1.79275501447
141.057510146	0.0300214679928	2.144323451	1.31207696563	1.37065049317	4.48948206929	0	0	0	-1.79370323789
141.371669412	0.0299296487069	2.14422755565	1.41321133945	1.47264295761	4.4886315239	0	0	0	-1.79455378328
141.685828677	0.0298468295756	2.14416283416	1.51418814033	1.5738767679	4.48793465926	0	0	0	-1.79525064792
141.999987942	0.0297723899751	2.14412414407	1.61503241973	1.67438634449	4.48736185363	0	0	0	-1.79582345355
142.314147208	0.0297029441181	2.14410720433	1.71577117268	1.77420692618	4.48688835731	0	0	0	-1.79629694987
142.628306473	0.0296342744713	2.14411126798	1.81641190734	1.87335754694	4.48651105978	0	0	0	-1.7966742474
142.942465738	0.0295633058001	2.14413717278	1.91696086186	1.97186352151	4.48622571722	0	0	0	-1.79695958995
143.256625004	0.0294886228161	2.14418433233	2.01745004195	2.0697834751	4.4859995169	0	0	0	-1.79718579028
143.570784269	0.02941063085	2.14424975371	2.11793338089	2.16720443599	4.48577550885	0	0	0	-1.79740979833
143.884943534	0.0293313389303	2.14432753041	2.21848580129	2.26423885862	4.48547506218	0	0	0	-1.797710245
144.1991028	0.0292508112175	2.14441304377	2.31921009397	2.36102446117	4.48499756807	0	0	0	-1.79818773911
144.513262065	0.0291685433841	2.14450352783	2.42021596545	2.45770639366	4.48423793516	0	0	0	-1.79894737202
144.82742133	0.029084745282	2.1445979349	2.52158181601	2.55440256619	4.48312095156	0	0	0	-1.80006435562
145.141580596	0.0290007723796	2.14469549145	2.62334990678	2.65119946482	4.48160513565	0	0	0	-1.80158017153
145.455739861	0.028919008478	2.14479489928	2.72552303164	2.74814831009	4.47968621168	0	0	0	-1.8034990955
145.769899127	0.0288422786218	2.14489438303	2.82806680404	2.84526606097	4.47739573353	0	0	0	-1.80578957365
146.084058392	0.0287741938432	2.14499007353	2.93092054444	2.94254521624	4.47479088385	0	0	0	-1.80839442333
146.398217657	0.0287184134515	2.14507707292	3.03399194576	3.03994739325	4.47196050741	0	0	0	-1.81122479977
146.712376923	0.028678205413	2.1451499196	3.13717016383	3.13741503132	4.46901304568	0	0	0	-1.8141722615
147.026536188	0.0286558905014	2.14520371376	-3.04285176108	-3.04830684635	4.46606914136	0	0	0	-1.81711616582
147.340695453	0.0286524828693	2.14523512947	-2.93980904932	-2.95090388241	4.46323582991	0	0	0	-1.81994947727
147.654854719	0.0286681047792	2.14524219928	-2.83696588629	-2.85359320746	4.46059526359	0	0	0	-1.82259004359
147.969013984	0.0287020471344	2.14522502161	-2.73436160958	-2.75636978778	4.45819205356	0	0	0	-1.82499325362
148.283173249	0.0287532802006	2.14518552131	-2.63199456959	-2.65919006691	4.45603138246	0	0	0	-1.82715392472
148.597332515	0.0288200683164	2.14512863763	-2.5298290889	-2.56197765485	4.45408448788	0	0	0	-1.8291008193
148.91149178	0.0288993325863	2.14506332042	-2.42780551507	-2.46463123043	4.45229637843	0	0	0	-1.83088892874
149.225651046	0.0289870883311	2.14499992735	-2.32587719947	-2.36705938579	4.4506204613	0	0	0	-1.83256484588
149.539810311	0.0290808714168	2.14494299547	-2.22406861604	-2.2692402808	4.44907777453	0	0	0	-1.83410753265
149.853969576	0.0291791527743	2.14489211959	-2.12245797498	-2.17120688825	4.44774170001	0	0	0	-1.83544360717
150.168128842	0.0292813184408	2.14484380164	-2.02113554227	-2.07300891662	4.44669936566	0	0	0	-1.83648594152
150.482288107	0.0293877329623	2.14479230809	-1.92019716997	-1.97470815541	4.44604649532	0	0	0	-1.83713881186
150.796447372	0.0294996898438	2.14473092304	-1.81973854443	-1.87637392856	4.44588241259	0	0	0	-1.83730289459
151.110606638	0.0296199598469	2.14465496784	-1.71981852883	-1.77804862539	4.44627518967	0	0	0	-1.83691011751
151.424765903	0.0297502120979	2.14456858745	-1.62039208076	-1.67967524044	4.44718899276	0	0	0	-1.83599631442
151.738925168	0.0298870363564	2.14447738011	-1.52143379454	-1.58120967906	4.44859623295	0	0	0	-1.83458907423
152.053084434	0.0300244452076	2.14438045036	-1.42299612657	-1.48268485641	4.45054118138	0	0	0	-1.8326441258
152.367243699	0.0301569902234	2.14427431318	-1.3251261162	-1.38413595187	4.4530646882	0	0	0	-1.83012061898
152.681402964	0.0302813429691	2.144155495	-1.22784656965	-1.28558529386	4.45618866072	0	0	0	-1.82699664646
152.99556223	0.0303976735958	2.14402427416	-1.13114299453	-1.18703122212	4.4599046762	0	0	0	-1.82328063098
153.309721495	0.0305072980057	2.14389010001	-1.03488103445	-1.08835688914	4.4640828048	0	0	0	-1.81910250238
153.623880761	0.0306079106564	2.14376035919	-0.938907195123	-0.989422507894	4.46856389754	0	0	0	-1.81462140964
153.938040026	0.0306952510281	2.14363481719	-0.843127125458	-0.89015090675	4.47324491206	0	0	0	-1.80994039512
154.252199291	0.030766204038	2.14351073562	-0.747475544995	-0.790503876917	4.4780551272	0	0	0	-1.80513017998
154.566358557	0.0308199502247	2.14338617154	-0.651910954892	-0.690478587444	4.48295267821	0	0	0	-1.80023262897
154.880517822	0.0308568967301	2.14326021991	-0.556409939654	-0.590099251457	4.48791654191	0	0	0	-1.79526876527
155.194677087	0.0308795645947	2.14313584249	-0.460963910821	-0.489413460056	4.4929433927	0	0	0	-1.79024191448
155.508836353	0.0308932878783	2.14302379979	-0.365533021789	-0.388441466031	4.49799765853	0	0	0	-1.78518764865
155.822995618	0.0309027191249	2.14293516166	-0.270051457864	-0.287175675204	4.50301186311	0	0	0	-1.78017344407
156.137154883	0.0309097987823	2.14287497742	-0.174459960329	-0.185613890107	4.50792055108	0	0	0	-1.77526475609
156.451314149	0.0309155589291	2.14284494739	-0.078725759405	-0.0837829232857	4.51268460212	0	0	0	-1.77050070506
156.765473414	0.0309205977977	2.14284486838	0.0171646541187	0.0182686801315	4.5172847833	0	0	0	-1.76590052388
157.07963268	0.030925330603	2.14287368197	0.113185902584	0.120450086345	4.52174318997	0	0	0	-1.76144211721
157.393791945	0.0309301334944	2.14293057315	0.209292703496	0.222649234816	4.52610318922	0	0	0	-1.75708211796
157.70795121	0.0309352431821	2.14301535586	0.30542011302	0.324734216381	4.53042902545	0	0	0	-1.75275628173
158.022110476	0.0309409935659	2.14312916909	0.401491765828	0.426563435691	4.53479668957	0	0	0	-1.74838861761
158.336269741	0.0309480328144	2.14327457351	0.497437794817	0.528006202882	4.53927427982	0	0	0	-1.74391102736
158.650429006	0.0309577318115	2.14345563017	0.593198999619	0.628948888291	4.54391672792	0	0	0	-1.73926857926
158.964588272	0.0309718457481	2.14367724253	0.688711127628	0.729279231975	4.54878222082	0	0	0	-1.73440308636
159.278747537	0.0309922781106	2.14394459392	0.783898373897	0.828880133737	4.55393901845	0	0	0	-1.72924628873
159.592906802	0.031021249758	2.14426299264	0.878678816901	0.927636236414	4.5594593108	0	0	0	-1.72372599638
159.907066068	0.031059066052	2.14463496684	0.97295945212	1.02542535622	4.56542807153	0	0	0	-1.71775723565
160.221225333	0.031103984245	2.14506615837	1.06655486916	1.12203385379	4.57202788207	0	0	0	-1.71115742511
160.535384598	0.0311528077585	2.14556841041	1.15918194809	1.21715413827	4.57954171676	0	0	0	-1.70364359042
160.849543864	0.0312018175388	2.14615748609	1.25052762317	1.31045808352	4.58827970613	0	0	0	-1.69490560105
161.163703129	0.0312471817539	2.14684761383	1.34033098741	1.40168199734	4.5984941133	0	0	0	-1.68469119388
161.477862395	0.031284991939	2.14764861863	1.42841028712	1.49065238856	4.61035326317	0	0	0	-1.67283204401
161.79202166	0.0313126102055	2.14856461441	1.51467246749	1.57729568798	4.62393136436	0	0	0	-1.65925394282
162.106180925	0.0313261575299	2.14959550151	1.5990756826	1.66159293738	4.63925324011	0	0	0	-1.64393206707
162.420340191	0.0313211148684	2.15074522269	1.68151370275	1.74346454166	4.65640914273	0	0	0	-1.62677616445
162.734499456	0.0312958795672	2.15201878971	1.76184087997	1.82280287151	4.6755217286	0	0	0	-1.60766357858
163.048658721	0.0312519946589	2.15341706049	1.83991918047	1.89951838437	4.69669934125	0	0	0	-1.58648596593
163.362817987	0.0311947418929	2.1549318477	1.91566254484	1.97358188812	4.71999296725	0	0	0	-1.56319233993
163.676977252	0.0311338502255	2.15654066273	1.98909505167	2.04507888788	4.74534094699	0	0	0	-1.53784436019
163.991136517	0.03108015225	2.15820853008	2.06036823393	2.11421592766	4.77256168978	0	0	0	-1.5106236174
164.305295783	0.031047934453	2.15988458365	2.12980106515	2.18135959393	4.80131381823	0	0	0	-1.48187148895
164.619455048	0.0310584235783	2.1614959778	2.19793147304	2.24708716155	4.83104464532	0	0	0	-1.45214066186
164.933614313	0.0311403716555	2.1629455056	2.26555011987	2.3122136165	4.86096227682	0	0	0	-1.42222303036
165.247773579	0.0313268363315	2.16411907443	2.33364754271	2.37772930656	4.89009731083	0	0	0	-1.39308799635
165.561932844	0.031649974217	2.16490064986	2.40328315381	2.4446622104	4.91744040356	0	0	0	-1.36574490362
165.87609211	0.0321327842086	2.16519529396	2.47540476143	2.51389382965	4.94212692186	0	0	0	-1.34105838532
166.190251375	0.032781547117	2.16495312414	2.55065612596	2.58597300018	4.96362449975	0	0	0	-1.31956080743
166.50441064	0.0335836375764	2.16418363102	2.62920363821	2.66096394342	4.98188700319	0	0	0	-1.30129830399
166.818569906	0.0345096338416	2.16295349345	2.71073330005	2.73846701979	4.99733595143	0	0	0	-1.28584935575
167.132729171	0.0355187752581	2.16136957213	2.79460618662	2.81779186877	5.01068915125	0	0	0	-1.27249615593
167.446888436	0.0365640446171	2.159558861	2.88007005327	2.89817570979	5.02274346085	0	0	0	-1.26044184633
167.761047702	0.0375979046522	2.15764684611	2.96652369139	2.97904039672	5.03411802235	0	0	0	-1.24906728483
168.075206967	0.0385816218631	2.15573317425	3.05380953272	3.06026379322	5.04498244998	0	0	0	-1.2382028572
168.389366232	0.0395048379457	2.15385595013	-3.14083983362	-3.14089650979	5.05494657184	0	0	0	-1.22823873534
168.703525498	0.0403836916503	2.15200636828	-3.05050354549	-3.05749807082	5.06349507569	0	0	0	-1.21969023149
169.017684763	0.0412335808803	2.15018436359	-2.95827806267	-2.97258408941	5.07054567769	0	0	0	-1.21263962949
169.331844029	0.0420516917269	2.14842212299	-2.8645722734	-2.8864630634	5.07647033906	0	0	0	-1.20671496812
169.646003294	0.0428200885844	2.1467689129	-2.76996161287	-2.7995764262	5.08177761743	0	0	0	-1.20140768975
169.960162559	0.0435172781834	2.14526906548	-2.67488003877	-2.71221545039	5.08682889011	0	0	0	-1.19635641707
170.274321825	0.0441278934541	2.14394773649	-2.57956078346	-2.6244770426	5.09179294802	0	0	0	-1.19139235916
170.58848109	0.0446471050116	2.14280588176	-2.48411352863	-2.5363474045	5.09672827629	0	0	0	-1.18645703089
170.902640355	0.0450813002511	2.14182119702	-2.38860901974	-2.44779095035	5.1016705947	0	0	0	-1.18151471248
171.216799621	0.0454464892867	2.14095288417	-2.29313521174	-2.35880980534	5.10669113229	0	0	0	-1.17649417489
171.530958886	0.0457640148978	2.1401497475	-2.19783786593	-2.26948325129	5.1119350949	0	0	0	-1.17125021228
171.845118151	0.0460541786084	2.13936094162	-2.10292331689	-2.1799648777	5.11761815686	0	0	0	-1.16556715032
172.159277417	0.0463334217627	2.13854567456	-2.00857814673	-2.09040173333	5.12394524225	0	0	0	-1.15924006493
172.473436682	0.0466104498008	2.13768195748	-1.91490939321	-2.00086659918	5.13104269568	0	0	0	-1.1521426115
172.787595947	0.0468826428189	2.1367675272	-1.82194653019	-1.91134663219	5.13894694745	0	0	0	-1.14423835973
173.101755213	0.0471444939731	2.1358049668	-1.72968494728	-1.82179560935	5.14765646126	0	0	0	-1.13552884591
173.415914478	0.0473928181581	2.13480701647	-1.63799267276	-1.73205083804	5.15704809364	0	0	0	-1.12613721354
173.730073744	0.0476164176163	2.13380206495	-1.54661044411	-1.64180864268	5.1668522611	0	0	0	-1.11633304608
174.044233009	0.0478013405756	2.13281464164	-1.45528907592	-1.55076763743	5.17679554608	0	0	0	-1.1063897611
174.358392274	0.0479443256927	2.13186254367	-1.36379768712	-1.45866628895	5.18663704237	0	0	0	-1.09654826481
174.67255154	0.0480467567884	2.13096384992	-1.27189726491	-1.36524617824	5.19613062938	0	0	0	-1.0870546778
174.986710805	0.0481036316365	2.13012417322	-1.17943601272	-1.27032913169	5.20510111089	0	0	0	-1.07808419629
175.30087007	0.0481118218674	2.12933216282	-1.08639940766	-1.17389151403	5.21351716655	0	0	0	-1.06966814063
175.615029336	0.0480733158342	2.12856800395	-0.992876317224	-1.07604194819	5.22146789988	0	0	0	-1.0617174073
175.929188601	0.0479933962236	2.12782257516	-0.898888208112	-0.976840915571	5.22898193864	0	0	0	-1.05420336854
176.243347866	0.0478726836726	2.12708678331	-0.804415883117	-0.87631215692	5.23603880867	0	0	0	-1.04714649851
176.557507132	0.047709931271	2.12634491606	-0.709486821358	-0.774541327018	5.24266737825	0	0	0	-1.04051792893
176.871666397	0.0475061271421	2.12558442853	-0.614136300354	-0.671642108771	5.248912178	0	0	0	-1.03427312918
177.185825662	0.0472665785963	2.12480349463	-0.518383413529	-0.567730207889	5.25480819506	0	0	0	-1.02837711212
177.499984928	0.047002130677	2.12402094428	-0.422121941185	-0.462799637486	5.26025859928	0	0	0	-1.0229267079
177.814144193	0.0467244153379	2.12326320433	-0.325143342409	-0.356734314145	5.26504802606	0	0	0	-1.01813728112
178.128303459	0.0464444198812	2.12255094205	-0.227291396378	-0.249472751279	5.26900866281	0	0	0	-1.01417664437
178.442462724	0.0461738660404	2.12190174797	-0.128486991646	-0.141036093925	5.27204973467	0	0	0	-1.01113557251
178.756621989	0.0459252077668	2.12133158345	-0.0287765708983	-0.0315798006956	5.27421095465	0	0	0	-1.00897435252
179.070781255	0.0457053576182	2.1208448125	0.0716575194095	0.078596576696	5.2756741028	0	0	0	-1.00751120438
179.38494052	0.0455151338009	2.12043691938	0.172557887221	0.189112972802	5.27670134794	0	0	0	-1.00648395924
179.699099785	0.0453500025455	2.12009765134	0.273668401571	0.299590116441	5.27755597394	0	0	0	-1.00562933324
180.013259051	0.045202471037	2.11981492208	0.37479999087	0.409721282963	5.27843271861	0	0	0	-1.00475258857
180.327418316	0.0450664374165	2.11958200126	0.475833617721	0.51927947727	5.27945264127	0	0	0	-1.00373266591
180.641577581	0.0449384277985	2.11939761959	0.576710260134	0.628111133334	5.2806713045	0	0	0	-1.00251400268
180.955736847	0.0448178005104	2.11926393692	0.677416898924	0.736124443589	5.28209195302	0	0	0	-1.00109335416
181.269896112	0.0447073254842	2.1191884289	0.777928994231	0.843231208444	5.2837248024	0	0	0	-0.999460504782
181.584055378	0.0446096937856	2.11917707551	0.878208839415	0.949342600777	5.2855920025	0	0	0	-0.997593304682
181.898214643	0.0445250269688	2.11922581085	0.978275605451	1.05443829589	5.28765873033	0	0	0	-0.995526576846
182.212373908	0.0444494630525	2.11931452757	1.07827076292	1.15862761099	5.2897717982	0	0	0	-0.993413508979
182.526533174	0.0443749007975	2.11942318208	1.1782963066	1.26197509571	5.29183378547	0	0	0	-0.991351521709
182.840692439	0.0442957406822	2.11954123231	1.27840753222	1.36450725094	5.29379634691	0	0	0	-0.98938896027
183.154851704	0.044210965839	2.1196569538	1.37872457476	1.46633316892	5.29553936993	0	0	0	-0.987645937254
183.46901097	0.0441236313032	2.11975710783	1.47939847911	1.56760734292	5.29690752943	0	0	0	-0.98627777775
183.783170235	0.0440338910374	2.11983608857	1.58048939373	1.66839275037	5.2978466154	0	0	0	-0.985338691778
184.0973295	0.0439422361431	2.11989610204	1.68198152574	1.76868545036	5.29837847992	0	0	0	-0.984806827263
184.411488766	0.0438521668443	2.11994232335	1.78381436955	1.86845288421	5.29856211628	0	0	0	-0.984623190898
184.725648031	0.0437688269108	2.11997875294	1.88590714743	1.96765509277	5.29847161589	0	0	0	-0.984713691286
185.039807296	0.0436923409446	2.12001087076	1.98817759408	2.06624975779	5.29819026536	0	0	0	-0.984995041821
185.353966562	0.0436203894525	2.12004574093	2.09054758376	2.1642026474	5.29779938959	0	0	0	-0.985385917593
185.668125827	0.0435514107419	2.12008918506	2.19294763864	2.26149704628	5.29736819618	0	0	0	-0.985817110998
185.982285093	0.0434858174078	2.12014315629	2.29532108578	2.35813789042	5.29694886558	0	0	0	-0.986236441596
186.296444358	0.0434235263233	2.12020618294	2.3976630681	2.45418263938	5.29654488943	0	0	0	-0.986640417745
186.610603623	0.0433624906773	2.12027650166	2.5000336539	2.54975005949	5.29610164957	0	0	0	-0.987083657605
186.924762889	0.0433009453556	2.12035351169	2.60249992524	2.64496831214	5.29555785411	0	0	0	-0.987627453074
187.238922154	0.0432392780914	2.12043508701	2.7051188041	2.73996025166	5.29485977956	0	0	0	-0.988325527623
187.553081419	0.043179696699	2.12051766574	2.80792199291	2.83482773444	5.29397649575	0	0	0	-0.989208811429
187.867240685	0.0431250915533	2.12059751332	2.91090920498	2.92964349545	5.29290755575	0	0	0	-0.990277751429
188.18139995	0.0430779914475	2.12067190648	3.01404590102	3.02444816582	5.29168560274	0	0	0	-0.99149970444
188.495559215	0.043040022935	2.12073920908	3.11729478768	3.11927919968	5.29034710364	0	0	0	-0.992838203541
188.809718481	0.043012653122	2.1207975196	-3.06254227914	-3.06898925506	5.28890684041	0	0	0	-0.994278466775
189.123877746	0.0429972029007	2.12084544529	-2.95909775768	-2.97391887593	5.2873713467	0	0	0	-0.995813960477
189.438037011	0.0429951943727	2.12088153562	-2.8555671959	-2.87863485093	5.28575445945	0	0	0	-0.99743084773
189.752196277	0.0430080732086	2.12090465202	-2.75197176737	-2.78308838613	5.28408076079	0	0	0	-0.999104546388
190.066355542	0.0430370705492	2.12091412625	-2.64834011699	-2.6872389923	5.28238224972	0	0	0	-1.00080305745
190.380514808	0.0430836303168	2.12090978456	-2.54468627776	-2.59103460174	5.28067812896	0	0	0	-1.00250717822
190.694674073	0.0431473109826	2.12089663233	-2.44099905066	-2.49439930806	5.27896226235	0	0	0	-1.00422304483
191.008833338	0.043225591686	2.12088131041	-2.33730994932	-2.39729513157	5.27726466356	0	0	0	-1.00592064362
191.322992604	0.0433163720534	2.1208639057	-2.23372880883	-2.29975942863	5.27568834801	0	0	0	-1.00749695917
191.637151869	0.0434178378355	2.12083958559	-2.130395239	-2.20186204709	5.27436576898	0	0	0	-1.0088195382
191.951311134	0.0435292744815	2.12080020574	-2.02743919894	-2.1036714337	5.27342419299	0	0	0	-1.00976111419
192.2654704	0.0436516705561	2.1207380723	-1.92494301153	-2.00522065003	5.27295101005	0	0	0	-1.01023429713
192.579629665	0.0437860329201	2.12065441137	-1.8228855543	-1.90644983843	5.27293567775	0	0	0	-1.01024962943
192.89378893	0.0439275812892	2.12055096486	-1.72129972535	-1.80734604602	5.27340906298	0	0	0	-1.0097762442
193.207948196	0.0440691348907	2.12042282171	-1.62028059187	-1.70795930276	5.27445864762	0	0	0	-1.00872665956
193.522107461	0.0442066282173	2.12026369423	-1.519890037	-1.60832227085	5.27614721111	0	0	0	-1.00703809607
193.836266727	0.0443406760432	2.12007660724	-1.4200753157	-1.50837184463	5.27843371292	0	0	0	-1.00475159426
194.150425992	0.0444654537722	2.11986854163	-1.32074504817	-1.40800010009	5.28122374941	0	0	0	-1.00196155777
194.464585257	0.0445719313162	2.11963921299	-1.22184701682	-1.30714012515	5.2844545508	0	0	0	-0.998730756375
194.778744523	0.0446567230866	2.1193859996	-1.12334523369	-1.20576317844	5.28809119699	0	0	0	-0.99509411019
195.092903788	0.0447236272064	2.11911527588	-1.02515914812	-1.10381860215	5.29206600353	0	0	0	-0.991119303647
195.407063053	0.044771045493	2.11883442621	-0.927159377546	-1.00120326503	5.29624777728	0	0	0	-0.986937529901
195.721222319	0.0447942244317	2.11854539559	-0.829217948791	-0.897819121816	5.30049901405	0	0	0	-0.982686293134
196.035381584	0.0447919987102	2.11824742291	-0.731262322152	-0.79364356031	5.30474596564	0	0	0	-0.978439341535
196.349540849	0.0447686270803	2.11794399579	-0.633269464471	-0.688725644222	5.30897503466	0	0	0	-0.974210272517
196.663700115	0.0447297748027	2.1176436011	-0.535209539533	-0.583117600789	5.31316495239	0	0	0	-0.97002035479
196.97785938	0.0446768103823	2.11735234756	-0.436983891555	-0.476799296122	5.3172121075	0	0	0	-0.965973199675
197.292018645	0.0446101868081	2.11707306886	-0.338488690919	-0.36975117251	5.32100441039	0	0	0	-0.962180896792
197.606177911	0.0445309484081	2.11680582395	-0.239666058086	-0.262011088082	5.3244792676	0	0	0	-0.958706039576
197.920337176	0.0444413601378	2.11655097646	-0.140505528249	-0.153675306336	5.32762605916	0	0	0	-0.955559248024
198.234496442	0.044343646547	2.11630889435	-0.0410042545621	-0.0448523955479	5.33044181757	0	0	0	-0.952743489607
198.548655707	0.0442406581074	2.11608160628	0.0588185740869	0.0643230445176	5.332946929	0	0	0	-0.95023837818
198.862814972	0.0441356181599	2.11587275768	0.158934210417	0.173706870522	5.33517076115	0	0	0	-0.948014546028
199.176974238	0.044031043286	2.11568535111	0.259303074349	0.283146180028	5.33715295498	0	0	0	-0.946032352201
199.491133503	0.0439288951797	2.11552182268	0.359887306904	0.392494667769	5.33893008961	0	0	0	-0.944255217566
199.805292768	0.0438306252559	2.11538499798	0.460624927652	0.501586171688	5.34056400117	0	0	0	-0.94262130601
200.119452034	0.043737081471	2.11527771294	0.561448986872	0.610257116147	5.342121067	0	0	0	-0.94106424018
200.433611299	0.0436483071081	2.11520279412	0.662283852787	0.718343595011	5.3436765866	0	0	0	-0.939508720579
200.747770564	0.043565370372	2.11516467302	0.763071193283	0.825712821116	5.34528453394	0	0	0	-0.937900773241
201.06192983	0.0434902965003	2.11516986049	0.863741607313	0.932234320362	5.34700727846	0	0	0	-0.936178028716
201.376089095	0.0434241128547	2.11522159309	0.96424252137	1.03780722376	5.3488888151	0	0	0	-0.934296492075
201.69024836	0.0433649273127	2.1153097024	1.06463798346	1.14245921662	5.35085583681	0	0	0	-0.932329470369
202.004407626	0.0433072970378	2.11542018978	1.16499988014	1.24622687754	5.35283714504	0	0	0	-0.930348162144
202.318566891	0.0432458615243	2.11554902	1.26531398181	1.34906541577	5.35485391767	0	0	0	-0.928331389511
202.632726157	0.0431784764684	2.11569566632	1.36557618698	1.45095685497	5.35691144314	0	0	0	-0.926273864041
202.946885422	0.0431065856277	2.11585727769	1.46582683847	1.55194552206	5.3589631297	0	0	0	-0.924222177476
203.261044687	0.0430300983839	2.11602873022	1.56612226122	1.65209712174	5.36095067642	0	0	0	-0.92223463076
203.575203953	0.0429459724171	2.11621008392	1.66647057284	1.75143114506	5.36287101153	0	0	0	-0.920314295653
203.889363218	0.0428532463117	2.11640443505	1.76685529341	1.84995568757	5.36474087361	0	0	0	-0.918444433571
204.203522483	0.0427542405306	2.11661384978	1.86725057449	1.94768451367	5.36657897771	0	0	0	-0.916606329465
204.517681749	0.042650957501	2.11683667511	1.96766035098	2.04466670471	5.36837542969	0	0	0	-0.914809877488
204.831841014	0.042541352434	2.11707339021	2.06809943309	2.14096016794	5.37011740547	0	0	0	-0.91306790171
205.146000279	0.0424237017286	2.11732584971	2.16857316513	2.23661996765	5.37180015814	0	0	0	-0.911385149038
205.460159545	0.042297283523	2.11759686696	2.26906301748	2.33168538329	5.37343929312	0	0	0	-0.909746014063
205.77431881	0.0421624916083	2.11788721745	2.36955305735	2.4262044089	5.37504558302	0	0	0	-0.908139724163
206.088478076	0.0420179357518	2.11819655805	2.47008912804	2.52028419222	5.3765738448	0	0	0	-0.90661146238
206.402637341	0.0418604454773	2.11852591958	2.57077525717	2.6140871064	5.37792635143	0	0	0	-0.905258955749
206.716796606	0.0416874679087	2.11887732849	2.67173198475	2.7077944058	5.37898876518	0	0	0	-0.904196541995
207.030955872	0.0414987977668	2.11925140571	2.77307504376	2.80158726855	5.37964867495	0	0	0	-0.903536632229
207.345115137	0.0412962976281	2.11964740139	2.87490061892	2.89563146129	5.37981049908	0	0	0	-0.903374808102
207.659274402	0.0410830070766	2.12006415674	2.97727452018	2.9900656046	5.37940680879	0	0	0	-0.903778498391
207.973433668	0.0408626960361	2.12050008165	3.08022674249	3.08499516454	5.37840394306	0	0	0	-0.904781364122
208.287592933	0.0406392797016	2.12095335401	-3.0994265819	-3.10268696837	5.37679573684	0	0	0	-0.906389570338
208.601752198	0.0404164821855	2.12142208772	-2.99532187845	-3.00654121956	5.37458511073	0	0	0	-0.908600196447
208.915911464	0.0401975623396	2.12190506588	-2.89064720442	-2.90968157347	5.37177211112	0	0	0	-0.91141319606
209.230070729	0.0399859474121	2.12240089155	-2.78539828972	-2.81203216311	5.36835136981	0	0	0	-0.914833937371
209.544229994	0.0397848511109	2.12290915838	-2.67956547922	-2.71351417655	5.36431335077	0	0	0	-0.918871956412
209.85838926	0.0395965458395	2.12343187783	-2.57314038159	-2.61405129642	5.35964945652	0	0	0	-0.923535850662
210.172548525	0.0394211237584	2.12397525698	-2.46611986827	-2.51357142084	5.35435343528	0	0	0	-0.928831871897
210.486707791	0.039258592066	2.12454332508	-2.35854464585	-2.41204447847	5.34845877155	0	0	0	-0.934726535634
210.800867056	0.0391088443584	2.12513679596	-2.25049761849	-2.30948250466	5.34203814666	0	0	0	-0.941147160522
211.115026321	0.0389715189861	2.12575468463	-2.1420637144	-2.20590307124	5.33516621519	0	0	0	-0.948019091994
211.429185587	0.0388465818433	2.12639452643	-2.03331478853	-2.10131679456	5.32790642334	0	0	0	-0.955278883841
211.743344852	0.0387348092705	2.1270529047	-1.92430458315	-1.99572421475	5.32030717037	0	0	0	-0.962878136814
212.057504117	0.0386379506902	2.12773173635	-1.81499747208	-1.88904713388	5.31233249728	0	0	0	-0.9708528099
212.371663383	0.0385528395341	2.12843432446	-1.70538529991	-1.78122992183	5.30396282663	0	0	0	-0.979222480553
212.685822648	0.0384726360863	2.12914972308	-1.59561810045	-1.67237254491	5.29532701909	0	0	0	-0.987858288089
212.999981913	0.0383906619505	2.12985263498	-1.48594448655	-1.56268650483	5.28665704848	0	0	0	-0.996528258698
213.314141179	0.038302570644	2.13050811105	-1.37666537162	-1.45245929361	5.27825127666	0	0	0	-1.00493403052
213.628300444	0.0382034161761	2.13107698133	-1.26809940099	-1.34201758713	5.27043679283	0	0	0	-1.01274851435
213.942459709	0.0380789717308	2.13150652111	-1.16065949653	-1.23179132702	5.26363276103	0	0	0	-1.01955254615
214.256618975	0.037912257134	2.13173537496	-1.05479779195	-1.12227609309	5.25831210137	0	0	0	-1.02487320581
214.57077824	0.0376904229341	2.1317114278	-0.950884449838	-1.01392182108	5.25489009729	0	0	0	-1.02829520989
214.884937506	0.0374095989503	2.13141388982	-0.849059081487	-0.906978395809	5.25357083847	0	0	0	-1.02961446871
215.199096771	0.0370740380997	2.13086050069	-0.749164581593	-0.801408748334	5.25426205447	0	0	0	-1.02892325271
215.513256036	0.0366903381767	2.13009509445	-0.650778007747	-0.696896859215	5.25658500694	0	0	0	-1.02660030024
215.827415302	0.0362679683919	2.12917397968	-0.553352721235	-0.592989708919	5.26001808076	0	0	0	-1.02316722642
216.141574567	0.0358186328609	2.12815442963	-0.456352792628	-0.489235329548	5.26403610623	0	0	0	-1.01914920094
216.455733832	0.0353541355057	2.1270863688	-0.359328196297	-0.38526058576	5.26818920437	0	0	0	-1.01499610281
216.769893098	0.0348839245506	2.12600715303	-0.261928729507	-0.280786443184	5.2721188976	0	0	0	-1.01106640958
217.084052363	0.0344158967929	2.1249440336	-0.163888392489	-0.175615268011	5.27554625935	0	0	0	-1.00763904783
217.398211628	0.0339565034013	2.12391559973	-0.0649969779424	-0.0696027260652	5.27824469421	0	0	0	-1.00494061297
217.712370894	0.0335134590714	2.1229384274	0.0349357823035	0.0373790506353	5.28000409224	0	0	0	-1.00318121494
218.026530159	0.0330960305081	2.12202766317	0.136059782348	0.145420995969	5.28065233701	0	0	0	-1.00253297016
218.340689425	0.0327147211789	2.12119751325	0.238413615861	0.254503126573	5.28013029325	0	0	0	-1.00305501393
218.65484869	0.0323776324072	2.12045810745	0.34180495472	0.364367239294	5.27862007101	0	0	0	-1.00456523617
218.969007955	0.0320809631076	2.11980310174	0.445785636669	0.474483077837	5.27657968244	0	0	0	-1.00660562474
219.283167221	0.031806154329	2.1192050081	0.54993099248	0.584334485928	5.27445757219	0	0	0	-1.00872773499
219.597326486	0.0315347017322	2.11863947291	0.654050779932	0.693649702347	5.27246327858	0	0	0	-1.0107220286
219.911485751	0.0312607905697	2.11810430387	0.75812836958	0.802355286892	5.27061485023	0	0	0	-1.01257045695
220.225645017	0.0309924031582	2.11761803752	0.862171125286	0.910430665986	5.26888541846	0	0	0	-1.01429988872
220.539804282	0.0307437153581	2.11720623954	0.96609958543	1.01778943423	5.2673224445	0	0	0	-1.01586286267
220.853963547	0.0305268559067	2.11688888607	1.06974014867	1.12426087846	5.26606605734	0	0	0	-1.01711924984
221.168122813	0.0303475176133	2.11667211534	1.17292678029	1.22968446005	5.26525409676	0	0	0	-1.01793121042
221.482282078	0.0302051228903	2.11654561435	1.27562053384	1.33402641812	5.2649048137	0	0	0	-1.01828049348
221.796441343	0.030096146819	2.11648270597	1.37800188131	1.43747266555	5.26482326594	0	0	0	-1.01836204123
222.110600609	0.0300136484699	2.1164515435	1.48033604716	1.54028523735	5.2647442557	0	0	0	-1.01844105148
222.424759874	0.0299459054782	2.11642738508	1.58283980837	1.64266458729	5.26446989351	0	0	0	-1.01871541367
222.73891914	0.0298828721691	2.11639168493	1.68575119591	1.74483477358	5.26378447323	0	0	0	-1.01940083395
223.053078405	0.0298191482474	2.11633326856	1.78927978422	1.84700153241	5.26249639744	0	0	0	-1.02068890974
223.36723767	0.0297528438867	2.11625079116	1.89351952219	1.94926621471	5.26052421619	0	0	0	-1.02266109099
223.681396936	0.0296846862231	2.11615089557	1.99843248958	2.0516113175	5.25791098162	0	0	0	-1.02527432556
223.995556201	0.0296161289047	2.11604330792	2.10391114205	2.15396006433	5.25476435016	0	0	0	-1.02842095702
224.309715466	0.0295477029959	2.11594246933	2.20975014386	2.25614741547	5.25128518594	0	0	0	-1.03190012124
224.623874732	0.0294787623119	2.11586396987	2.31570224133	2.35797511782	5.24771205652	0	0	0	-1.03547325066
224.938033997	0.0294084133	2.11581946624	2.42155255837	2.45928422302	5.24424811503	0	0	0	-1.03893719215
225.252193262	0.0293362955668	2.11581412164	2.52715764793	2.5599912314	5.24102425945	0	0	0	-1.04216104773
225.566352528	0.0292633873503	2.11584542967	2.63246383669	2.66010327213	5.23808323195	0	0	0	-1.04510207523
225.880511793	0.0291929761425	2.11590290359	2.73749842612	2.75970699336	5.23539002485	0	0	0	-1.04779528233
226.194671058	0.0291305080742	2.11597062571	2.84231868786	2.8589165161	5.23288330287	0	0	0	-1.0503020043
226.508830324	0.0290812135682	2.116032646	2.94701658111	2.95787433026	5.23047403939	0	0	0	-1.05271126779
226.822989589	0.0290497139913	2.11607519149	3.05172607248	3.05675799031	5.22803853112	0	0	0	-1.05514677606
227.137148855	0.0290394327492	2.11608975088	-3.12663866983	-3.12747668973	5.22548973429	0	0	0	-1.05769557289
227.45130812	0.02905245797	2.11607302164	-3.02166834992	-3.02837756861	5.22280032737	0	0	0	-1.06038497981
227.765467385	0.0290891219531	2.11602653123	-2.91657823415	-2.92911373335	5.22000831369	0	0	0	-1.06317699349
228.079626651	0.0291476346001	2.11595591428	-2.81145253367	-2.8297189755	5.21720156974	0	0	0	-1.06598373744
228.393785916	0.0292246182061	2.11586908831	-2.70638437138	-2.73023319983	5.21447372186	0	0	0	-1.06871158532
228.707945181	0.0293161398932	2.11577365665	-2.60146794764	-2.6306952343	5.21191663588	0	0	0	-1.0712686713
229.022104447	0.0294184674394	2.11567594242	-2.49676998686	-2.53111682867	5.20959401966	0	0	0	-1.07359128752
229.336263712	0.0295287576362	2.11558078382	-2.39231467214	-2.43146982382	5.20752814918	0	0	0	-1.07565715799
229.650422977	0.0296444735812	2.11549469144	-2.28805270239	-2.33165638097	5.20566969657	0	0	0	-1.07751561061
229.964582243	0.02976350367	2.11542211287	-2.18396559036	-2.23160921382	5.20399756283	0	0	0	-1.07918774435
230.278741508	0.0298850289813	2.11535925412	-2.08015573835	-2.13138186378	5.20260855368	0	0	0	-1.0805767535
230.592900774	0.0300081906473	2.11529726262	-1.97679237815	-2.03109799411	5.20166601114	0	0	0	-1.08151929604
230.907060039	0.0301322814864	2.11522463379	-1.87405532862	-1.93089932121	5.20134713349	0	0	0	-1.08183817369
231.221219304	0.0302568467501	2.11512986558	-1.77209795177	-1.83091067299	5.20180750055	0	0	0	-1.08137780663
231.53537857	0.0303816689628	2.1150028867	-1.67104132209	-1.73123431294	5.20317495251	0	0	0	-1.08001035467
231.849537835	0.0305078498262	2.11483882238	-1.57092716501	-1.63190475017	5.20550407032	0	0	0	-1.07768123686
232.1636971	0.0306344175263	2.11464406002	-1.47165288639	-1.53281460782	5.20870191905	0	0	0	-1.07448338813
232.477856366	0.0307549066751	2.11442825408	-1.37306823615	-1.43380095793	5.21261428373	0	0	0	-1.07057102345
232.792015631	0.0308621135718	2.11419433134	-1.27508252381	-1.33476312127	5.21714298046	0	0	0	-1.06604232672
233.106174896	0.0309516425497	2.11394280028	-1.17761559079	-1.23562254971	5.22220522614	0	0	0	-1.06098008103
233.420334162	0.0310230795922	2.11367451336	-1.08060336772	-1.13633136235	5.22774184883	0	0	0	-1.05544345835
233.734493427	0.0310800214074	2.11339703263	-0.983941896549	-1.0368139846	5.23365887476	0	0	0	-1.04952643242
234.048652692	0.0311230502664	2.11312057758	-0.887453786086	-0.936917583079	5.23977813771	0	0	0	-1.04340716947
234.362811958	0.03114912294	2.11284955814	-0.790966806046	-0.836492598066	5.24591779561	0	0	0	-1.03726751157
234.676971223	0.0311556917646	2.11258282244	-0.694376359275	-0.735466729171	5.25196623636	0	0	0	-1.03121907081
234.991130489	0.0311419437205	2.11231727114	-0.59763784464	-0.633840188448	5.25787746131	0	0	0	-1.02530784587
235.305289754	0.0311085113109	2.11205019868	-0.500750013734	-0.531667746405	5.26365352863	0	0	0	-1.01953177855
235.619449019	0.0310571009568	2.11178082238	-0.403737882037	-0.429039262731	5.26932574928	0	0	0	-1.0138595579
235.933608285	0.0309904188989	2.11151231154	-0.306612455483	-0.326035194479	5.27491106289	0	0	0	-1.00827424429
236.24776755	0.0309132119589	2.11125413573	-0.209353249903	-0.222705986568	5.280392497	0	0	0	-1.00279281018
236.561926815	0.0308296851529	2.11101571064	-0.111920220301	-0.119080459426	5.28572865847	0	0	0	-0.997456648712
236.876086081	0.0307421048373	2.11080206491	-0.0142707633164	-0.0151831609407	5.290872047	0	0	0	-0.99231326018
237.190245346	0.03065153847	2.11061477533	0.0836338156009	0.0889577709517	5.29577787206	0	0	0	-0.987407435115
237.504404611	0.0305584854375	2.11045323261	0.181829407171	0.193311575774	5.30040407786	0	0	0	-0.982781229318
237.818563877	0.03046312701	2.11031552468	0.280332906773	0.297828054466	5.30472917816	0	0	0	-0.978456129017
238.132723142	0.0303649833856	2.11019811232	0.379152365646	0.402448725017	5.3087421068	0	0	0	-0.974443200379
238.446882407	0.0302636013987	2.11009725379	0.478303101498	0.507124882795	5.31242514019	0	0	0	-0.970760166991
238.761041673	0.0301582526885	2.11000836336	0.577809727639	0.611820223838	5.31575219649	0	0	0	-0.967433110687
239.075200938	0.0300480755281	2.10992513903	0.677736852516	0.716543617326	5.31865684913	0	0	0	-0.964528458047
239.389360204	0.0299331716233	2.10984191443	0.778165733723	0.821326146112	5.32105598571	0	0	0	-0.962129321469
239.703519469	0.02981292632	2.10975374449	0.879133132948	0.926155759763	5.32291574124	0	0	0	-0.960269565935
240.017678734	0.0296871026588	2.10966125384	0.980591794126	1.03093949577	5.32428984645	0	0	0	-0.95889546073
240.331838	0.0295567343228	2.10957116406	1.08243293116	1.13553133813	5.32529230278	0	0	0	-0.957893004402
240.645997265	0.0294249657804	2.10949349365	1.1845357356	1.23978723221	5.32604268327	0	0	0	-0.957142623909
240.96015653	0.0292954604365	2.10943760094	1.28678027199	1.34357619099	5.32665508654	0	0	0	-0.956530220641
241.274315796	0.0291714702012	2.10940887435	1.38907936593	1.44681011459	5.32720807595	0	0	0	-0.955977231227
241.588475061	0.029055684238	2.10940447032	1.4914441709	1.54950726462	5.32768079372	0	0	0	-0.955504513462
241.902634326	0.028948964937	2.1094157773	1.59395254569	1.651754296	5.32799036718	0	0	0	-0.955194939998
242.216793592	0.0288485785381	2.10943673554	1.69664932956	1.75360139991	5.32809638162	0	0	0	-0.955088925561
242.530952857	0.0287516473047	2.10946509749	1.7995499573	1.8550738791	5.32798907588	0	0	0	-0.955196231297
242.845112123	0.0286570485219	2.10950012821	1.90265906033	1.9561949979	5.32766619778	0	0	0	-0.955519109398
243.159271388	0.0285647338729	2.10954099819	2.00598286611	2.05699659558	5.32712199173	0	0	0	-0.956063315452
243.473430653	0.0284766282434	2.10958470705	2.10953516882	2.15752558969	5.3263402129	0	0	0	-0.956845094283
243.787589919	0.0283948177821	2.10962650931	2.21335085905	2.25785253853	5.32528503117	0	0	0	-0.95790027601
