0.314159265359	1.61813898913e-05
0.628318530718	1.61780825912e-05
0.942477796077	1.6174945658e-05
1.25663706144	1.61717430509e-05
1.57079632679	1.61688067963e-05
1.88495559215	1.61659152079e-05
2.19911485751	1.61632354995e-05
2.51327412287	1.6160691843e-05
2.82743338823	1.61583226852e-05
3.14159265359	1.61561303232e-05
3.45575191895	1.6154097061e-05
3.76991118431	1.61522376956e-05
4.08407044967	1.61505389137e-05
4.39822971503	1.61490053712e-05
4.71238898039	1.61476227782e-05
5.02654824574	1.61463873717e-05
5.3407075111	1.61452902521e-05
5.65486677646	1.61443259661e-05
5.96902604182	1.61434873072e-05
6.28318530718	1.61427637635e-05
6.59734457254	1.61421479851e-05
6.9115038379	1.61416290051e-05
7.22566310326	1.61411985823e-05
7.53982236862	1.61408460925e-05
7.85398163398	1.61405584553e-05
8.16814089933	1.61403164688e-05
8.48230016469	1.61400950836e-05
8.79645943005	1.61398047733e-05
9.11061869541	1.61393998558e-05
9.42477796077	1.61386771719e-05
9.73893722613	1.61376093468e-05
0.314159265359	1.61813898913e-05
0.628318530718	1.61780825912e-05
0.942477796077	1.6174945658e-05
1.25663706144	1.61717430509e-05
1.57079632679	1.61688067963e-05
1.88495559215	1.61659152079e-05
2.19911485751	1.61632354995e-05
2.51327412287	1.6160691843e-05
2.82743338823	1.61583226852e-05
3.14159265359	1.61561303232e-05
3.45575191895	1.6154097061e-05
3.76991118431	1.61522376956e-05
4.08407044967	1.61505389137e-05
4.39822971503	1.61490053712e-05
4.71238898039	1.61476227782e-05
5.02654824574	1.61463873717e-05
5.3407075111	1.61452902521e-05
5.65486677646	1.61443259661e-05
5.96902604182	1.61434873072e-05
6.28318530718	1.61427637635e-05
6.59734457254	1.61421479851e-05
6.9115038379	1.61416290051e-05
7.22566310326	1.61411985823e-05
7.53982236862	1.61408460925e-05
7.85398163398	1.61405584553e-05
8.16814089933	1.61403164688e-05
8.48230016469	1.61400950836e-05
8.79645943005	1.61398047733e-05
9.11061869541	1.61393998558e-05
9.42477796077	1.61386771719e-05
9.73893722613	1.61376093468e-05
10.0530964915	1.61360809687e-05
10.3672557568	1.61341037904e-05
10.6814150222	1.61318897273e-05
10.9955742876	1.61294130271e-05
11.3097335529	1.61270292467e-05
11.6238928183	1.61247974578e-05
11.9380520836	1.61229655001e-05
12.252211349	1.61216701727e-05
12.5663706144	1.612089233e-05
12.8805298797	1.61206483185e-05
13.1946891451	1.61207870021e-05
13.5088484104	1.61212646078e-05
13.8230076758	1.61220255523e-05
14.1371669412	1.61229846277e-05
14.4513262065	1.61241384136e-05
14.7654854719	1.61254207406e-05
15.0796447372	1.61268033397e-05
15.3938040026	1.61282746428e-05
15.707963268	1.61297856994e-05
16.0221225333	1.61313335529e-05
16.3362817987	1.61328902517e-05
16.650441064	1.61344303935e-05
16.9646003294	1.61359493286e-05
17.2787595947	1.61374080639e-05
17.5929188601	1.61388065082e-05
17.9070781255	1.61401278603e-05
18.2212373908	1.61413549452e-05
18.5353966562	1.61425087801e-05
18.8495559215	1.61435831478e-05
19.1637151869	1.61445877183e-05
19.4778744523	1.61455740568e-05
19.7920337176	1.61465156397e-05
20.106192983	1.61474565187e-05
20.4203522483	1.61484314177e-05
20.7345115137	1.61493897537e-05
21.0486707791	1.61504283531e-05
21.3628300444	1.61514903404e-05
21.6769893098	1.61525906247e-05
21.9911485751	1.61537788358e-05
22.3053078405	1.61549952211e-05
22.6194671058	1.61562978782e-05
22.9336263712	1.61576726592e-05
23.2477856366	1.61591150135e-05
23.5619449019	1.61606444517e-05
23.8761041673	1.61622609737e-05
24.1902634326	1.61639484384e-05
24.504422698	1.61657347936e-05
24.8185819634	1.61676007409e-05
25.1327412287	1.61695317997e-05
25.4469004941	1.61715623777e-05
25.7610597594	1.61736390174e-05
26.0752190248	1.61757901622e-05
26.3893782902	1.61779982909e-05
26.7035375555	1.61802466335e-05
27.0176968209	1.61825519022e-05
27.3318560862	1.61848869808e-05
27.6460153516	1.6187255203e-05
27.960174617	1.61896576772e-05
28.2743338823	1.61920925523e-05
28.5884931477	1.61945506405e-05
28.902652413	1.61970689745e-05
29.2168116784	1.61995939288e-05
29.5309709437	1.62021844958e-05
29.8451302091	1.62047589282e-05
30.1592894745	1.62074120799e-05
30.4734487398	1.62100570641e-05
30.7876080052	1.6212747176e-05
31.1017672705	1.62154489029e-05
31.4159265359	1.62181179662e-05
31.7300858013	1.62207997134e-05
32.0442450666	1.6223422483e-05
32.358404332	1.62260547469e-05
32.6725635973	1.62286523088e-05
32.9867228627	1.62312252963e-05
33.3008821281	1.62337760964e-05
33.6150413934	1.62362601834e-05
33.9292006588	1.62386789275e-05
34.2433599241	1.62410257407e-05
34.5575191895	1.62433181481e-05
34.8716784548	1.62455523672e-05
35.1858377202	1.62476928045e-05
35.4999969856	1.62497422269e-05
35.8141562509	1.62517029512e-05
36.1283155163	1.62535775377e-05
36.4424747816	1.62553725193e-05
36.756634047	1.62571102908e-05
37.0707933124	1.62587937817e-05
37.3849525777	1.62603929752e-05
37.6991118431	1.62619792854e-05
38.0132711084	1.62635089668e-05
38.3274303738	1.62650568644e-05
38.6415896392	1.62666045624e-05
38.9557489045	1.62681671935e-05
39.2699081699	1.62697842852e-05
39.5840674352	1.62714414637e-05
39.8982267006	1.62731244728e-05
40.212385966	1.62748955101e-05
40.5265452313	1.62766938991e-05
40.8407044967	1.62785514487e-05
41.154863762	1.62803794616e-05
41.4690230274	1.62822391196e-05
41.7831822927	1.62840723197e-05
42.0973415581	1.62858255644e-05
42.4115008235	1.62875497863e-05
42.7256600888	1.62891132435e-05
43.0398193542	1.62906043881e-05
43.3539786195	1.6291906012e-05
43.6681378849	1.62930539244e-05
43.9822971503	1.62940930171e-05
44.2964564156	1.62949632174e-05
44.610615681	1.62956768521e-05
44.9247749463	1.62962606201e-05
45.2389342117	1.62967143154e-05
45.5530934771	1.62970509837e-05
45.8672527424	1.6297308826e-05
46.1814120078	1.62974858243e-05
46.4955712731	1.62976133826e-05
46.8097305385	1.62977523297e-05
47.1238898039	1.6297835999e-05
47.4380490692	1.6297985967e-05
47.7522083346	1.62981488467e-05
48.0663675999	1.62983833721e-05
48.3805268653	1.62986309389e-05
48.6946861306	1.62989607231e-05
49.008845396	1.62993416111e-05
49.3230046614	1.62997462219e-05
49.6371639267	1.63002341289e-05
49.9513231921	1.6300722541e-05
50.2654824574	1.6301250801e-05
50.5796417228	1.6301771817e-05
50.8938009882	1.6302285135e-05
51.2079602535	1.6302843857e-05
51.5221195189	1.63033707432e-05
51.8362787842	1.63039296755e-05
52.1504380496	1.63044644207e-05
52.464597315	1.63050365583e-05
52.7787565803	1.63056003944e-05
53.0929158457	1.63061874337e-05
53.407075111	1.63068158067e-05
53.7212343764	1.63074297714e-05
54.0353936417	1.63081361111e-05
54.3495529071	1.63088044579e-05
54.6637121725	1.63095508791e-05
54.9778714378	1.63103081239e-05
55.2920307032	1.63111295259e-05
55.6061899685	1.63119329341e-05
55.9203492339	1.63127940139e-05
56.2345084993	1.6313646584e-05
56.5486677646	1.63145208593e-05
56.86282703	1.63154285541e-05
57.1769862953	1.63163461975e-05
57.4911455607	1.63172661706e-05
57.8053048261	1.63182075726e-05
58.1194640914	1.63191225539e-05
58.4336233568	1.63200948762e-05
58.7477826221	1.63210212699e-05
59.0619418875	1.63220250076e-05
59.3761011529	1.63229510581e-05
59.6902604182	1.63239747552e-05
60.0044196836	1.63249405809e-05
60.3185789489	1.63259421967e-05
60.6327382143	1.63269602451e-05
60.9468974796	1.6327953202e-05
61.261056745	1.63290017622e-05
61.5752160104	1.63300197689e-05
61.8893752757	1.63310512339e-05
62.2035345411	1.6332124003e-05
62.5176938064	1.63331936325e-05
62.8318530718	1.63342657472e-05
63.1460123372	1.63353290132e-05
63.4601716025	1.63363945714e-05
63.7743308679	1.6337471554e-05
64.0884901332	1.63385676301e-05
64.4026493986	1.63396856554e-05
64.716808664	1.63407949611e-05
65.0309679293	1.63419112475e-05
65.3451271947	1.63429938781e-05
65.65928646	1.63440953224e-05
65.9734457254	1.63451363868e-05
66.2876049907	1.63462327096e-05
66.6017642561	1.6347240805e-05
66.9159235215	1.63483111989e-05
67.2300827868	1.63493377839e-05
67.5442420522	1.6350378693e-05
67.8584013175	1.63514339672e-05
68.1725605829	1.63524849116e-05
68.4867198483	1.63535826921e-05
68.8008791136	1.63546715498e-05
69.115038379	1.63557535506e-05
69.4291976443	1.63569105261e-05
69.7433569097	1.63580679448e-05
70.0575161751	1.63592491647e-05
70.3716754404	1.63604004917e-05
70.6858347058	1.63615924143e-05
70.9999939711	1.63627880033e-05
71.3141532365	1.63640231659e-05
71.6283125019	1.63653152767e-05
71.9424717672	1.63666293094e-05
72.2566310326	1.63680129019e-05
72.5707902979	1.63693974153e-05
72.8849495633	1.63708724081e-05
73.1991088286	1.63722817362e-05
73.513268094	1.63737837217e-05
73.8274273594	1.63752206414e-05
74.1415866247	1.63767126022e-05
74.4557458901	1.6378177579e-05
74.7699051554	1.63796583224e-05
75.0840644208	1.63811331844e-05
75.3982236862	1.6382635804e-05
75.7123829515	1.63841506516e-05
76.0265422169	1.63857096262e-05
76.3407014822	1.63871950548e-05
76.6548607476	1.63887798373e-05
76.969020013	1.63903173293e-05
77.2831792783	1.63919653817e-05
77.5973385437	1.63935299795e-05
77.911497809	1.63951514836e-05
78.2256570744	1.63967298954e-05
78.5398163398	1.63983167868e-05
78.8539756051	1.6399903764e-05
79.1681348705	1.64014862836e-05
79.4822941358	1.64030781615e-05
79.7964534012	1.64046624844e-05
80.1106126665	1.6406268839e-05
80.4247719319	1.6407850315e-05
80.7389311973	1.64094277048e-05
81.0530904626	1.64109851892e-05
81.367249728	1.64125047515e-05
81.6814089933	1.64140454195e-05
81.9955682587	1.64155454475e-05
82.3097275241	1.64170699594e-05
82.6238867894	1.64185894888e-05
82.9380460548	1.64201447495e-05
83.2522053201	1.64217649254e-05
83.5663645855	1.64233394451e-05
83.8805238509	1.642500157e-05
84.1946831162	1.64266013051e-05
84.5088423816	1.642831963e-05
84.8230016469	1.64299908393e-05
85.1371609123	1.64317450724e-05
85.4513201776	1.64334693138e-05
85.765479443	1.64352325907e-05
86.0796387084	1.64369640228e-05
86.3937979737	1.643869995e-05
86.7079572391	1.64404209802e-05
87.0221165044	1.64421218248e-05
87.3362757698	1.64437818211e-05
87.6504350352	1.64454666871e-05
87.9645943005	1.6447107347e-05
88.2787535659	1.64488205136e-05
88.5929128312	1.64505065998e-05
88.9070720966	1.64522738048e-05
89.221231362	1.64540505993e-05
89.5353906273	1.64558761396e-05
89.8495498927	1.64577276657e-05
90.163709158	1.64596077708e-05
90.4778684234	1.64615008667e-05
90.7920276888	1.64633959348e-05
91.1061869541	1.64653537581e-05
91.4203462195	1.64672435279e-05
91.7345054848	1.64691646518e-05
92.0486647502	1.64710413555e-05
92.3628240155	1.64729364835e-05
92.6769832809	1.64748462464e-05
92.9911425463	1.64767797003e-05
93.3053018116	1.64787287792e-05
93.619461077	1.6480686669e-05
93.9336203423	1.64826901068e-05
94.2477796077	1.64847178858e-05
94.5619388731	1.64867819178e-05
94.8760981384	1.64888606623e-05
95.1902574038	1.64909445331e-05
95.5044166691	1.64930645703e-05
95.8185759345	1.6495188678e-05
96.1327351999	1.64973477251e-05
96.4468944652	1.6499507185e-05
96.7610537306	1.65016488509e-05
97.0752129959	1.65037859049e-05
97.3893722613	1.65059467923e-05
97.7035315266	1.65080473473e-05
98.017690792	1.65101196921e-05
98.3318500574	1.65121493827e-05
98.6460093227	1.65141527419e-05
98.9601685881	1.65161404369e-05
99.2743278534	1.65180808968e-05
99.5884871188	1.65200046163e-05
99.9026463842	1.65219002062e-05
100.21680565	1.65237718826e-05
100.530964915	1.65256672907e-05
100.84512418	1.65275082742e-05
101.159283446	1.6529395453e-05
101.473442711	1.65312155741e-05
101.787601976	1.65330686482e-05
102.101761242	1.6534893577e-05
102.415920507	1.65367210098e-05
102.730079772	1.65385501474e-05
103.044239038	1.65403480541e-05
103.358398303	1.65421637123e-05
103.672557568	1.65439901051e-05
103.986716834	1.65458260938e-05
104.300876099	1.6547590455e-05
104.615035365	1.6549387323e-05
104.92919463	1.65511941638e-05
105.243353895	1.65529927651e-05
105.557513161	1.65548040374e-05
105.871672426	1.65566139594e-05
106.185831691	1.65584677935e-05
106.499990957	1.65603410558e-05
106.814150222	1.65622584761e-05
107.128309487	1.65642036465e-05
107.442468753	1.65661623007e-05
107.756628018	1.65681783539e-05
108.070787283	1.65701525512e-05
108.384946549	1.65721896412e-05
108.699105814	1.65741737962e-05
109.01326508	1.65761937826e-05
109.327424345	1.65781842513e-05
109.64158361	1.65801709049e-05
109.955742876	1.6582153899e-05
110.269902141	1.65840957115e-05
110.584061406	1.65859953668e-05
110.898220672	1.65878775504e-05
111.212379937	1.65897904881e-05
111.526539202	1.65916759152e-05
111.840698468	1.65935235051e-05
112.154857733	1.65953488682e-05
112.469016999	1.65971460603e-05
112.783176264	1.65989817463e-05
113.097335529	1.66007686969e-05
113.411494795	1.66026060731e-05
113.72565406	1.66044047472e-05
114.039813325	1.66062581264e-05
114.353972591	1.66081352231e-05
114.668131856	1.66100137694e-05
114.982291121	1.66119359392e-05
115.296450387	1.66138151686e-05
115.610609652	1.66157568965e-05
115.924768917	1.66176529341e-05
116.238928183	1.66195957568e-05
116.553087448	1.66215145968e-05
116.867246714	1.66234599093e-05
117.181405979	1.66254306169e-05
117.495565244	1.6627416529e-05
117.80972451	1.66294313445e-05
118.123883775	1.66313789669e-05
118.43804304	1.66333034351e-05
118.752202306	1.66351959062e-05
119.066361571	1.66370661656e-05
119.380520836	1.66389627814e-05
119.694680102	1.66407909035e-05
120.008839367	1.66426825035e-05
120.322998632	1.66445061825e-05
120.637157898	1.6646408786e-05
120.951317163	1.66482503164e-05
121.265476429	1.66500958114e-05
121.579635694	1.66519479851e-05
121.893794959	1.66538042979e-05
122.207954225	1.66557386893e-05
122.52211349	1.66576440769e-05
122.836272755	1.66596039049e-05
123.150432021	1.66615412828e-05
123.464591286	1.66634833875e-05
123.778750551	1.66654223909e-05
124.092909817	1.66673167341e-05
124.407069082	1.66692175442e-05
124.721228348	1.66710590252e-05
125.035387613	1.66729507457e-05
125.349546878	1.66748400601e-05
125.663706144	1.66767951786e-05
125.977865409	1.66787887528e-05
126.292024674	1.6680782947e-05
126.60618394	1.66828810285e-05
126.920343205	1.66849544505e-05
127.23450247	1.66871627561e-05
127.548661736	1.66893521557e-05
127.862821001	1.66916780545e-05
128.176980266	1.66939869886e-05
128.491139532	1.6696350832e-05
128.805298797	1.66987047277e-05
129.119458063	1.67010179483e-05
129.433617328	1.67033393219e-05
129.747776593	1.67055973498e-05
130.061935859	1.67078543305e-05
130.376095124	1.67100828405e-05
130.690254389	1.67122886995e-05
131.004413655	1.67145253531e-05
131.31857292	1.67166930925e-05
131.632732185	1.67189383619e-05
131.946891451	1.67211002257e-05
132.261050716	1.67233392474e-05
132.575209981	1.67255342205e-05
132.889369247	1.67277415794e-05
133.203528512	1.67299951979e-05
133.517687778	1.67322092666e-05
133.831847043	1.67345304451e-05
134.146006308	1.67367948676e-05
134.460165574	1.67391475512e-05
134.774324839	1.67414740684e-05
135.088484104	1.67438507637e-05
135.40264337	1.67462669456e-05
135.716802635	1.67486738795e-05
136.0309619	1.67511396817e-05
136.345121166	1.67535684424e-05
136.659280431	1.67560622107e-05
136.973439697	1.67585626132e-05
137.287598962	1.67610972526e-05
137.601758227	1.67636751855e-05
137.915917493	1.67662696395e-05
138.230076758	1.67689304676e-05
138.544236023	1.67715993072e-05
138.858395289	1.67743211356e-05
139.172554554	1.67770199971e-05
139.486713819	1.67797379503e-05
139.800873085	1.67824514432e-05
140.11503235	1.67851627342e-05
140.429191615	1.67878967702e-05
140.743350881	1.67906060944e-05
141.057510146	1.67933520867e-05
141.371669412	1.67960745641e-05
141.685828677	1.67988232672e-05
141.999987942	1.68015576e-05
142.314147208	1.68043055386e-05
142.628306473	1.68070476065e-05
142.942465738	1.68097900789e-05
143.256625004	1.68125499891e-05
143.570784269	1.68152832386e-05
143.884943534	1.68180224028e-05
144.1991028	1.6820728343e-05
144.513262065	1.6823436865e-05
144.82742133	1.68261359315e-05
145.141580596	1.68288125761e-05
145.455739861	1.6831525839e-05
145.769899127	1.68341969499e-05
146.084058392	1.68369501871e-05
146.398217657	1.68396766904e-05
146.712376923	1.68424712668e-05
147.026536188	1.68452495008e-05
147.340695453	1.68480564562e-05
147.654854719	1.68508652001e-05
147.969013984	1.68536492351e-05
148.283173249	1.6856433224e-05
148.597332515	1.68591585566e-05
148.91149178	1.68618496402e-05
149.225651046	1.68644582487e-05
149.539810311	1.68670059181e-05
149.853969576	1.68695007506e-05
150.168128842	1.68718691194e-05
150.482288107	1.68742035636e-05
150.796447372	1.68764053205e-05
151.110606638	1.68786069036e-05
151.424765903	1.6880724649e-05
151.738925168	1.68828281402e-05
152.053084434	1.68849151841e-05
152.367243699	1.68869641656e-05
152.681402964	1.68890716879e-05
152.99556223	1.68911309421e-05
153.309721495	1.68932840065e-05
153.623880761	1.68954075394e-05
153.938040026	1.6897599533e-05
154.252199291	1.6899819322e-05
154.566358557	1.69020582479e-05
154.880517822	1.69043538961e-05
155.194677087	1.690662455e-05
155.508836353	1.69089497824e-05
155.822995618	1.69112710576e-05
156.137154883	1.6913620977e-05
156.451314149	1.6915965725e-05
156.765473414	1.69182310815e-05
157.079632679	1.69205099757e-05
157.393791945	1.69226922796e-05
157.70795121	1.69249260509e-05
158.022110476	1.69270752939e-05
158.336269741	1.69292466016e-05
158.650429006	1.69313739916e-05
158.964588272	1.69334809435e-05
159.278747537	1.69356030632e-05
159.592906802	1.69376840432e-05
159.907066068	1.69398210725e-05
160.221225333	1.69419050665e-05
160.535384598	1.6944026363e-05
160.849543864	1.69461292723e-05
161.163703129	1.69482313794e-05
161.477862395	1.69503712584e-05
161.79202166	1.69524754865e-05
162.106180925	1.69546387883e-05
162.420340191	1.6956759517e-05
162.734499456	1.69589051734e-05
163.048658721	1.69610041726e-05
163.362817987	1.69630982238e-05
163.676977252	1.69652186235e-05
163.991136517	1.69673221912e-05
164.305295783	1.69695044301e-05
164.619455048	1.69716454053e-05
164.933614313	1.69738569462e-05
165.247773579	1.69760434217e-05
165.561932844	1.69782911182e-05
165.87609211	1.6980580722e-05
166.190251375	1.69829032995e-05
166.50441064	1.69853136433e-05
166.818569906	1.69877112157e-05
167.132729171	1.69901816158e-05
167.446888436	1.699262822e-05
167.761047702	1.69951097318e-05
168.075206967	1.69975960273e-05
168.389366232	1.70000624573e-05
168.703525498	1.70025582721e-05
169.017684763	1.70049894279e-05
169.331844029	1.70074481421e-05
169.646003294	1.7009851461e-05
169.960162559	1.70122620768e-05
170.274321825	1.70146473655e-05
170.58848109	1.70169874611e-05
170.902640355	1.70193404016e-05
171.216799621	1.70215779188e-05
171.530958886	1.70238286344e-05
171.845118151	1.70259875857e-05
172.159277417	1.70281771277e-05
172.473436682	1.70303480926e-05
172.787595947	1.70325440289e-05
173.101755213	1.70347902163e-05
173.415914478	1.70370495768e-05
173.730073744	1.70394103522e-05
174.044233009	1.70418036705e-05
174.358392274	1.70443142608e-05
174.67255154	1.70468966819e-05
174.986710805	1.70495534602e-05
175.30087007	1.70523139106e-05
175.615029336	1.70551052825e-05
175.929188601	1.70580118985e-05
176.243347866	1.70609245405e-05
176.557507132	1.70639050274e-05
176.871666397	1.70668580309e-05
177.185825662	1.70698295058e-05
177.499984928	1.70727589267e-05
177.814144193	1.70756422226e-05
178.128303459	1.70785273052e-05
178.442462724	1.70813564149e-05
178.756621989	1.70841993242e-05
179.070781255	1.70869757768e-05
179.38494052	1.70897478991e-05
179.699099785	1.70925024146e-05
180.013259051	1.70952473853e-05
180.327418316	1.709802632e-05
180.641577581	1.7100764729e-05
180.955736847	1.71035439631e-05
181.269896112	1.71062838512e-05
181.584055378	1.71090500868e-05
181.898214643	1.7111798312e-05
182.212373908	1.71145510195e-05
182.526533174	1.71173307205e-05
182.840692439	1.71201120643e-05
183.154851704	1.71229558165e-05
183.46901097	1.71257991269e-05
183.783170235	1.71287032677e-05
184.0973295	1.71316129614e-05
184.411488766	1.71345813389e-05
184.725648031	1.71375948255e-05
185.039807296	1.7140610983e-05
185.353966562	1.71436634167e-05
185.668125827	1.71466846304e-05
185.982285093	1.71497473517e-05
186.296444358	1.71527847009e-05
186.610603623	1.71558488655e-05
186.924762889	1.71588995428e-05
187.238922154	1.71619348933e-05
187.553081419	1.71649841187e-05
187.867240685	1.71679931203e-05
188.18139995	1.71710339197e-05
188.495559215	1.71740175795e-05
188.809718481	1.71770011443e-05
189.123877746	1.71799352512e-05
189.438037011	1.7182819307e-05
189.752196277	1.71856961741e-05
190.066355542	1.71884824385e-05
190.380514808	1.71912905302e-05
190.694674073	1.71939971619e-05
191.008833338	1.71967458844e-05
191.322992604	1.71994201999e-05
191.637151869	1.72021093736e-05
191.951311134	1.72047863513e-05
192.2654704	1.72074512486e-05
192.579629665	1.72101789493e-05
192.89378893	1.72129110958e-05
193.207948196	1.72157294488e-05
193.522107461	1.72186050605e-05
193.836266727	1.72215416806e-05
194.150425992	1.7224591719e-05
194.464585257	1.72276460511e-05
194.778744523	1.72308185756e-05
195.092903788	1.72339457791e-05
195.407063053	1.72371586611e-05
195.721222319	1.72403342563e-05
196.035381584	1.72435284482e-05
196.349540849	1.72467111843e-05
196.663700115	1.72498304982e-05
196.97785938	1.72529523416e-05
197.292018645	1.7255956294e-05
197.606177911	1.72589448583e-05
197.920337176	1.72618146314e-05
198.234496442	1.72646061599e-05
198.548655707	1.72673378111e-05
198.862814972	1.72699582306e-05
199.176974238	1.72725870541e-05
199.491133503	1.72750942947e-05
199.805292768	1.72776184343e-05
200.119452034	1.72800682748e-05
200.433611299	1.72825148473e-05
200.747770564	1.72849829063e-05
201.06192983	1.72874349252e-05
201.376089095	1.7289973527e-05
201.69024836	1.7292513702e-05
202.004407626	1.72951671188e-05
202.318566891	1.72978398149e-05
202.632726157	1.73005726126e-05
202.946885422	1.73033583567e-05
203.261044687	1.73061239868e-05
203.575203953	1.73089494616e-05
203.889363218	1.73117318836e-05
204.203522483	1.73145781864e-05
204.517681749	1.73174012968e-05
204.831841014	1.73202767119e-05
205.146000279	1.73231631926e-05
205.460159545	1.73260922568e-05
205.77431881	1.73290614399e-05
206.088478076	1.73320432488e-05
206.402637341	1.73350616848e-05
206.716796606	1.73380660052e-05
207.030955872	1.73410716517e-05
207.345115137	1.73440448743e-05
207.659274402	1.73469699907e-05
207.973433668	1.73498787303e-05
208.287592933	1.7352704826e-05
208.601752198	1.73555420191e-05
208.915911464	1.73582844937e-05
209.230070729	1.73610358076e-05
209.544229994	1.73636830647e-05
209.85838926	1.73663279741e-05
210.172548525	1.73689025603e-05
210.486707791	1.73714682298e-05
210.800867056	1.73740255509e-05
211.115026321	1.73765799017e-05
211.429185587	1.73791724188e-05
211.743344852	1.73817851448e-05
212.057504117	1.73844572479e-05
212.371663383	1.738720918e-05
212.685822648	1.73900010262e-05
212.999981913	1.73929239074e-05
213.314141179	1.73958737646e-05
213.628300444	1.73989635849e-05
213.942459709	1.74020636157e-05
214.256618975	1.74052679467e-05
214.57077824	1.7408473104e-05
214.884937506	1.74117295086e-05
215.199096771	1.74150047068e-05
215.513256036	1.74182258652e-05
215.827415302	1.7421434616e-05
216.141574567	1.74245258494e-05
216.455733832	1.74275797098e-05
216.769893098	1.74305290601e-05
217.084052363	1.74333996595e-05
217.398211628	1.74362040709e-05
217.712370894	1.74388907838e-05
218.026530159	1.74415416716e-05
218.340689425	1.74440793014e-05
218.65484869	1.74466093267e-05
218.969007955	1.74490687138e-05
219.283167221	1.74515094171e-05
219.597326486	1.74539493061e-05
219.911485751	1.74563606965e-05
220.225645017	1.74588388399e-05
220.539804282	1.7461296247e-05
220.853963547	1.7463846239e-05
221.168122813	1.74664178108e-05
221.482282078	1.74690854291e-05
221.796441343	1.74718081471e-05
222.110600609	1.7474568143e-05
222.424759874	1.74774115971e-05
222.73891914	1.74802710397e-05
223.053078405	1.74832401377e-05
223.36723767	1.74862148769e-05
223.681396936	1.74892548855e-05
223.995556201	1.7492292629e-05
224.309715466	1.74953227385e-05
224.623874732	1.74983658457e-05
224.938033997	1.75013597542e-05
225.252193262	1.75043777823e-05
225.566352528	1.75073312623e-05
225.880511793	1.75102539245e-05
226.194671058	1.75131238575e-05
226.508830324	1.75159078445e-05
226.822989589	1.75186746711e-05
227.137148855	1.75213168953e-05
227.45130812	1.75239657534e-05
227.765467385	1.75264901429e-05
228.079626651	1.75290054345e-05
228.393785916	1.75314335422e-05
228.707945181	1.75338623919e-05
229.022104447	1.75362702232e-05
229.336263712	1.75387008735e-05
229.650422977	1.75411642356e-05
229.964582243	1.75436362687e-05
230.278741508	1.75461403579e-05
230.592900774	1.75486773806e-05
230.907060039	1.75512291873e-05
231.221219304	1.75538670033e-05
231.53537857	1.75565065821e-05
231.849537835	1.75592865524e-05
232.1636971	1.75620557599e-05
232.477856366	1.75649606259e-05
232.792015631	1.75678869685e-05
233.106174896	1.75709176867e-05
233.420334162	1.75740364539e-05
233.734493427	1.75771973753e-05
234.048652692	1.7580448704e-05
234.362811958	1.75837120536e-05
234.676971223	1.75870460034e-05
234.991130489	1.7590386296e-05
235.305289754	1.75937530456e-05
235.619449019	1.75971076682e-05
235.933608285	1.76004021481e-05
236.24776755	1.76036663313e-05
236.561926815	1.76067978736e-05
236.876086081	1.76098824018e-05
237.190245346	1.76128339817e-05
237.504404611	1.76157187344e-05
237.818563877	1.76185358584e-05
238.132723142	1.76212539981e-05
238.446882407	1.76239756245e-05
238.761041673	1.76266080742e-05
239.075200938	1.76293235027e-05
239.389360204	1.76320069097e-05
239.703519469	1.76347879827e-05
240.017678734	1.76375831477e-05
240.331838	1.76404242881e-05
240.645997265	1.76433234993e-05
240.96015653	1.76462325489e-05
241.274315796	1.76492286753e-05
241.588475061	1.7652231503e-05
241.902634326	1.76553161865e-05
0.314159265359	1.61813898913e-05
0.628318530718	1.61780825912e-05
0.942477796077	1.6174945658e-05
1.25663706144	1.61717430509e-05
1.57079632679	1.61688067963e-05
1.88495559215	1.61659152079e-05
2.19911485751	1.61632354995e-05
2.51327412287	1.6160691843e-05
2.82743338823	1.61583226852e-05
3.14159265359	1.61561303232e-05
3.45575191895	1.6154097061e-05
3.76991118431	1.61522376956e-05
4.08407044967	1.61505389137e-05
4.39822971503	1.61490053712e-05
4.71238898039	1.61476227782e-05
5.02654824574	1.61463873717e-05
5.3407075111	1.61452902521e-05
5.65486677646	1.61443259661e-05
5.96902604182	1.61434873072e-05
6.28318530718	1.61427637635e-05
6.59734457254	1.61421479851e-05
6.9115038379	1.61416290051e-05
7.22566310326	1.61411985823e-05
7.53982236862	1.61408460925e-05
7.85398163398	1.61405584553e-05
8.16814089933	1.61403164688e-05
8.48230016469	1.61400950836e-05
8.79645943005	1.61398047733e-05
9.11061869541	1.61393998558e-05
9.42477796077	1.61386771719e-05
9.73893722613	1.61376093468e-05
10.0530964915	1.61360809687e-05
10.3672557568	1.61341037904e-05
10.6814150222	1.61318897273e-05
10.9955742876	1.61294130271e-05
11.3097335529	1.61270292467e-05
11.6238928183	1.61247974578e-05
11.9380520836	1.61229655001e-05
12.252211349	1.61216701727e-05
12.5663706144	1.612089233e-05
12.8805298797	1.61206483185e-05
13.1946891451	1.61207870021e-05
13.5088484104	1.61212646078e-05
13.8230076758	1.61220255523e-05
14.1371669412	1.61229846277e-05
14.4513262065	1.61241384136e-05
14.7654854719	1.61254207406e-05
15.0796447372	1.61268033397e-05
15.3938040026	1.61282746428e-05
15.707963268	1.61297856994e-05
16.0221225333	1.61313335529e-05
16.3362817987	1.61328902517e-05
16.650441064	1.61344303935e-05
16.9646003294	1.61359493286e-05
17.2787595947	1.61374080639e-05
17.5929188601	1.61388065082e-05
17.9070781255	1.61401278603e-05
18.2212373908	1.61413549452e-05
18.5353966562	1.61425087801e-05
18.8495559215	1.61435831478e-05
19.1637151869	1.61445877183e-05
19.4778744523	1.61455740568e-05
19.7920337176	1.61465156397e-05
20.106192983	1.61474565187e-05
20.4203522483	1.61484314177e-05
20.7345115137	1.61493897537e-05
21.0486707791	1.61504283531e-05
21.3628300444	1.61514903404e-05
21.6769893098	1.61525906247e-05
21.9911485751	1.61537788358e-05
22.3053078405	1.61549952211e-05
22.6194671058	1.61562978782e-05
22.9336263712	1.61576726592e-05
23.2477856366	1.61591150135e-05
23.5619449019	1.61606444517e-05
23.8761041673	1.61622609737e-05
24.1902634326	1.61639484384e-05
24.504422698	1.61657347936e-05
24.8185819634	1.61676007409e-05
25.1327412287	1.61695317997e-05
25.4469004941	1.61715623777e-05
25.7610597594	1.61736390174e-05
26.0752190248	1.61757901622e-05
26.3893782902	1.61779982909e-05
26.7035375555	1.61802466335e-05
27.0176968209	1.61825519022e-05
27.3318560862	1.61848869808e-05
27.6460153516	1.6187255203e-05
27.960174617	1.61896576772e-05
28.2743338823	1.61920925523e-05
28.5884931477	1.61945506405e-05
28.902652413	1.61970689745e-05
29.2168116784	1.61995939288e-05
29.5309709437	1.62021844958e-05
29.8451302091	1.62047589282e-05
30.1592894745	1.62074120799e-05
30.4734487398	1.62100570641e-05
30.7876080052	1.6212747176e-05
31.1017672705	1.62154489029e-05
31.4159265359	1.62181179662e-05
31.7300858013	1.62207997134e-05
32.0442450666	1.6223422483e-05
32.358404332	1.62260547469e-05
32.6725635973	1.62286523088e-05
32.9867228627	1.62312252963e-05
33.3008821281	1.62337760964e-05
33.6150413934	1.62362601834e-05
33.9292006588	1.62386789275e-05
34.2433599241	1.62410257407e-05
34.5575191895	1.62433181481e-05
34.8716784548	1.62455523672e-05
35.1858377202	1.62476928045e-05
35.4999969856	1.62497422269e-05
35.8141562509	1.62517029512e-05
36.1283155163	1.62535775377e-05
36.4424747816	1.62553725193e-05
36.756634047	1.62571102908e-05
37.0707933124	1.62587937817e-05
37.3849525777	1.62603929752e-05
37.6991118431	1.62619792854e-05
38.0132711084	1.62635089668e-05
38.3274303738	1.62650568644e-05
38.6415896392	1.62666045624e-05
38.9557489045	1.62681671935e-05
39.2699081699	1.62697842852e-05
39.5840674352	1.62714414637e-05
39.8982267006	1.62731244728e-05
40.212385966	1.62748955101e-05
40.5265452313	1.62766938991e-05
40.8407044967	1.62785514487e-05
41.154863762	1.62803794616e-05
41.4690230274	1.62822391196e-05
41.7831822927	1.62840723197e-05
42.0973415581	1.62858255644e-05
42.4115008235	1.62875497863e-05
42.7256600888	1.62891132435e-05
43.0398193542	1.62906043881e-05
43.3539786195	1.6291906012e-05
43.6681378849	1.62930539244e-05
43.9822971503	1.62940930171e-05
44.2964564156	1.62949632174e-05
44.610615681	1.62956768521e-05
44.9247749463	1.62962606201e-05
45.2389342117	1.62967143154e-05
45.5530934771	1.62970509837e-05
45.8672527424	1.6297308826e-05
46.1814120078	1.62974858243e-05
46.4955712731	1.62976133826e-05
46.8097305385	1.62977523297e-05
47.1238898039	1.6297835999e-05
47.4380490692	1.6297985967e-05
47.7522083346	1.62981488467e-05
48.0663675999	1.62983833721e-05
48.3805268653	1.62986309389e-05
48.6946861306	1.62989607231e-05
49.008845396	1.62993416111e-05
49.3230046614	1.62997462219e-05
49.6371639267	1.63002341289e-05
49.9513231921	1.6300722541e-05
50.2654824574	1.6301250801e-05
50.5796417228	1.6301771817e-05
50.8938009882	1.6302285135e-05
51.2079602535	1.6302843857e-05
51.5221195189	1.63033707432e-05
51.8362787842	1.63039296755e-05
52.1504380496	1.63044644207e-05
52.464597315	1.63050365583e-05
52.7787565803	1.63056003944e-05
53.0929158457	1.63061874337e-05
53.407075111	1.63068158067e-05
53.7212343764	1.63074297714e-05
54.0353936417	1.63081361111e-05
54.3495529071	1.63088044579e-05
54.6637121725	1.63095508791e-05
54.9778714378	1.63103081239e-05
55.2920307032	1.63111295259e-05
55.6061899685	1.63119329341e-05
55.9203492339	1.63127940139e-05
56.2345084993	1.6313646584e-05
56.5486677646	1.63145208593e-05
56.86282703	1.63154285541e-05
57.1769862953	1.63163461975e-05
57.4911455607	1.63172661706e-05
57.8053048261	1.63182075726e-05
58.1194640914	1.63191225539e-05
58.4336233568	1.63200948762e-05
58.7477826221	1.63210212699e-05
59.0619418875	1.63220250076e-05
59.3761011529	1.63229510581e-05
59.6902604182	1.63239747552e-05
60.0044196836	1.63249405809e-05
60.3185789489	1.63259421967e-05
60.6327382143	1.63269602451e-05
60.9468974796	1.6327953202e-05
61.261056745	1.63290017622e-05
61.5752160104	1.63300197689e-05
61.8893752757	1.63310512339e-05
62.2035345411	1.6332124003e-05
62.5176938064	1.63331936325e-05
62.8318530718	1.63342657472e-05
63.1460123372	1.63353290132e-05
63.4601716025	1.63363945714e-05
63.7743308679	1.6337471554e-05
64.0884901332	1.63385676301e-05
64.4026493986	1.63396856554e-05
64.716808664	1.63407949611e-05
65.0309679293	1.63419112475e-05
65.3451271947	1.63429938781e-05
65.65928646	1.63440953224e-05
65.9734457254	1.63451363868e-05
66.2876049907	1.63462327096e-05
66.6017642561	1.6347240805e-05
66.9159235215	1.63483111989e-05
67.2300827868	1.63493377839e-05
67.5442420522	1.6350378693e-05
67.8584013175	1.63514339672e-05
68.1725605829	1.63524849116e-05
68.4867198483	1.63535826921e-05
68.8008791136	1.63546715498e-05
69.115038379	1.63557535506e-05
69.4291976443	1.63569105261e-05
69.7433569097	1.63580679448e-05
70.0575161751	1.63592491647e-05
70.3716754404	1.63604004917e-05
70.6858347058	1.63615924143e-05
70.9999939711	1.63627880033e-05
71.3141532365	1.63640231659e-05
71.6283125019	1.63653152767e-05
71.9424717672	1.63666293094e-05
72.2566310326	1.63680129019e-05
72.5707902979	1.63693974153e-05
72.8849495633	1.63708724081e-05
73.1991088286	1.63722817362e-05
73.513268094	1.63737837217e-05
73.8274273594	1.63752206414e-05
74.1415866247	1.63767126022e-05
74.4557458901	1.6378177579e-05
74.7699051554	1.63796583224e-05
75.0840644208	1.63811331844e-05
75.3982236862	1.6382635804e-05
75.7123829515	1.63841506516e-05
76.0265422169	1.63857096262e-05
76.3407014822	1.63871950548e-05
76.6548607476	1.63887798373e-05
76.969020013	1.63903173293e-05
77.2831792783	1.63919653817e-05
77.5973385437	1.63935299795e-05
77.911497809	1.63951514836e-05
78.2256570744	1.63967298954e-05
78.5398163398	1.63983167868e-05
78.8539756051	1.6399903764e-05
79.1681348705	1.64014862836e-05
79.4822941358	1.64030781615e-05
79.7964534012	1.64046624844e-05
80.1106126665	1.6406268839e-05
80.4247719319	1.6407850315e-05
80.7389311973	1.64094277048e-05
81.0530904626	1.64109851892e-05
81.367249728	1.64125047515e-05
81.6814089933	1.64140454195e-05
81.9955682587	1.64155454475e-05
82.3097275241	1.64170699594e-05
82.6238867894	1.64185894888e-05
82.9380460548	1.64201447495e-05
83.2522053201	1.64217649254e-05
83.5663645855	1.64233394451e-05
83.8805238509	1.642500157e-05
84.1946831162	1.64266013051e-05
84.5088423816	1.642831963e-05
84.8230016469	1.64299908393e-05
85.1371609123	1.64317450724e-05
85.4513201776	1.64334693138e-05
85.765479443	1.64352325907e-05
86.0796387084	1.64369640228e-05
86.3937979737	1.643869995e-05
86.7079572391	1.64404209802e-05
87.0221165044	1.64421218248e-05
87.3362757698	1.64437818211e-05
87.6504350352	1.64454666871e-05
87.9645943005	1.6447107347e-05
88.2787535659	1.64488205136e-05
88.5929128312	1.64505065998e-05
88.9070720966	1.64522738048e-05
89.221231362	1.64540505993e-05
89.5353906273	1.64558761396e-05
89.8495498927	1.64577276657e-05
90.163709158	1.64596077708e-05
90.4778684234	1.64615008667e-05
90.7920276888	1.64633959348e-05
91.1061869541	1.64653537581e-05
91.4203462195	1.64672435279e-05
91.7345054848	1.64691646518e-05
92.0486647502	1.64710413555e-05
92.3628240155	1.64729364835e-05
92.6769832809	1.64748462464e-05
92.9911425463	1.64767797003e-05
93.3053018116	1.64787287792e-05
93.619461077	1.6480686669e-05
93.9336203423	1.64826901068e-05
94.2477796077	1.64847178858e-05
94.5619388731	1.64867819178e-05
94.8760981384	1.64888606623e-05
95.1902574038	1.64909445331e-05
95.5044166691	1.64930645703e-05
95.8185759345	1.6495188678e-05
96.1327351999	1.64973477251e-05
96.4468944652	1.6499507185e-05
96.7610537306	1.65016488509e-05
97.0752129959	1.65037859049e-05
97.3893722613	1.65059467923e-05
97.7035315266	1.65080473473e-05
98.017690792	1.65101196921e-05
98.3318500574	1.65121493827e-05
98.6460093227	1.65141527419e-05
98.9601685881	1.65161404369e-05
99.2743278534	1.65180808968e-05
99.5884871188	1.65200046163e-05
99.9026463842	1.65219002062e-05
100.21680565	1.65237718826e-05
100.530964915	1.65256672907e-05
100.84512418	1.65275082742e-05
101.159283446	1.6529395453e-05
101.473442711	1.65312155741e-05
101.787601976	1.65330686482e-05
102.101761242	1.6534893577e-05
102.415920507	1.65367210098e-05
102.730079772	1.65385501474e-05
103.044239038	1.65403480541e-05
103.358398303	1.65421637123e-05
103.672557568	1.65439901051e-05
103.986716834	1.65458260938e-05
104.300876099	1.6547590455e-05
104.615035365	1.6549387323e-05
104.92919463	1.65511941638e-05
105.243353895	1.65529927651e-05
105.557513161	1.65548040374e-05
105.871672426	1.65566139594e-05
106.185831691	1.65584677935e-05
106.499990957	1.65603410558e-05
106.814150222	1.65622584761e-05
107.128309487	1.65642036465e-05
107.442468753	1.65661623007e-05
107.756628018	1.65681783539e-05
108.070787283	1.65701525512e-05
108.384946549	1.65721896412e-05
108.699105814	1.65741737962e-05
109.01326508	1.65761937826e-05
109.327424345	1.65781842513e-05
109.64158361	1.65801709049e-05
109.955742876	1.6582153899e-05
110.269902141	1.65840957115e-05
110.584061406	1.65859953668e-05
110.898220672	1.65878775504e-05
111.212379937	1.65897904881e-05
111.526539202	1.65916759152e-05
111.840698468	1.65935235051e-05
112.154857733	1.65953488682e-05
112.469016999	1.65971460603e-05
112.783176264	1.65989817463e-05
113.097335529	1.66007686969e-05
113.411494795	1.66026060731e-05
113.72565406	1.66044047472e-05
114.039813325	1.66062581264e-05
114.353972591	1.66081352231e-05
114.668131856	1.66100137694e-05
114.982291121	1.66119359392e-05
115.296450387	1.66138151686e-05
115.610609652	1.66157568965e-05
115.924768917	1.66176529341e-05
116.238928183	1.66195957568e-05
116.553087448	1.66215145968e-05
116.867246714	1.66234599093e-05
117.181405979	1.66254306169e-05
117.495565244	1.6627416529e-05
117.80972451	1.66294313445e-05
118.123883775	1.66313789669e-05
118.43804304	1.66333034351e-05
118.752202306	1.66351959062e-05
119.066361571	1.66370661656e-05
119.380520836	1.66389627814e-05
119.694680102	1.66407909035e-05
120.008839367	1.66426825035e-05
120.322998632	1.66445061825e-05
120.637157898	1.6646408786e-05
120.951317163	1.66482503164e-05
121.265476429	1.66500958114e-05
121.579635694	1.66519479851e-05
121.893794959	1.66538042979e-05
122.207954225	1.66557386893e-05
122.52211349	1.66576440769e-05
122.836272755	1.66596039049e-05
123.150432021	1.66615412828e-05
123.464591286	1.66634833875e-05
123.778750551	1.66654223909e-05
124.092909817	1.66673167341e-05
124.407069082	1.66692175442e-05
124.721228348	1.66710590252e-05
125.035387613	1.66729507457e-05
125.349546878	1.66748400601e-05
125.663706144	1.66767951786e-05
125.977865409	1.66787887528e-05
126.292024674	1.6680782947e-05
126.60618394	1.66828810285e-05
126.920343205	1.66849544505e-05
127.23450247	1.66871627561e-05
127.548661736	1.66893521557e-05
127.862821001	1.66916780545e-05
128.176980266	1.66939869886e-05
128.491139532	1.6696350832e-05
128.805298797	1.66987047277e-05
129.119458063	1.67010179483e-05
129.433617328	1.67033393219e-05
129.747776593	1.67055973498e-05
130.061935859	1.67078543305e-05
130.376095124	1.67100828405e-05
130.690254389	1.67122886995e-05
131.004413655	1.67145253531e-05
131.31857292	1.67166930925e-05
131.632732185	1.67189383619e-05
131.946891451	1.67211002257e-05
132.261050716	1.67233392474e-05
132.575209981	1.67255342205e-05
132.889369247	1.67277415794e-05
133.203528512	1.67299951979e-05
133.517687778	1.67322092666e-05
133.831847043	1.67345304451e-05
134.146006308	1.67367948676e-05
134.460165574	1.67391475512e-05
134.774324839	1.67414740684e-05
135.088484104	1.67438507637e-05
135.40264337	1.67462669456e-05
135.716802635	1.67486738795e-05
136.0309619	1.67511396817e-05
136.345121166	1.67535684424e-05
136.659280431	1.67560622107e-05
136.973439697	1.67585626132e-05
137.287598962	1.67610972526e-05
137.601758227	1.67636751855e-05
137.915917493	1.67662696395e-05
138.230076758	1.67689304676e-05
138.544236023	1.67715993072e-05
138.858395289	1.67743211356e-05
139.172554554	1.67770199971e-05
139.486713819	1.67797379503e-05
139.800873085	1.67824514432e-05
140.11503235	1.67851627342e-05
140.429191615	1.67878967702e-05
140.743350881	1.67906060944e-05
141.057510146	1.67933520867e-05
141.371669412	1.67960745641e-05
141.685828677	1.67988232672e-05
141.999987942	1.68015576e-05
142.314147208	1.68043055386e-05
142.628306473	1.68070476065e-05
142.942465738	1.68097900789e-05
143.256625004	1.68125499891e-05
143.570784269	1.68152832386e-05
143.884943534	1.68180224028e-05
144.1991028	1.6820728343e-05
144.513262065	1.6823436865e-05
144.82742133	1.68261359315e-05
145.141580596	1.68288125761e-05
145.455739861	1.6831525839e-05
145.769899127	1.68341969499e-05
146.084058392	1.68369501871e-05
146.398217657	1.68396766904e-05
146.712376923	1.68424712668e-05
147.026536188	1.68452495008e-05
147.340695453	1.68480564562e-05
147.654854719	1.68508652001e-05
147.969013984	1.68536492351e-05
148.283173249	1.6856433224e-05
148.597332515	1.68591585566e-05
148.91149178	1.68618496402e-05
149.225651046	1.68644582487e-05
149.539810311	1.68670059181e-05
149.853969576	1.68695007506e-05
150.168128842	1.68718691194e-05
150.482288107	1.68742035636e-05
150.796447372	1.68764053205e-05
151.110606638	1.68786069036e-05
151.424765903	1.6880724649e-05
151.738925168	1.68828281402e-05
152.053084434	1.68849151841e-05
152.367243699	1.68869641656e-05
152.681402964	1.68890716879e-05
152.99556223	1.68911309421e-05
153.309721495	1.68932840065e-05
153.623880761	1.68954075394e-05
153.938040026	1.6897599533e-05
154.252199291	1.6899819322e-05
154.566358557	1.69020582479e-05
154.880517822	1.69043538961e-05
155.194677087	1.690662455e-05
155.508836353	1.69089497824e-05
155.822995618	1.69112710576e-05
156.137154883	1.6913620977e-05
156.451314149	1.6915965725e-05
156.765473414	1.69182310815e-05
157.079632679	1.69205099757e-05
157.393791945	1.69226922796e-05
157.70795121	1.69249260509e-05
158.022110476	1.69270752939e-05
158.336269741	1.69292466016e-05
158.650429006	1.69313739916e-05
158.964588272	1.69334809435e-05
159.278747537	1.69356030632e-05
159.592906802	1.69376840432e-05
159.907066068	1.69398210725e-05
160.221225333	1.69419050665e-05
160.535384598	1.6944026363e-05
160.849543864	1.69461292723e-05
161.163703129	1.69482313794e-05
161.477862395	1.69503712584e-05
161.79202166	1.69524754865e-05
162.106180925	1.69546387883e-05
162.420340191	1.6956759517e-05
162.734499456	1.69589051734e-05
163.048658721	1.69610041726e-05
163.362817987	1.69630982238e-05
163.676977252	1.69652186235e-05
163.991136517	1.69673221912e-05
164.305295783	1.69695044301e-05
164.619455048	1.69716454053e-05
164.933614313	1.69738569462e-05
165.247773579	1.69760434217e-05
165.561932844	1.69782911182e-05
165.87609211	1.6980580722e-05
166.190251375	1.69829032995e-05
166.50441064	1.69853136433e-05
166.818569906	1.69877112157e-05
167.132729171	1.69901816158e-05
167.446888436	1.699262822e-05
167.761047702	1.69951097318e-05
168.075206967	1.69975960273e-05
168.389366232	1.70000624573e-05
168.703525498	1.70025582721e-05
169.017684763	1.70049894279e-05
169.331844029	1.70074481421e-05
169.646003294	1.7009851461e-05
169.960162559	1.70122620768e-05
170.274321825	1.70146473655e-05
170.58848109	1.70169874611e-05
170.902640355	1.70193404016e-05
171.216799621	1.70215779188e-05
171.530958886	1.70238286344e-05
171.845118151	1.70259875857e-05
172.159277417	1.70281771277e-05
172.473436682	1.70303480926e-05
172.787595947	1.70325440289e-05
173.101755213	1.70347902163e-05
173.415914478	1.70370495768e-05
173.730073744	1.70394103522e-05
174.044233009	1.70418036705e-05
174.358392274	1.70443142608e-05
174.67255154	1.70468966819e-05
174.986710805	1.70495534602e-05
175.30087007	1.70523139106e-05
175.615029336	1.70551052825e-05
175.929188601	1.70580118985e-05
176.243347866	1.70609245405e-05
176.557507132	1.70639050274e-05
176.871666397	1.70668580309e-05
177.185825662	1.70698295058e-05
177.499984928	1.70727589267e-05
177.814144193	1.70756422226e-05
178.128303459	1.70785273052e-05
178.442462724	1.70813564149e-05
178.756621989	1.70841993242e-05
179.070781255	1.70869757768e-05
179.38494052	1.70897478991e-05
179.699099785	1.70925024146e-05
180.013259051	1.70952473853e-05
180.327418316	1.709802632e-05
180.641577581	1.7100764729e-05
180.955736847	1.71035439631e-05
181.269896112	1.71062838512e-05
181.584055378	1.71090500868e-05
181.898214643	1.7111798312e-05
182.212373908	1.71145510195e-05
182.526533174	1.71173307205e-05
182.840692439	1.71201120643e-05
183.154851704	1.71229558165e-05
183.46901097	1.71257991269e-05
183.783170235	1.71287032677e-05
184.0973295	1.71316129614e-05
184.411488766	1.71345813389e-05
184.725648031	1.71375948255e-05
185.039807296	1.7140610983e-05
185.353966562	1.71436634167e-05
185.668125827	1.71466846304e-05
185.982285093	1.71497473517e-05
186.296444358	1.71527847009e-05
186.610603623	1.71558488655e-05
186.924762889	1.71588995428e-05
187.238922154	1.71619348933e-05
187.553081419	1.71649841187e-05
187.867240685	1.71679931203e-05
188.18139995	1.71710339197e-05
188.495559215	1.71740175795e-05
188.809718481	1.71770011443e-05
189.123877746	1.71799352512e-05
189.438037011	1.7182819307e-05
189.752196277	1.71856961741e-05
190.066355542	1.71884824385e-05
190.380514808	1.71912905302e-05
190.694674073	1.71939971619e-05
191.008833338	1.71967458844e-05
191.322992604	1.71994201999e-05
191.637151869	1.72021093736e-05
191.951311134	1.72047863513e-05
192.2654704	1.72074512486e-05
192.579629665	1.72101789493e-05
192.89378893	1.72129110958e-05
193.207948196	1.72157294488e-05
193.522107461	1.72186050605e-05
193.836266727	1.72215416806e-05
194.150425992	1.7224591719e-05
194.464585257	1.72276460511e-05
194.778744523	1.72308185756e-05
195.092903788	1.72339457791e-05
195.407063053	1.72371586611e-05
195.721222319	1.72403342563e-05
196.035381584	1.72435284482e-05
196.349540849	1.72467111843e-05
196.663700115	1.72498304982e-05
196.97785938	1.72529523416e-05
197.292018645	1.7255956294e-05
197.606177911	1.72589448583e-05
197.920337176	1.72618146314e-05
198.234496442	1.72646061599e-05
198.548655707	1.72673378111e-05
198.862814972	1.72699582306e-05
199.176974238	1.72725870541e-05
199.491133503	1.72750942947e-05
199.805292768	1.72776184343e-05
200.119452034	1.72800682748e-05
200.433611299	1.72825148473e-05
200.747770564	1.72849829063e-05
201.06192983	1.72874349252e-05
201.376089095	1.7289973527e-05
201.69024836	1.7292513702e-05
202.004407626	1.72951671188e-05
202.318566891	1.72978398149e-05
202.632726157	1.73005726126e-05
202.946885422	1.73033583567e-05
203.261044687	1.73061239868e-05
203.575203953	1.73089494616e-05
203.889363218	1.73117318836e-05
204.203522483	1.73145781864e-05
204.517681749	1.73174012968e-05
204.831841014	1.73202767119e-05
205.146000279	1.73231631926e-05
205.460159545	1.73260922568e-05
205.77431881	1.73290614399e-05
206.088478076	1.73320432488e-05
206.402637341	1.73350616848e-05
206.716796606	1.73380660052e-05
207.030955872	1.73410716517e-05
207.345115137	1.73440448743e-05
207.659274402	1.73469699907e-05
207.973433668	1.73498787303e-05
208.287592933	1.7352704826e-05
208.601752198	1.73555420191e-05
208.915911464	1.73582844937e-05
209.230070729	1.73610358076e-05
209.544229994	1.73636830647e-05
209.85838926	1.73663279741e-05
210.172548525	1.73689025603e-05
210.486707791	1.73714682298e-05
210.800867056	1.73740255509e-05
211.115026321	1.73765799017e-05
211.429185587	1.73791724188e-05
211.743344852	1.73817851448e-05
212.057504117	1.73844572479e-05
212.371663383	1.738720918e-05
212.685822648	1.73900010262e-05
212.999981913	1.73929239074e-05
213.314141179	1.73958737646e-05
213.628300444	1.73989635849e-05
213.942459709	1.74020636157e-05
214.256618975	1.74052679467e-05
214.57077824	1.7408473104e-05
214.884937506	1.74117295086e-05
215.199096771	1.74150047068e-05
215.513256036	1.74182258652e-05
215.827415302	1.7421434616e-05
216.141574567	1.74245258494e-05
216.455733832	1.74275797098e-05
216.769893098	1.74305290601e-05
217.084052363	1.74333996595e-05
217.398211628	1.74362040709e-05
217.712370894	1.74388907838e-05
218.026530159	1.74415416716e-05
218.340689425	1.74440793014e-05
218.65484869	1.74466093267e-05
218.969007955	1.74490687138e-05
219.283167221	1.74515094171e-05
219.597326486	1.74539493061e-05
219.911485751	1.74563606965e-05
220.225645017	1.74588388399e-05
220.539804282	1.7461296247e-05
220.853963547	1.7463846239e-05
221.168122813	1.74664178108e-05
221.482282078	1.74690854291e-05
221.796441343	1.74718081471e-05
222.110600609	1.7474568143e-05
222.424759874	1.74774115971e-05
222.73891914	1.74802710397e-05
223.053078405	1.74832401377e-05
223.36723767	1.74862148769e-05
223.681396936	1.74892548855e-05
223.995556201	1.7492292629e-05
224.309715466	1.74953227385e-05
224.623874732	1.74983658457e-05
224.938033997	1.75013597542e-05
225.252193262	1.75043777823e-05
225.566352528	1.75073312623e-05
225.880511793	1.75102539245e-05
226.194671058	1.75131238575e-05
226.508830324	1.75159078445e-05
226.822989589	1.75186746711e-05
227.137148855	1.75213168953e-05
227.45130812	1.75239657534e-05
227.765467385	1.75264901429e-05
228.079626651	1.75290054345e-05
228.393785916	1.75314335422e-05
228.707945181	1.75338623919e-05
229.022104447	1.75362702232e-05
229.336263712	1.75387008735e-05
229.650422977	1.75411642356e-05
229.964582243	1.75436362687e-05
230.278741508	1.75461403579e-05
230.592900774	1.75486773806e-05
230.907060039	1.75512291873e-05
231.221219304	1.75538670033e-05
231.53537857	1.75565065821e-05
231.849537835	1.75592865524e-05
232.1636971	1.75620557599e-05
232.477856366	1.75649606259e-05
232.792015631	1.75678869685e-05
233.106174896	1.75709176867e-05
233.420334162	1.75740364539e-05
233.734493427	1.75771973753e-05
234.048652692	1.7580448704e-05
234.362811958	1.75837120536e-05
234.676971223	1.75870460034e-05
234.991130489	1.7590386296e-05
235.305289754	1.75937530456e-05
235.619449019	1.75971076682e-05
235.933608285	1.76004021481e-05
236.24776755	1.76036663313e-05
236.561926815	1.76067978736e-05
236.876086081	1.76098824018e-05
237.190245346	1.76128339817e-05
237.504404611	1.76157187344e-05
237.818563877	1.76185358584e-05
238.132723142	1.76212539981e-05
238.446882407	1.76239756245e-05
238.761041673	1.76266080742e-05
239.075200938	1.76293235027e-05
239.389360204	1.76320069097e-05
239.703519469	1.76347879827e-05
240.017678734	1.76375831477e-05
240.331838	1.76404242881e-05
240.645997265	1.76433234993e-05
240.96015653	1.76462325489e-05
241.274315796	1.76492286753e-05
241.588475061	1.7652231503e-05
241.902634326	1.76553161865e-05
242.216793592	1.76584490377e-05
242.530952857	1.76616390968e-05
242.845112123	1.7664923061e-05
243.159271388	1.76682300428e-05
243.473430653	1.76716385907e-05
243.787589919	1.7675048348e-05
244.101749184	1.76785187361e-05
244.415908449	1.7681971932e-05
244.730067715	1.76853957462e-05
245.04422698	1.76888059288e-05
245.358386245	1.76921083097e-05
245.672545511	1.76953994965e-05
245.986704776	1.76985377155e-05
246.300864041	1.77016433751e-05
246.615023307	1.77046189578e-05
246.929182572	1.7707544303e-05
247.243341838	1.77104167621e-05
247.557501103	1.77132455255e-05
247.871660368	1.77160804522e-05
248.185819634	1.77188914336e-05
248.499978899	1.77217296741e-05
248.814138164	1.77245869556e-05
249.12829743	1.7727488991e-05
249.442456695	1.77304679164e-05
249.75661596	1.77334782268e-05
250.070775226	1.77366089517e-05
250.384934491	1.77397768378e-05
250.699093756	1.77430698974e-05
251.013253022	1.77463952546e-05
251.327412287	1.77498303761e-05
251.641571553	1.77533368527e-05
251.955730818	1.77569221644e-05
252.269890083	1.7760585309e-05
252.584049349	1.77642905319e-05
252.898208614	1.77680678516e-05
253.212367879	1.7771861549e-05
253.526527145	1.77757024743e-05
253.84068641	1.77795273126e-05
254.154845675	1.7783338827e-05
254.469004941	1.77871073181e-05
254.783164206	1.77907799141e-05
255.097323472	1.77944191947e-05
255.411482737	1.77979361521e-05
255.725642002	1.78014308581e-05
256.039801268	1.78048182444e-05
256.353960533	1.78081695763e-05
256.668119798	1.78114609114e-05
256.982279064	1.78146479653e-05
257.296438329	1.78178199139e-05
257.610597594	1.78208521757e-05
257.92475686	1.78239179971e-05
258.238916125	1.78268764328e-05
258.55307539	1.78298577068e-05
258.867234656	1.78328005781e-05
259.181393921	1.78357407008e-05
259.495553187	1.78387181875e-05
259.809712452	1.78416971836e-05
260.123871717	1.78447461321e-05
260.438030983	1.78478436662e-05
260.752190248	1.78510295065e-05
261.066349513	1.78543309764e-05
261.380508779	1.78576891785e-05
261.694668044	1.78611976184e-05
262.008827309	1.78647113721e-05
262.322986575	1.78683462835e-05
262.63714584	1.78719507643e-05
262.951305105	1.78756049648e-05
263.265464371	1.78792268334e-05
263.579623636	1.78827941553e-05
263.893782902	1.78863650871e-05
264.207942167	1.78898186802e-05
264.522101432	1.78932872124e-05
264.836260698	1.78966094861e-05
265.150419963	1.78999036898e-05
265.464579228	1.79030893315e-05
265.778738494	1.79062060053e-05
266.092897759	1.79092695942e-05
266.407057024	1.79122480068e-05
266.72121629	1.79152266183e-05
267.035375555	1.79181445706e-05
267.349534821	1.79210613582e-05
267.663694086	1.79239598328e-05
267.977853351	1.79268154013e-05
268.292012617	1.79297158621e-05
268.606171882	1.79325602068e-05
268.920331147	1.79354918615e-05
269.234490413	1.79384030988e-05
269.548649678	1.79414128001e-05
269.862808943	1.79444811868e-05
270.176968209	1.79476522592e-05
270.491127474	1.79509320906e-05
270.805286739	1.79542884717e-05
271.119446005	1.79577775912e-05
271.43360527	1.79612970077e-05
271.747764536	1.79649141598e-05
272.061923801	1.79685359587e-05
272.376083066	1.7972189939e-05
272.690242332	1.79758362572e-05
273.004401597	1.7979444745e-05
273.318560862	1.79830456065e-05
273.632720128	1.79865658277e-05
273.946879393	1.79900882965e-05
274.261038658	1.79935522965e-05
274.575197924	1.79969695909e-05
274.889357189	1.80003386007e-05
275.203516454	1.80036042113e-05
275.51767572	1.80068516772e-05
275.831834985	1.80099435094e-05
276.145994251	1.80130469472e-05
276.460153516	1.80159863402e-05
276.774312781	1.80189332479e-05
277.088472047	1.80217521675e-05
277.402631312	1.80245749977e-05
277.716790577	1.80273464157e-05
278.030949843	1.80301091988e-05
278.345109108	1.8032888421e-05
278.659268373	1.80356904726e-05
278.973427639	1.80385448779e-05
279.287586904	1.80414840059e-05
279.60174617	1.80444584717e-05
279.915905435	1.80475725336e-05
280.2300647	1.80506968631e-05
280.544223966	1.80539860002e-05
280.858383231	1.80572593026e-05
281.172542496	1.80606600412e-05
281.486701762	1.80640491636e-05
281.800861027	1.80675129212e-05
282.115020292	1.80709994577e-05
282.429179558	1.80744874996e-05
282.743338823	1.80779921572e-05
283.057498088	1.80814336191e-05
283.371657354	1.80848555483e-05
283.685816619	1.80882072305e-05
283.999975885	1.80914978632e-05
284.31413515	1.80947364375e-05
284.628294415	1.80978646344e-05
284.942453681	1.81009536086e-05
285.256612946	1.81039232433e-05
285.570772211	1.81068762176e-05
285.884931477	1.81097509595e-05
286.199090742	1.81126050866e-05
286.513250007	1.81154457756e-05
286.827409273	1.81182646934e-05
287.141568538	1.81211305521e-05
287.455727803	1.81239825094e-05
287.769887069	1.81269153885e-05
288.084046334	1.81298591491e-05
288.3982056	1.81329119786e-05
288.712364865	1.81360041848e-05
289.02652413	1.81391580856e-05
289.340683396	1.81423594598e-05
289.654842661	1.8145573207e-05
289.969001926	1.81488486288e-05
290.283161192	1.81521162598e-05
290.597320457	1.81554394553e-05
290.911479722	1.81587760509e-05
291.225638988	1.81621152038e-05
291.539798253	1.8165489236e-05
291.853957519	1.8168833453e-05
292.168116784	1.81722399967e-05
292.482276049	1.81756037344e-05
292.796435315	1.81790056633e-05
293.11059458	1.81823649822e-05
293.424753845	1.81857083414e-05
293.738913111	1.81890317102e-05
294.053072376	1.81922746823e-05
294.367231641	1.81955254377e-05
294.681390907	1.81986898787e-05
294.995550172	1.82018713146e-05
295.309709437	1.82049491237e-05
295.623868703	1.82079962962e-05
295.938027968	1.82109612428e-05
296.252187234	1.82138535122e-05
296.566346499	1.82167156897e-05
296.880505764	1.82195104841e-05
297.19466503	1.82223060142e-05
297.508824295	1.82250774095e-05
297.82298356	1.82278500717e-05
298.137142826	1.8230678285e-05
298.451302091	1.82335101511e-05
298.765461356	1.82364843504e-05
299.079620622	1.82394517564e-05
299.393779887	1.8242568026e-05
299.707939152	1.82456847605e-05
300.022098418	1.82489301346e-05
300.336257683	1.82521884396e-05
300.650416949	1.82555423632e-05
300.964576214	1.82589341799e-05
301.278735479	1.82623472622e-05
301.592894745	1.8265779836e-05
301.90705401	1.82691772747e-05
302.221213275	1.82725524869e-05
302.535372541	1.82758919204e-05
302.849531806	1.82791629493e-05
303.163691071	1.8282442058e-05
303.477850337	1.82856070239e-05
303.792009602	1.82887984572e-05
304.106168868	1.82918650298e-05
304.420328133	1.82949504578e-05
304.734487398	1.82979673913e-05
305.048646664	1.83009869445e-05
305.362805929	1.83040030251e-05
305.676965194	1.83069774108e-05
305.99112446	1.83099914297e-05
306.305283725	1.83129559305e-05
306.61944299	1.83159720442e-05
306.933602256	1.83189752711e-05
307.247761521	1.83220082416e-05
307.561920786	1.83250754227e-05
307.876080052	1.83281290131e-05
308.190239317	1.83312588839e-05
308.504398583	1.83343860465e-05
308.818557848	1.83376028891e-05
309.132717113	1.8340853042e-05
309.446876379	1.83441758863e-05
309.761035644	1.83475662321e-05
310.075194909	1.83509676006e-05
310.389354175	1.83544470617e-05
310.70351344	1.83578896866e-05
311.017672705	1.83613971834e-05
311.331831971	1.83648591944e-05
311.645991236	1.83683230581e-05
311.960150501	1.8371759916e-05
312.274309767	1.8375127817e-05
312.588469032	1.83785104468e-05
312.902628298	1.83817951219e-05
313.216787563	1.83851184741e-05
313.530946828	1.83883713428e-05
313.845106094	1.83916342801e-05
314.159265359	1.83948754831e-05
314.473424624	1.83981106418e-05
314.78758389	1.84013713148e-05
315.101743155	1.84046016387e-05
315.41590242	1.84078665604e-05
315.730061686	1.84111004813e-05
316.044220951	1.84143310671e-05
316.358380217	1.84175628558e-05
316.672539482	1.84207259314e-05
316.986698747	1.84239442883e-05
317.300858013	1.8427079582e-05
317.615017278	1.84303050518e-05
317.929176543	1.84334772812e-05
318.243335809	1.843672228e-05
318.557495074	1.84399935943e-05
318.871654339	1.84433246907e-05
319.185813605	1.84467476231e-05
319.49997287	1.84501954824e-05
319.814132135	1.84537354739e-05
320.128291401	1.84572542195e-05
320.442450666	1.8460808442e-05
320.756609932	1.84643583776e-05
321.070769197	1.84678776884e-05
321.384928462	1.8471423825e-05
321.699087728	1.84749104195e-05
322.013246993	1.84784374731e-05
322.327406258	1.8481911332e-05
322.641565524	1.8485404717e-05
322.955724789	1.84888770703e-05
323.269884054	1.84923124357e-05
323.58404332	1.84957819419e-05
323.898202585	1.84991721287e-05
324.21236185	1.85026105348e-05
324.526521116	1.85059551588e-05
324.840680381	1.85093355533e-05
325.154839647	1.85126692111e-05
325.468998912	1.85160075541e-05
325.783158177	1.85193593563e-05
326.097317443	1.85226920223e-05
326.411476708	1.85260752944e-05
326.725635973	1.85294570656e-05
327.039795239	1.85329111595e-05
327.353954504	1.85364180121e-05
327.668113769	1.85399765839e-05
327.982273035	1.85436091935e-05
328.2964323	1.85472619118e-05
328.610591566	1.85509944297e-05
328.924750831	1.85547144575e-05
329.238910096	1.85584898908e-05
329.553069362	1.85622589235e-05
329.867228627	1.85660502341e-05
330.181387892	1.8569856075e-05
330.495547158	1.85736304188e-05
330.809706423	1.85774215079e-05
331.123865688	1.85811485102e-05
331.438024954	1.85849138533e-05
331.752184219	1.85886331977e-05
332.066343484	1.85923888763e-05
332.38050275	1.85961199181e-05
332.694662015	1.859986964e-05
333.008821281	1.86036190627e-05
333.322980546	1.86073298807e-05
333.637139811	1.86110510084e-05
333.951299077	1.86146962175e-05
334.265458342	1.86183353295e-05
334.579617607	1.86219327464e-05
334.893776873	1.86254713014e-05
335.207936138	1.86290377926e-05
335.522095403	1.86325215693e-05
335.836254669	1.86360983731e-05
336.150413934	1.86395919319e-05
336.464573199	1.86431790221e-05
336.778732465	1.86467104545e-05
337.09289173	1.8650261259e-05
337.407050996	1.86538163801e-05
337.721210261	1.86573292994e-05
338.035369526	1.8660890332e-05
338.349528792	1.86643897578e-05
338.663688057	1.86679267341e-05
338.977847322	1.86714389495e-05
339.292006588	1.86749284302e-05
339.606165853	1.86784561775e-05
339.920325118	1.86819219091e-05
340.234484384	1.86854605557e-05
340.548643649	1.86889432078e-05
340.862802915	1.86924791009e-05
341.17696218	1.86959878197e-05
341.491121445	1.86994812048e-05
341.805280711	1.87029822094e-05
342.119439976	1.87063976226e-05
342.433599241	1.87098436812e-05
342.747758507	1.87131695471e-05
343.061917772	1.87165170891e-05
343.376077037	1.87197668739e-05
343.690236303	1.87230102389e-05
344.004395568	1.87262319063e-05
344.318554833	1.87294155992e-05
344.632714099	1.87326352667e-05
344.946873364	1.87358339007e-05
345.26103263	1.8739078024e-05
345.575191895	1.87423322327e-05
345.88935116	1.874559876e-05
346.203510426	1.87489192693e-05
346.517669691	1.87522036072e-05
346.831828956	1.87555796133e-05
347.145988222	1.87589030245e-05
347.460147487	1.87623011262e-05
347.774306752	1.87656495992e-05
348.088466018	1.87690281399e-05
348.402625283	1.87723942462e-05
348.716784548	1.87757242392e-05
349.030943814	1.87790579883e-05
349.345103079	1.8782314108e-05
349.659262345	1.87855679485e-05
349.97342161	1.87887467923e-05
350.287580875	1.87919105149e-05
350.601740141	1.87950492298e-05
350.915899406	1.87981197488e-05
351.230058671	1.8801210466e-05
351.544217937	1.88042114844e-05
351.858377202	1.88072491875e-05
352.172536467	1.88102236138e-05
352.486695733	1.88132144649e-05
352.800854998	1.88161795359e-05
353.115014264	1.8819127153e-05
353.429173529	1.88221076958e-05
353.743332794	1.88250369082e-05
354.05749206	1.88280099809e-05
354.371651325	1.88309351093e-05
354.68581059	1.88339048046e-05
354.999969856	1.88368645242e-05
355.314129121	1.88398320442e-05
355.628288386	1.88428258943e-05
355.942447652	1.88457732705e-05
356.256606917	1.88487684391e-05
356.570766182	1.88517108749e-05
356.884925448	1.88547052296e-05
357.199084713	1.88576731911e-05
357.513243979	1.88606442816e-05
357.827403244	1.88636313985e-05
358.141562509	1.88665801546e-05
358.455721775	1.88695828003e-05
358.76988104	1.88725467629e-05
359.084040305	1.88755553115e-05
359.398199571	1.88785536804e-05
359.712358836	1.88815564804e-05
360.026518101	1.88845888851e-05
360.340677367	1.88875596945e-05
360.654836632	1.88905892096e-05
360.968995897	1.88935578683e-05
361.283155163	1.88966083472e-05
361.597314428	1.88996114546e-05
361.911473694	1.89026525932e-05
362.225632959	1.89056628161e-05
362.539792224	1.89086524886e-05
362.85395149	1.89116345867e-05
363.168110755	1.89145725583e-05
363.48227002	1.89175187485e-05
363.796429286	1.89204390402e-05
364.110588551	1.89233463203e-05
364.424747816	1.89262720025e-05
364.738907082	1.89291612502e-05
365.053066347	1.8932160615e-05
365.367225613	1.89351111104e-05
365.681384878	1.89381874873e-05
365.995544143	1.8941235131e-05
366.309703409	1.89443824439e-05
366.623862674	1.89475329961e-05
366.938021939	1.89507458286e-05
367.252181205	1.89540102136e-05
367.56634047	1.8957285203e-05
367.880499735	1.89606111451e-05
368.194659001	1.89638979044e-05
368.508818266	1.89671894055e-05
368.822977531	1.89704378294e-05
369.137136797	1.89736349672e-05
369.451296062	1.89768261169e-05
369.765455328	1.8979916986e-05
370.079614593	1.89830383985e-05
370.393773858	1.89860671941e-05
370.707933124	1.89891255242e-05
371.022092389	1.89921622857e-05
371.336251654	1.89952101823e-05
371.65041092	1.89983005883e-05
371.964570185	1.9001358649e-05
372.27872945	1.90044785137e-05
372.592888716	1.90075373212e-05
372.907047981	1.90106402136e-05
373.221207246	1.90137011567e-05
373.535366512	1.90167693173e-05
373.849525777	1.90198394527e-05
374.163685043	1.90228697505e-05
374.477844308	1.902594129e-05
374.792003573	1.90289779129e-05
375.106162839	1.90320717735e-05
375.420322104	1.90351553896e-05
375.734481369	1.90382820241e-05
376.048640635	1.90414492162e-05
376.3627999	1.90446154373e-05
376.676959165	1.90478489019e-05
376.991118431	1.90510338953e-05
377.305277696	1.9054281432e-05
377.619436962	1.90574844595e-05
377.933596227	1.90607042166e-05
378.247755492	1.90639059495e-05
378.561914758	1.90670550823e-05
378.876074023	1.90702400888e-05
379.190233288	1.90733605197e-05
379.504392554	1.90765524344e-05
379.818551819	1.90797153776e-05
380.132711084	1.90829227735e-05
380.44687035	1.90861392072e-05
380.761029615	1.90893769307e-05
381.07518888	1.90926685379e-05
381.389348146	1.90959430183e-05
381.703507411	1.90992727523e-05
382.017666677	1.91025718644e-05
382.331825942	1.91058894141e-05
382.645985207	1.91092042058e-05
382.960144473	1.91124759919e-05
383.274303738	1.91157939876e-05
383.588463003	1.91190416183e-05
383.902622269	1.91223660649e-05
384.216781534	1.91256354354e-05
384.530940799	1.91289668117e-05
384.845100065	1.91323026725e-05
385.15925933	1.91356893533e-05
385.473418595	1.91391311155e-05
385.787577861	1.91425857265e-05
386.101737126	1.91461015428e-05
386.415896392	1.91495867685e-05
386.730055657	1.91530980755e-05
387.044214922	1.91565946467e-05
387.358374188	1.91600715999e-05
387.672533453	1.91635747745e-05
387.986692718	1.91670150193e-05
388.300851984	1.9170516014e-05
388.615011249	1.91739449451e-05
388.929170514	1.91774482662e-05
389.24332978	1.9180904484e-05
389.557489045	1.91843737417e-05
389.871648311	1.91878398141e-05
390.185807576	1.91912524491e-05
390.499966841	1.91947049568e-05
390.814126107	1.91980568477e-05
391.128285372	1.92014508943e-05
391.442444637	1.92047712797e-05
391.756603903	1.92080920018e-05
392.070763168	1.92113956009e-05
392.384922433	1.92146487974e-05
392.699081699	1.9217946245e-05
393.013240964	1.92211925157e-05
393.327400229	1.922450558e-05
393.641559495	1.92278150775e-05
393.95571876	1.92311530174e-05
394.269878026	1.92345385065e-05
394.584037291	1.92378982525e-05
394.898196556	1.92413493509e-05
395.212355822	1.9244725195e-05
395.526515087	1.92481964098e-05
395.840674352	1.92515922174e-05
396.154833618	1.92550147523e-05
396.468992883	1.92584034485e-05
396.783152148	1.92617624698e-05
397.097311414	1.92651445995e-05
397.411470679	1.92684690011e-05
397.725629944	1.92718396619e-05
398.03978921	1.9275159888e-05
398.353948475	1.92785036094e-05
398.668107741	1.92818653575e-05
398.982267006	1.92852313378e-05
399.296426271	1.92886528931e-05
399.610585537	1.92920193004e-05
399.924744802	1.92954313652e-05
400.238904067	1.9298758498e-05
400.553063333	1.93021022542e-05
400.867222598	1.93054107769e-05
401.181381863	1.93086851093e-05
401.495541129	1.93119780869e-05
401.809700394	1.93152069596e-05
402.12385966	1.93184997679e-05
402.438018925	1.9321733716e-05
402.75217819	1.93250252315e-05
403.066337456	1.93282920095e-05
403.380496721	1.93315727429e-05
403.694655986	1.93348875733e-05
404.008815252	1.9338161671e-05
404.322974517	1.93414922704e-05
404.637133782	1.93447583371e-05
404.951293048	1.93480508609e-05
405.265452313	1.93513117135e-05
405.579611578	1.9354548119e-05
405.893770844	1.93578109705e-05
406.207930109	1.93610270339e-05
406.522089375	1.93643155322e-05
406.83624864	1.9367555893e-05
407.150407905	1.93708521455e-05
407.464567171	1.93741189773e-05
407.778726436	1.93773772389e-05
408.092885701	1.93806244409e-05
408.407044967	1.93838059609e-05
408.721204232	1.93869904307e-05
409.035363497	1.93900787019e-05
409.349522763	1.93931738939e-05
409.663682028	1.93961963958e-05
409.977841293	1.93991998535e-05
410.292000559	1.94021917948e-05
410.606159824	1.94051402435e-05
410.92031909	1.9408122081e-05
411.234478355	1.94110574703e-05
411.54863762	1.94140421535e-05
411.862796886	1.94169933491e-05
412.176956151	1.94199722015e-05
412.491115416	1.94229641008e-05
412.805274682	1.94259368978e-05
413.119433947	1.94289610214e-05
413.433593212	1.94319415002e-05
413.747752478	1.94349802034e-05
414.061911743	1.94379715723e-05
414.376071009	1.94409922071e-05
414.690230274	1.94439954165e-05
415.004389539	1.94469638166e-05
415.318548805	1.9449946491e-05
415.63270807	1.9452851281e-05
415.946867335	1.94557847725e-05
416.261026601	1.94586252669e-05
416.575185866	1.94614750144e-05
416.889345131	1.9464290105e-05
417.203504397	1.9467086251e-05
417.517663662	1.94699003347e-05
417.831822927	1.94726592509e-05
418.145982193	1.94754577634e-05
418.460141458	1.9478204485e-05
418.774300724	1.94809751986e-05
419.088459989	1.94837412134e-05
419.402619254	1.94864868157e-05
419.71677852	1.94892802501e-05
420.030937785	1.94920340194e-05
420.34509705	1.94948746401e-05
420.659256316	1.94976548251e-05
420.973415581	1.95004936015e-05
421.287574846	1.95032969307e-05
421.601734112	1.95060928948e-05
421.915893377	1.95088929729e-05
422.230052642	1.95116331667e-05
422.544211908	1.95144032538e-05
422.858371173	1.95171079166e-05
423.172530439	1.95198474487e-05
423.486689704	1.95225743845e-05
423.800848969	1.9525313778e-05
424.115008235	1.95280895587e-05
424.4291675	1.95308272839e-05
424.743326765	1.95336327885e-05
425.057486031	1.95363967572e-05
425.371645296	1.95392211063e-05
425.685804561	1.95420191828e-05
425.999963827	1.95448394904e-05
426.314123092	1.95476817919e-05
426.628282358	1.9550505364e-05
426.942441623	1.95533846727e-05
427.256600888	1.95561962643e-05
427.570760154	1.95590411848e-05
427.884919419	1.95618220302e-05
428.199078684	1.9564615801e-05
428.51323795	1.95673889618e-05
428.827397215	1.95701343797e-05
429.14155648	1.95728965249e-05
429.455715746	1.9575602876e-05
429.769875011	1.95783444317e-05
430.084034276	1.95810510868e-05
430.398193542	1.95837677718e-05
430.712352807	1.95864932043e-05
431.026512073	1.95891693655e-05
431.340671338	1.95919090507e-05
431.654830603	1.95945848564e-05
431.968989869	1.95973334391e-05
432.283149134	1.96000388817e-05
432.597308399	1.96027924922e-05
432.911467665	1.96055500174e-05
433.22562693	1.96083086334e-05
433.539786195	1.96111000462e-05
433.853945461	1.9613860132e-05
434.168104726	1.96166795769e-05
434.482263991	1.96194948756e-05
434.796423257	1.96223673672e-05
435.110582522	1.96252476771e-05
435.424741788	1.9628129469e-05
435.738901053	1.96310300751e-05
436.053060318	1.96338852427e-05
436.367219584	1.96367655307e-05
436.681378849	1.96395824181e-05
436.995538114	1.9642417671e-05
437.30969738	1.96451965707e-05
437.623856645	1.96479453955e-05
437.93801591	1.96507081262e-05
438.252175176	1.96534300719e-05
438.566334441	1.96562328907e-05
438.880493707	1.96590036421e-05
439.194652972	1.96618533304e-05
439.508812237	1.96646995068e-05
439.822971503	1.96676038438e-05
440.137130768	1.96705583757e-05
440.451290033	1.96735448761e-05
440.765449299	1.96766053813e-05
441.079608564	1.9679650719e-05
441.393767829	1.96827484747e-05
441.707927095	1.96858103585e-05
442.02208636	1.96888629269e-05
442.336245625	1.96919057707e-05
442.650404891	1.96948953388e-05
442.964564156	1.96979177274e-05
443.278723422	1.97008710272e-05
443.592882687	1.97038665229e-05
443.907041952	1.97068289668e-05
444.221201218	1.97098324685e-05
444.535360483	1.97128612929e-05
444.849519748	1.97158922091e-05
445.163679014	1.97189713287e-05
445.477838279	1.97220051939e-05
445.791997544	1.97250736663e-05
446.10615681	1.9728091772e-05
446.420316075	1.97311174773e-05
446.73447534	1.97341282085e-05
447.048634606	1.97371173395e-05
447.362793871	1.97401114663e-05
447.676953137	1.97430505288e-05
447.991112402	1.97460246199e-05
448.305271667	1.97489605742e-05
448.619430933	1.97519218234e-05
448.933590198	1.97548798495e-05
449.247749463	1.97578440466e-05
449.561908729	1.97608466186e-05
449.876067994	1.97638111318e-05
450.190227259	1.97668297316e-05
450.504386525	1.97697973757e-05
450.81854579	1.97728184536e-05
451.132705056	1.97758020581e-05
451.446864321	1.97787840026e-05
451.761023586	1.97817623396e-05
452.075182852	1.97847037614e-05
452.389342117	1.97876994353e-05
452.703501382	1.97906773432e-05
453.017660648	1.9793704957e-05
453.331819913	1.97967442877e-05
453.645979178	1.97998014127e-05
453.960138444	1.98029201206e-05
454.274297709	1.98060393236e-05
454.588456974	1.98092391306e-05
454.90261624	1.98123939168e-05
455.216775505	1.9815596723e-05
455.530934771	1.98187601627e-05
455.845094036	1.98219114833e-05
456.159253301	1.98250342819e-05
456.473412567	1.98281023395e-05
456.787571832	1.98311899912e-05
457.101731097	1.98342148493e-05
457.415890363	1.98372726887e-05
457.730049628	1.98403022357e-05
458.044208893	1.98433526089e-05
458.358368159	1.98464330668e-05
458.672527424	1.98495249116e-05
458.986686689	1.98526895611e-05
459.300845955	1.98558468769e-05
459.61500522	1.98590729986e-05
459.929164486	1.98622849377e-05
460.243323751	1.98655329113e-05
460.557483016	1.98688017729e-05
460.871642282	1.98720843746e-05
461.185801547	1.98754139995e-05
461.499960812	1.98787027267e-05
461.814120078	1.98820671553e-05
462.128279343	1.9885389091e-05
462.442438608	1.98887655442e-05
462.756597874	1.98921092068e-05
463.070757139	1.989545552e-05
463.384916405	1.98988165848e-05
463.69907567	1.99021239617e-05
464.013234935	1.99054642934e-05
464.327394201	1.99087316947e-05
464.641553466	1.99120207337e-05
464.955712731	1.99152815098e-05
465.269871997	1.99185060291e-05
465.584031262	1.99217426958e-05
465.898190527	1.99249008122e-05
466.212349793	1.99280959741e-05
466.526509058	1.99312205189e-05
466.840668323	1.99343759746e-05
467.154827589	1.99375079353e-05
467.468986854	1.9940636157e-05
467.78314612	1.99438075888e-05
468.097305385	1.99469372359e-05
468.41146465	1.9950133662e-05
468.725623916	1.99532526693e-05
469.039783181	1.9956401191e-05
469.353942446	1.99594967321e-05
469.668101712	1.9962573301e-05
469.982260977	1.9965660213e-05
470.296420242	1.99686780568e-05
470.610579508	1.99717438261e-05
470.924738773	1.99747433481e-05
471.238898039	1.99777860268e-05
471.553057304	1.99808110753e-05
471.867216569	1.99838467022e-05
472.181375835	1.99869360686e-05
472.4955351	1.99899999057e-05
472.809694365	1.99931388301e-05
473.123853631	1.99962406859e-05
473.438012896	1.9999372879e-05
473.752172161	2.00024698172e-05
474.066331427	2.00055280687e-05
474.380490692	2.00085943829e-05
474.694649957	2.00115854179e-05
475.008809223	2.00146100318e-05
475.322968488	2.00175715626e-05
475.637127754	2.00205774618e-05
475.951287019	2.00235357882e-05
476.265446284	2.00265299689e-05
476.57960555	2.00295281506e-05
476.893764815	2.00325093554e-05
477.20792408	2.00355309791e-05
477.522083346	2.00385116738e-05
477.836242611	2.00415300269e-05
478.150401876	2.00445136952e-05
478.464561142	2.00475108787e-05
478.778720407	2.00505176154e-05
479.092879672	2.00534858855e-05
479.407038938	2.00565177522e-05
479.721198203	2.00594959049e-05
480.035357469	2.00625572655e-05
480.349516734	2.00655827012e-05
480.663675999	2.00686656469e-05
480.977835265	2.00717330704e-05
481.29199453	2.00747856394e-05
481.606153795	2.0077862265e-05
481.920313061	2.0080866348e-05
482.234472326	2.00839014694e-05
482.548631591	2.00868529164e-05
482.862790857	2.00898212344e-05
483.176950122	2.00927649931e-05
483.491109388	2.00956627018e-05
483.805268653	2.00985873872e-05
484.119427918	2.01014277823e-05
484.433587184	2.01043215165e-05
484.747746449	2.01071597233e-05
485.061905714	2.01100329555e-05
485.37606498	2.01129124494e-05
485.690224245	2.01157926305e-05
486.00438351	2.01187376935e-05
486.318542776	2.01216240307e-05
486.632702041	2.0124575277e-05
486.946861306	2.012744124e-05
487.261020572	2.01303254356e-05
487.575179837	2.01331557163e-05
487.889339103	2.01359344296e-05
488.203498368	2.01387127925e-05
488.517657633	2.01414064578e-05
488.831816899	2.01441466635e-05
489.145976164	2.01468378104e-05
489.460135429	2.01495656065e-05
489.774294695	2.01523034801e-05
490.08845396	2.01550348156e-05
490.402613225	2.01578318558e-05
490.716772491	2.01605844321e-05
491.030931756	2.01634194871e-05
491.345091021	2.01662131123e-05
491.659250287	2.01690512328e-05
491.973409552	2.01718838823e-05
492.287568818	2.01747127835e-05
492.601728083	2.01775796606e-05
492.915887348	2.0180423348e-05
493.230046614	2.01833205146e-05
493.544205879	2.01861962615e-05
493.858365144	2.0189119183e-05
494.17252441	2.019204438e-05
494.486683675	2.0194999634e-05
494.80084294	2.01979724099e-05
495.115002206	2.02009256864e-05
495.429161471	2.02038904182e-05
495.743320737	2.02068010849e-05
496.057480002	2.02097212434e-05
496.371639267	2.02125955861e-05
496.685798533	2.02154594935e-05
496.999957798	2.02183074401e-05
497.314117063	2.02211181743e-05
497.628276329	2.02239854443e-05
497.942435594	2.02268152689e-05
498.256594859	2.02297181538e-05
498.570754125	2.02326052895e-05
498.88491339	2.02355526301e-05
499.199072655	2.02385143033e-05
499.513231921	2.02415052435e-05
499.827391186	2.02445384211e-05
500.141550452	2.024755247e-05
500.455709717	2.02506210136e-05
500.769868982	2.0253675302e-05
501.084028248	2.02567485566e-05
501.398187513	2.02598011151e-05
501.712346778	2.0262807757e-05
502.026506044	2.02658065206e-05
502.340665309	2.02687088272e-05
502.654824574	2.02716262007e-05
502.96898384	2.02744623344e-05
503.283143105	2.02773067181e-05
503.59730237	2.02801031629e-05
503.911461636	2.02828769461e-05
504.225620901	2.02856688459e-05
504.539780167	2.02884039705e-05
504.853939432	2.029119203e-05
505.168098697	2.02939222097e-05
505.482257963	2.02966938245e-05
505.796417228	2.02994437398e-05
506.110576493	2.03022058065e-05
506.424735759	2.03049731766e-05
506.738895024	2.03077257497e-05
507.053054289	2.03105401529e-05
507.367213555	2.03133342747e-05
507.68137282	2.03161607025e-05
507.995532086	2.03189590277e-05
508.309691351	2.03217310539e-05
508.623850616	2.03245030735e-05
508.938009882	2.03272059221e-05
509.252169147	2.03299501869e-05
509.566328412	2.03326117832e-05
509.880487678	2.03353255384e-05
510.194646943	2.03379894626e-05
510.508806208	2.03406938584e-05
510.822965474	2.03434156096e-05
511.137124739	2.03461413263e-05
511.451284004	2.03489173558e-05
511.76544327	2.03516690525e-05
512.079602535	2.03544795908e-05
512.393761801	2.0357266939e-05
512.707921066	2.03600795037e-05
513.022080331	2.03629086248e-05
513.336239597	2.03657377938e-05
513.650398862	2.03686255327e-05
513.964558127	2.03714534625e-05
514.278717393	2.03743154434e-05
514.592876658	2.03770959655e-05
514.907035923	2.03798758818e-05
515.221195189	2.03826277173e-05
515.535354454	2.03853472022e-05
515.849513719	2.03880938125e-05
516.163672985	2.03907748449e-05
516.47783225	2.03935039736e-05
516.791991516	2.03961793887e-05
517.106150781	2.03989032209e-05
517.420310046	2.04016383504e-05
517.734469312	2.0404377245e-05
518.048628577	2.04071659623e-05
518.362787842	2.04099292869e-05
518.676947108	2.04127571744e-05
518.991106373	2.04155617278e-05
519.305265638	2.04184110289e-05
519.619424904	2.04212726538e-05
519.933584169	2.04241408467e-05
520.247743435	2.04270397334e-05
520.5619027	2.0429892733e-05
520.876061965	2.0432795694e-05
521.190221231	2.04356563562e-05
521.504380496	2.04385814312e-05
521.818539761	2.04414925334e-05
522.132699027	2.04444231004e-05
522.446858292	2.04473593663e-05
522.761017557	2.04502625933e-05
523.075176823	2.0453184579e-05
523.389336088	2.04560515762e-05
523.703495353	2.04589507537e-05
524.017654619	2.04617976388e-05
524.331813884	2.04646327809e-05
524.64597315	2.04674422629e-05
524.960132415	2.04702001386e-05
525.27429168	2.04729904902e-05
525.588450946	2.0475743679e-05
525.902610211	2.04785337184e-05
526.216769476	2.04813175604e-05
526.530928742	2.04841229956e-05
526.845088007	2.04869811742e-05
527.159247272	2.04898579773e-05
527.473406538	2.04928214972e-05
527.787565803	2.04957794066e-05
528.101725068	2.04988229956e-05
528.415884334	2.05018474712e-05
528.730043599	2.05048972967e-05
529.044202865	2.05079277496e-05
529.35836213	2.05109262447e-05
529.672521395	2.05139519461e-05
529.986680661	2.05169364621e-05
530.300839926	2.05199599554e-05
530.614999191	2.05229611247e-05
530.929158457	2.05259825608e-05
531.243317722	2.05290346836e-05
531.557476987	2.05320841663e-05
531.871636253	2.05352057706e-05
532.185795518	2.05383001988e-05
532.499954784	2.0541454284e-05
532.814114049	2.05445772064e-05
533.128273314	2.05477283805e-05
533.44243258	2.05508665972e-05
533.756591845	2.05540099771e-05
534.07075111	2.05571622387e-05
534.384910376	2.05602617995e-05
534.699069641	2.05633845715e-05
535.013228906	2.05664511147e-05
535.327388172	2.05695410691e-05
535.641547437	2.05726007197e-05
535.955706702	2.057567243e-05
536.269865968	2.05787783881e-05
536.584025233	2.05818584957e-05
536.898184499	2.05849983162e-05
537.212343764	2.05881053305e-05
537.526503029	2.05912693835e-05
537.840662295	2.05944366661e-05
538.15482156	2.05976263995e-05
538.468980825	2.06008485292e-05
538.783140091	2.0604031101e-05
539.097299356	2.06072684911e-05
539.411458621	2.06104573274e-05
539.725617887	2.06136863153e-05
540.039777152	2.06168893599e-05
540.353936417	2.06200952292e-05
540.668095683	2.06233157665e-05
540.982254948	2.06265200097e-05
541.296414214	2.06297752269e-05
541.610573479	2.06329941996e-05
541.924732744	2.06362522633e-05
542.23889201	2.0639498384e-05
542.553051275	2.06427414539e-05
542.86721054	2.06459818789e-05
543.181369806	2.06491556053e-05
543.495529071	2.06523573591e-05
543.809688336	2.0655496421e-05
544.123847602	2.06586593123e-05
544.438006867	2.0661797225e-05
544.752166133	2.06649111467e-05
545.066325398	2.06680511206e-05
545.380484663	2.06711550746e-05
545.694643929	2.06743273295e-05
546.008803194	2.06774749418e-05
546.322962459	2.06806872614e-05
546.637121725	2.06839022359e-05
546.95128099	2.06871400715e-05
547.265440255	2.06904145955e-05
547.579599521	2.06936915416e-05
547.893758786	2.0697039387e-05
548.207918051	2.07003711756e-05
548.522077317	2.07037662392e-05
548.836236582	2.07071477834e-05
549.150395848	2.07105608138e-05
549.464555113	2.0713975896e-05
549.778714378	2.07173881061e-05
550.092873644	2.07208550728e-05
550.407032909	2.0724296387e-05
550.721192174	2.0727800654e-05
551.03535144	2.07312829823e-05
551.349510705	2.07348001143e-05
551.66366997	2.07383274064e-05
551.977829236	2.07418390466e-05
552.291988501	2.07453844952e-05
552.606147766	2.07488526966e-05
552.920307032	2.07523580175e-05
553.234466297	2.07557754876e-05
553.548625563	2.07592112403e-05
553.862784828	2.07626056764e-05
554.176944093	2.07659896093e-05
554.491103359	2.0769385636e-05
554.805262624	2.0772744251e-05
555.119421889	2.07761492425e-05
555.433581155	2.07795117908e-05
555.74774042	2.07828940144e-05
556.061899685	2.07862787144e-05
556.376058951	2.07896336214e-05
556.690218216	2.0793051978e-05
557.004377482	2.07963880966e-05
557.318536747	2.07998028493e-05
557.632696012	2.08031461718e-05
557.946855278	2.0806547005e-05
558.261014543	2.08099371242e-05
558.575173808	2.08133371041e-05
558.889333074	2.08167875295e-05
559.203492339	2.08202128792e-05
559.517651604	2.08236971988e-05
559.83181087	2.08271429988e-05
560.145970135	2.08306121511e-05
560.4601294	2.08340493121e-05
560.774288666	2.08374522809e-05
561.088447931	2.08408536386e-05
561.402607197	2.08441762688e-05
561.716766462	2.08475164198e-05
562.030925727	2.08507943248e-05
562.345084993	2.08540999413e-05
562.659244258	2.08573725492e-05
562.973403523	2.08606370481e-05
563.287562789	2.08639192102e-05
563.601722054	2.08671460434e-05
563.915881319	2.08704219248e-05
564.230040585	2.08736299294e-05
564.54419985	2.08768774792e-05
564.858359115	2.08800717752e-05
565.172518381	2.08832707948e-05
565.486677646	2.0886455872e-05
565.800836912	2.08896020032e-05
566.114996177	2.08927873595e-05
566.429155442	2.08959446753e-05
566.743314708	2.08991593418e-05
567.057473973	2.09023559498e-05
567.371633238	2.09055585941e-05
567.685792504	2.09087682229e-05
567.999951769	2.0911918895e-05
568.314111034	2.09151147165e-05
568.6282703	2.09182286815e-05
568.942429565	2.09213876001e-05
569.256588831	2.09244823575e-05
569.570748096	2.09275798214e-05
569.884907361	2.0930675434e-05
570.199066627	2.09337267262e-05
570.513225892	2.09368268099e-05
570.827385157	2.09398537126e-05
571.141544423	2.09429306761e-05
571.455703688	2.09459592325e-05
571.769862953	2.0948996054e-05
572.084022219	2.0952026503e-05
572.398181484	2.09550216017e-05
572.712340749	2.09580589443e-05
573.026500015	2.0961052452e-05
573.34065928	2.09640850078e-05
573.654818546	2.09670624107e-05
573.968977811	2.09700228205e-05
574.283137076	2.09729802271e-05
574.597296342	2.09758848402e-05
574.911455607	2.0978847318e-05
575.225614872	2.09817242086e-05
575.539774138	2.09846626091e-05
575.853933403	2.09875324789e-05
576.168092668	2.09904560964e-05
576.482251934	2.09933886138e-05
576.796411199	2.09963362734e-05
577.110570464	2.09993328289e-05
577.42472973	2.10022964705e-05
577.738888995	2.10053249224e-05
578.053048261	2.10083165868e-05
578.367207526	2.10113322991e-05
578.681366791	2.10143488797e-05
578.995526057	2.10173398658e-05
579.309685322	2.10203710098e-05
579.623844587	2.10233367502e-05
579.938003853	2.10263438159e-05
580.252163118	2.10292974531e-05
580.566322383	2.10322992743e-05
580.880481649	2.10353117934e-05
581.194640914	2.1038338808e-05
581.50880018	2.10414025798e-05
581.822959445	2.10444175962e-05
582.13711871	2.10474822745e-05
582.451277976	2.1050470222e-05
582.765437241	2.10534961556e-05
583.079596506	2.10564743297e-05
583.393755772	2.1059436751e-05
583.707915037	2.10623916853e-05
584.022074302	2.1065273126e-05
584.336233568	2.10681906787e-05
584.650392833	2.10710616816e-05
584.964552098	2.1073976024e-05
585.278711364	2.10769007192e-05
585.592870629	2.10798268914e-05
585.907029895	2.10828332939e-05
586.22118916	2.10858279173e-05
586.535348425	2.10889466684e-05
586.849507691	2.10920383792e-05
587.163666956	2.10952308454e-05
587.477826221	2.10984253547e-05
587.791985487	2.1101653875e-05
588.106144752	2.11049131494e-05
588.420304017	2.11081182058e-05
588.734463283	2.11113731796e-05
589.048622548	2.1114550649e-05
589.362781813	2.11177612648e-05
589.676941079	2.11209381501e-05
589.991100344	2.11241040309e-05
590.30525961	2.11273206649e-05
590.619418875	2.11305080605e-05
590.93357814	2.11337832712e-05
591.247737406	2.11370229875e-05
591.561896671	2.11403338884e-05
591.876055936	2.11436173427e-05
592.190215202	2.11468822333e-05
592.504374467	2.11501433645e-05
592.818533732	2.11533300475e-05
593.132692998	2.11565564992e-05
593.446852263	2.11597115899e-05
593.761011529	2.11629141269e-05
594.075170794	2.11660887371e-05
594.389330059	2.1169296419e-05
594.703489325	2.11725369235e-05
595.01764859	2.11757736706e-05
595.331807855	2.11790846374e-05
595.645967121	2.11823783536e-05
595.960126386	2.11857645497e-05
596.274285651	2.11891414844e-05
596.588444917	2.11925582696e-05
596.902604182	2.11959983591e-05
597.216763447	2.11994292098e-05
597.530922713	2.12029128388e-05
597.845081978	2.12063577927e-05
598.159241244	2.12098503362e-05
598.473400509	2.12133140733e-05
598.787559774	2.12168122678e-05
599.10171904	2.12203273083e-05
599.415878305	2.12238514046e-05
599.73003757	2.12274048568e-05
600.044196836	2.12309338873e-05
600.358356101	2.12345036835e-05
600.672515366	2.12380307551e-05
600.986674632	2.12415831586e-05
601.300833897	2.12451048905e-05
601.614993162	2.12486268782e-05
601.929152428	2.12521667406e-05
602.243311693	2.125567025e-05
602.557470959	2.12592039245e-05
602.871630224	2.12626751473e-05
603.185789489	2.12661761305e-05
603.499948755	2.12696482745e-05
603.81410802	2.12731228118e-05
604.128267285	2.12766225053e-05
604.442426551	2.12800863784e-05
604.756585816	2.12836072367e-05
605.070745081	2.12870619621e-05
605.384904347	2.1290574378e-05
605.699063612	2.12940469687e-05
606.013222878	2.12975377717e-05
606.327382143	2.13010226009e-05
606.641541408	2.13044843116e-05
606.955700674	2.13079828948e-05
607.269859939	2.13114636962e-05
607.584019204	2.13150006878e-05
607.89817847	2.13185331875e-05
608.212337735	2.13220998253e-05
608.526497	2.13256997251e-05
608.840656266	2.13292713488e-05
609.154815531	2.13328854243e-05
609.468974796	2.13364276261e-05
609.783134062	2.13400078212e-05
610.097293327	2.13435178118e-05
610.411452593	2.13470270393e-05
610.725611858	2.1350510081e-05
611.039771123	2.13539413232e-05
611.353930389	2.1357396849e-05
611.668089654	2.13607926656e-05
611.982248919	2.13642249646e-05
612.296408185	2.13676003505e-05
612.61056745	2.13709925379e-05
612.924726715	2.13743499328e-05
613.238885981	2.13776702307e-05
613.553045246	2.13809988904e-05
613.867204511	2.1384257604e-05
614.181363777	2.1387553014e-05
614.495523042	2.13908029461e-05
614.809682308	2.13940929897e-05
615.123841573	2.13973884341e-05
615.438000838	2.14006633259e-05
615.752160104	2.14039950634e-05
616.066319369	2.14072734856e-05
616.380478634	2.14106326835e-05
616.6946379	2.14139490658e-05
617.008797165	2.14173037174e-05
617.32295643	2.14206468548e-05
617.637115696	2.14239753073e-05
617.951274961	2.14273436162e-05
618.265434227	2.14306599614e-05
618.579593492	2.14340303396e-05
618.893752757	2.14373464343e-05
619.207912023	2.14406972819e-05
619.522071288	2.14440378423e-05
619.836230553	2.14473797724e-05
620.150389819	2.14507464213e-05
620.464549084	2.14540558277e-05
620.778708349	2.14573978791e-05
621.092867615	2.14606579914e-05
621.40702688	2.14639381444e-05
621.721186145	2.1467169452e-05
622.035345411	2.14703701907e-05
622.349504676	2.14735751915e-05
622.663663942	2.14767116155e-05
622.977823207	2.14799141003e-05
623.291982472	2.14830440436e-05
623.606141738	2.14862217772e-05
623.920301003	2.14893732275e-05
624.234460268	2.14925346555e-05
624.548619534	2.1495735073e-05
624.862778799	2.14989042343e-05
625.176938064	2.15021418911e-05
625.49109733	2.15053645161e-05
625.805256595	2.15086712942e-05
626.11941586	2.15119940321e-05
626.433575126	2.15153391277e-05
626.747734391	2.15187044899e-05
627.061893657	2.15220137165e-05
627.376052922	2.1525346449e-05
627.690212187	2.15285946661e-05
628.004371453	2.15318583325e-05
628.318530718	2.15350868383e-05
