0.314159265359	-3.72874898782e-10
0.628318530718	-3.91807802658e-09
0.942477796077	-1.93348890141e-08
1.25663706144	-4.31047719908e-08
1.57079632679	-6.0637159567e-08
1.88495559215	-6.06559040055e-08
2.19911485751	-4.29858136295e-08
2.51327412287	-1.40462996598e-08
2.82743338823	1.78081217011e-08
3.14159265359	4.68229715715e-08
3.45575191895	6.89969658592e-08
3.76991118431	7.96711728856e-08
4.08407044967	7.64205187695e-08
4.39822971503	6.11788679171e-08
4.71238898039	3.79244061417e-08
5.02654824574	1.42449653031e-08
5.3407075111	-2.7170456879e-09
5.65486677646	-9.4127198407e-09
5.96902604182	-5.97006352236e-09
6.28318530718	2.07002903861e-09
6.59734457254	-3.77994893309e-09
6.9115038379	-5.14617229185e-08
7.22566310326	-1.08937385596e-07
7.53982236862	-9.62998634957e-08
7.85398163398	-3.76161309892e-08
8.16814089933	4.42977693052e-08
8.48230016469	1.52060851192e-07
8.79645943005	1.72386445777e-07
9.11061869541	4.81983656262e-08
9.42477796077	1.20984930455e-07
9.73893722613	2.03367958096e-07
0.314159265359	-3.72874898782e-10
0.628318530718	-3.91807802658e-09
0.942477796077	-1.93348890141e-08
1.25663706144	-4.31047719908e-08
1.57079632679	-6.0637159567e-08
1.88495559215	-6.06559040055e-08
2.19911485751	-4.29858136295e-08
2.51327412287	-1.40462996598e-08
2.82743338823	1.78081217011e-08
3.14159265359	4.68229715715e-08
3.45575191895	6.89969658592e-08
3.76991118431	7.96711728856e-08
4.08407044967	7.64205187695e-08
4.39822971503	6.11788679171e-08
4.71238898039	3.79244061417e-08
5.02654824574	1.42449653031e-08
5.3407075111	-2.7170456879e-09
5.65486677646	-9.4127198407e-09
5.96902604182	-5.97006352236e-09
6.28318530718	2.07002903861e-09
6.59734457254	-3.77994893309e-09
6.9115038379	-5.14617229185e-08
7.22566310326	-1.08937385596e-07
7.53982236862	-9.62998634957e-08
7.85398163398	-3.76161309892e-08
8.16814089933	4.42977693052e-08
8.48230016469	1.52060851192e-07
8.79645943005	1.72386445777e-07
9.11061869541	4.81983656262e-08
9.42477796077	1.20984930455e-07
9.73893722613	2.03367958096e-07
10.0530964915	1.14740230517e-07
10.3672557568	-8.85838304864e-08
10.6814150222	-1.03684088288e-07
10.9955742876	1.15031661155e-08
11.3097335529	1.46369798399e-07
11.6238928183	2.62797500823e-07
11.9380520836	3.31299181383e-07
12.252211349	3.83576271411e-07
12.5663706144	4.19119953172e-07
12.8805298797	3.78488322254e-07
13.1946891451	2.38272424278e-07
13.5088484104	4.10820552004e-08
13.8230076758	-6.41490714442e-08
14.1371669412	-4.78540631626e-08
14.4513262065	1.44182259655e-08
14.7654854719	8.52002048317e-08
15.0796447372	1.48746844133e-07
15.3938040026	2.13747835153e-07
15.707963268	2.92827169331e-07
16.0221225333	3.58797547661e-07
16.3362817987	3.83048231659e-07
16.650441064	3.77367154181e-07
16.9646003294	3.53903880133e-07
17.2787595947	3.74495900586e-07
17.5929188601	3.99667999996e-07
17.9070781255	2.10045555652e-07
18.2212373908	1.78645954852e-07
18.5353966562	2.76267687348e-07
18.8495559215	2.74661315818e-07
19.1637151869	3.80119438366e-08
19.4778744523	-2.62070583411e-07
19.7920337176	-4.50322537349e-07
20.106192983	-5.66042248716e-07
20.4203522483	-5.19828410539e-07
20.7345115137	-4.14536489345e-07
21.0486707791	-3.39833722275e-07
21.3628300444	-3.09819646485e-07
21.6769893098	-3.08947875261e-07
21.9911485751	-3.25309488229e-07
22.3053078405	-3.37340573348e-07
22.6194671058	-3.03876882274e-07
22.9336263712	-2.57842725163e-07
23.2477856366	-1.97991377192e-07
23.5619449019	-1.43429960162e-07
23.8761041673	-9.80604218315e-08
24.1902634326	-2.68974868013e-08
24.504422698	4.3652986589e-08
24.8185819634	1.01756414696e-07
25.1327412287	1.44029000442e-07
25.4469004941	1.88442533988e-07
25.7610597594	2.13576263701e-07
26.0752190248	1.46922139607e-07
26.3893782902	-2.98170631887e-08
26.7035375555	-1.78048743382e-07
27.0176968209	-1.77082684224e-07
27.3318560862	-1.62022718598e-08
27.6460153516	7.79990332328e-08
27.960174617	-1.46053526013e-07
28.2743338823	-3.99186367205e-07
28.5884931477	-3.48252808115e-07
28.902652413	-2.06858693148e-07
29.2168116784	-1.0020523177e-07
29.5309709437	-4.90149445612e-08
29.8451302091	-2.32381010202e-08
30.1592894745	-2.07294687168e-08
30.4734487398	-4.05323695201e-08
30.7876080052	-7.47717628092e-08
31.1017672705	-7.89648227748e-08
31.4159265359	-4.69590509677e-09
31.7300858013	1.19778543348e-07
32.0442450666	2.54508031194e-07
32.358404332	2.87926167267e-07
32.6725635973	1.66957985777e-07
32.9867228627	1.24929972078e-07
33.3008821281	1.91833293611e-07
33.6150413934	2.23550258616e-07
33.9292006588	1.692593577e-07
34.2433599241	3.03279348478e-08
34.5575191895	-1.49829145316e-07
34.8716784548	-3.00235161862e-07
35.1858377202	-3.14323263458e-07
35.4999969856	-1.30696778418e-07
35.8141562509	1.20829996623e-07
36.1283155163	3.7525540539e-07
36.4424747816	5.54743971724e-07
36.756634047	4.93580877544e-07
37.0707933124	2.29816696109e-07
37.3849525777	1.39085103699e-07
37.6991118431	2.7140064435e-07
38.0132711084	4.56858310097e-07
38.3274303738	5.77197755931e-07
38.6415896392	5.21698571733e-07
38.9557489045	2.5341175737e-07
39.2699081699	6.11129664761e-08
39.5840674352	-1.05472786418e-08
39.8982267006	-9.28644247446e-08
40.212385966	-1.38862581027e-07
40.5265452313	-1.31777576639e-07
40.8407044967	-8.34603645486e-08
41.154863762	-1.02038268237e-09
41.4690230274	8.0723790096e-08
41.7831822927	1.55916003971e-07
42.0973415581	2.18261788659e-07
42.4115008235	2.36655990002e-07
42.7256600888	1.78524033703e-07
43.0398193542	1.51248667489e-08
43.3539786195	-2.3608998381e-07
43.6681378849	-4.52202432517e-07
43.9822971503	-4.12639801123e-07
44.2964564156	-1.20862439627e-07
44.610615681	1.72936434464e-07
44.9247749463	2.74949658477e-07
45.2389342117	1.9699477429e-07
45.5530934771	2.20949419726e-07
45.8672527424	9.23301064626e-08
46.1814120078	-1.46715009861e-07
46.4955712731	-1.60020083195e-07
46.8097305385	-5.47722539421e-08
47.1238898039	4.56990355569e-08
47.4380490692	1.07717746133e-07
47.7522083346	1.36115531899e-07
48.0663675999	1.32868724361e-07
48.3805268653	8.68660900614e-08
48.6946861306	-1.49717732411e-09
49.008845396	-6.36604994872e-08
49.3230046614	-5.89803647942e-08
49.6371639267	-1.1442867083e-08
49.9513231921	8.61963188245e-08
50.2654824574	2.34385469841e-07
50.5796417228	4.2054117014e-07
50.8938009882	6.01013077815e-07
51.2079602535	6.27367864959e-07
51.5221195189	2.65216312632e-07
51.8362787842	-2.9619056182e-07
52.1504380496	-6.53418011888e-07
52.464597315	-8.90501617038e-07
52.7787565803	-9.61029394025e-07
53.0929158457	-8.42399779837e-07
53.407075111	-6.45670029461e-07
53.7212343764	-4.32522953082e-07
54.0353936417	-2.08706666036e-07
54.3495529071	6.33156201575e-08
54.6637121725	1.50024213301e-07
54.9778714378	1.4424670896e-08
55.2920307032	4.24362081777e-08
55.6061899685	2.21913968573e-07
55.9203492339	3.64776912873e-07
56.2345084993	4.50479557343e-07
56.5486677646	5.34510079877e-07
56.86282703	6.44536365435e-07
57.1769862953	7.21769861157e-07
57.4911455607	5.83252386616e-07
57.8053048261	9.98812166817e-08
58.1194640914	-2.10482126408e-07
58.4336233568	-8.83936301452e-08
58.7477826221	9.69361975227e-08
59.0619418875	1.6090839031e-07
59.3761011529	1.73750946751e-07
59.6902604182	2.16965337406e-07
60.0044196836	2.45310336078e-07
60.3185789489	1.59121098134e-07
60.6327382143	-1.17579463881e-07
60.9468974796	-5.63641145535e-07
61.261056745	-1.03053318926e-06
61.5752160104	-1.17477887033e-06
61.8893752757	-9.19228650587e-07
62.2035345411	-5.98426014045e-07
62.5176938064	-3.36944846881e-07
62.8318530718	-6.96803547373e-08
63.1460123372	2.73967324963e-07
63.4601716025	5.6209507851e-07
63.7743308679	3.40526688465e-07
64.0884901332	-2.43554713592e-07
64.4026493986	-3.36166030166e-07
64.716808664	5.35607927413e-08
65.0309679293	3.72064285138e-07
65.3451271947	4.34462733913e-07
65.65928646	3.76041839154e-07
65.9734457254	3.48763519584e-07
66.2876049907	3.38097416984e-07
66.6017642561	3.09693434411e-07
66.9159235215	2.86178794463e-07
67.2300827868	3.09265690469e-07
67.5442420522	3.64678934927e-07
67.8584013175	4.51339507722e-07
68.1725605829	5.90706675553e-07
68.4867198483	7.34698264139e-07
68.8008791136	8.39493959586e-07
69.115038379	8.92616585404e-07
69.4291976443	8.39842985024e-07
69.7433569097	5.85854832652e-07
70.0575161751	-1.0058535803e-07
70.3716754404	-1.2480324818e-06
70.6858347058	-1.79569487245e-06
70.9999939711	-1.31203822121e-06
71.3141532365	-7.80304142209e-07
71.6283125019	-5.84358009779e-07
71.9424717672	-5.27932340734e-07
72.2566310326	-3.30049638051e-07
72.5707902979	-2.70467271341e-07
72.8849495633	-3.9151901891e-07
73.1991088286	-2.90777415256e-07
73.513268094	-3.34039252076e-08
73.8274273594	1.96096129157e-07
74.1415866247	3.39201693541e-07
74.4557458901	4.69802090947e-07
74.7699051554	5.73849840932e-07
75.0840644208	6.24617145799e-07
75.3982236862	6.75306453617e-07
75.7123829515	7.91242747473e-07
76.0265422169	9.75480936004e-07
76.3407014822	9.03263158585e-07
76.6548607476	3.58414513227e-07
76.969020013	1.72480798785e-07
77.2831792783	5.44549489684e-07
77.5973385437	9.35261260007e-07
77.911497809	1.07150701566e-06
78.2256570744	8.63437133859e-07
78.5398163398	3.93228451272e-07
78.8539756051	-3.87115682727e-07
79.1681348705	-1.37002536245e-06
79.4822941358	-1.83949230442e-06
79.7964534012	-1.54472385346e-06
80.1106126665	-1.07685566373e-06
80.4247719319	-7.26691940928e-07
80.7389311973	-4.32603666478e-07
81.0530904626	-1.27803331782e-07
81.367249728	9.15368400489e-08
81.6814089933	6.83702244999e-08
81.9955682587	1.68635341461e-07
82.3097275241	4.99556806997e-07
82.6238867894	4.72108616872e-07
82.9380460548	-6.78012540217e-08
83.2522053201	-1.16379141919e-07
83.5663645855	2.9157910808e-07
83.8805238509	5.93256275444e-07
84.1946831162	5.58107650937e-07
84.5088423816	2.6641729632e-07
84.8230016469	1.56891286882e-07
85.1371609123	3.22921200731e-07
85.4513201776	5.23953120749e-07
85.765479443	6.80147803041e-07
86.0796387084	8.3511147026e-07
86.3937979737	1.04446462344e-06
86.7079572391	1.28603011428e-06
87.0221165044	1.49258117289e-06
87.3362757698	1.42200789413e-06
87.6504350352	7.03158449578e-07
87.9645943005	-5.53056128729e-07
88.2787535659	-1.34655306891e-06
88.5929128312	-1.0834882784e-06
88.9070720966	-1.00342939415e-06
89.221231362	-1.4603856234e-06
89.5353906273	-1.21701087891e-06
89.8495498927	-5.89589649452e-07
90.163709158	-1.10484068888e-07
90.4778684234	-2.13539963731e-07
90.7920276888	-7.69111523131e-07
91.1061869541	-7.96469060552e-07
91.4203462195	-3.71414467277e-07
91.7345054848	-3.3581579042e-08
92.0486647502	9.92939430377e-08
92.3628240155	1.50018323536e-07
92.6769832809	1.92048674129e-07
92.9911425463	2.34089442959e-07
93.3053018116	2.99210212733e-07
93.619461077	4.04748412333e-07
93.9336203423	5.67785908751e-07
94.2477796077	8.35355712734e-07
94.5619388731	1.22902046717e-06
94.8760981384	1.54140283464e-06
95.1902574038	1.30735408364e-06
95.5044166691	9.45628702526e-07
95.8185759345	1.30943893149e-06
96.1327351999	1.72879525034e-06
96.4468944652	1.39020727175e-06
96.7610537306	-3.86526023686e-08
97.0752129959	-1.96151378869e-06
97.3893722613	-2.60322975424e-06
97.7035315266	-1.88114068555e-06
98.017690792	-1.15791409531e-06
98.3318500574	-7.76971321636e-07
98.6460093227	-5.49850874986e-07
98.9601685881	-3.46082313504e-07
99.2743278534	-1.55647042678e-07
99.5884871188	-1.89172192293e-07
99.9026463842	-1.87069454655e-07
100.21680565	7.82001075744e-08
100.530964915	4.86099147103e-07
100.84512418	8.7062648692e-07
101.159283446	8.1293977466e-07
101.473442711	2.89420897406e-08
101.787601976	-3.80346536836e-07
102.101761242	-5.06414032832e-08
102.415920507	3.75255670726e-07
102.730079772	6.30693980385e-07
103.044239038	5.35380859464e-07
103.358398303	2.22329695653e-07
103.672557568	3.81054538446e-07
103.986716834	9.24181923629e-07
104.300876099	1.46377843865e-06
104.615035365	1.86066159556e-06
104.92919463	1.98242789078e-06
105.243353895	1.57191618117e-06
105.557513161	4.31815864012e-07
105.871672426	-1.09598263008e-06
106.185831691	-1.89156346941e-06
106.499990957	-1.43156872099e-06
106.814150222	-6.04047216473e-07
107.128309487	-9.50974055284e-08
107.442468753	-3.9420971855e-07
107.756628018	-1.07794711901e-06
108.070787283	-9.32809829969e-07
108.384946549	-4.01564633366e-07
108.699105814	-1.9120277311e-07
109.01326508	-6.26242989118e-08
109.327424345	-1.59915670673e-07
109.64158361	-3.83758351563e-07
109.955742876	-1.93291750852e-07
110.269902141	1.48232391009e-07
110.584061406	3.22854025077e-07
110.898220672	2.95963002616e-07
111.212379937	1.73047322303e-07
111.526539202	1.21139514802e-07
111.840698468	2.43646441062e-07
112.154857733	5.53544726806e-07
112.469016999	1.00357236869e-06
112.783176264	1.54051605229e-06
113.097335529	2.12587885844e-06
113.411494795	2.48852406226e-06
113.72565406	2.11671494036e-06
114.039813325	1.2388267747e-06
114.353972591	4.32357815863e-07
114.668131856	-5.99733609328e-07
114.982291121	-1.51520047522e-06
115.296450387	-1.63698858444e-06
115.610609652	-1.61295226405e-06
115.924768917	-1.6612034826e-06
116.238928183	-1.17566168564e-06
116.553087448	-5.76267890679e-07
116.867246714	-2.33190506701e-07
117.181405979	-1.26385253178e-07
117.495565244	-3.66279979396e-07
117.80972451	-5.80140560761e-07
118.123883775	-3.58316260689e-07
118.43804304	1.19133571988e-07
118.752202306	6.18635767704e-07
119.066361571	9.99300101791e-07
119.380520836	1.1451806999e-06
119.694680102	6.52910762882e-07
120.008839367	-3.81075699267e-07
120.322998632	-6.79002664197e-07
120.637157898	-2.16848070218e-07
120.951317163	4.22150273503e-07
121.265476429	9.68090668819e-07
121.579635694	1.19581113336e-06
121.893794959	1.05001644753e-06
122.207954225	1.10265057596e-06
122.52211349	1.7051370074e-06
122.836272755	2.16045824563e-06
123.150432021	1.77570892514e-06
123.464591286	4.01495206173e-07
123.778750551	-1.43459707331e-06
124.092909817	-2.4649058328e-06
124.407069082	-2.05718851973e-06
124.721228348	-1.11648863251e-06
125.035387613	-2.68379948913e-07
125.349546878	3.05902406314e-07
125.663706144	2.98962582187e-07
125.977865409	-5.65001678348e-07
126.292024674	-1.2489457614e-06
126.60618394	-1.18995622601e-06
126.920343205	-7.23161667067e-07
127.23450247	1.05362879285e-08
127.548661736	5.81333696329e-07
127.862821001	5.53287499911e-07
128.176980266	-7.19106267117e-09
128.491139532	-2.40483352965e-07
128.805298797	2.89778655268e-08
129.119458063	3.28999004489e-07
129.433617328	4.01758208246e-07
129.747776593	2.8453086816e-07
130.061935859	1.6528021973e-07
130.376095124	3.42133083249e-07
130.690254389	8.90479601797e-07
131.004413655	1.65445409664e-06
131.31857292	2.50410804742e-06
131.632732185	3.10208075003e-06
131.946891451	2.69732283385e-06
132.261050716	8.48181371575e-07
132.575209981	-1.14658128071e-06
132.889369247	-2.16032526901e-06
133.203528512	-2.09353810275e-06
133.517687778	-1.18314377792e-06
133.831847043	-4.57263029387e-07
134.146006308	-5.65044237223e-07
134.460165574	-9.85343088467e-07
134.774324839	-8.4995946273e-07
135.088484104	-3.33171271502e-07
135.40264337	1.18228167017e-08
135.716802635	-1.25140031811e-07
136.0309619	-3.04109709598e-07
136.345121166	-2.99450283125e-07
136.659280431	-3.32829155763e-08
136.973439697	4.5159945989e-07
137.287598962	9.31299816898e-07
137.601758227	1.2847494456e-06
137.915917493	1.17616682636e-06
138.230076758	1.45377509255e-07
138.544236023	-8.94802680508e-07
138.858395289	-7.57653208411e-07
139.172554554	-2.3887301098e-09
139.486713819	8.18919531343e-07
139.800873085	1.55520101223e-06
140.11503235	2.02405366972e-06
140.429191615	1.99389951337e-06
140.743350881	1.66265626858e-06
141.057510146	1.29582399088e-06
141.371669412	6.32211234003e-07
141.685828677	-4.4499984037e-07
141.999987942	-1.49206410334e-06
142.314147208	-1.85088036205e-06
142.628306473	-1.63036782177e-06
142.942465738	-1.06546386167e-06
143.256625004	-2.71127233512e-07
143.570784269	4.13935182773e-07
143.884943534	7.2033558395e-07
144.1991028	1.97087181892e-07
144.513262065	-1.05082112688e-06
144.82742133	-1.60667721747e-06
145.141580596	-1.02528027958e-06
145.455739861	-1.25090588567e-07
145.769899127	6.23193779023e-07
146.084058392	9.89890762976e-07
146.398217657	8.14085705094e-07
146.712376923	1.76280766463e-07
147.026536188	-2.91978832882e-07
147.340695453	-1.73668693108e-07
147.654854719	1.87746458743e-07
147.969013984	5.43094987675e-07
148.283173249	7.67390210705e-07
148.597332515	8.75740355012e-07
148.91149178	1.062162953e-06
149.225651046	1.67216370699e-06
149.539810311	2.57138658266e-06
149.853969576	3.13650489017e-06
150.168128842	2.65506244231e-06
150.482288107	6.33341088278e-07
150.796447372	-1.90711764804e-06
151.110606638	-3.04562636118e-06
151.424765903	-2.39551750044e-06
151.738925168	-1.11666309852e-06
152.053084434	-1.52313443321e-07
152.367243699	2.46472985677e-07
152.681402964	1.07973967753e-08
152.99556223	-5.43479755623e-07
153.309721495	-6.78010519896e-07
153.623880761	-5.2934441776e-07
153.938040026	-2.93643903361e-07
154.252199291	1.22413883216e-07
154.566358557	4.28232108019e-07
154.880517822	4.50643408145e-07
155.194677087	4.15958810527e-07
155.508836353	7.16305800587e-07
155.822995618	1.20123983855e-06
156.137154883	1.31056257864e-06
156.451314149	5.61439519462e-07
156.765473414	-5.99065514595e-07
157.079632679	-9.30537567966e-07
157.393791945	-2.79646199512e-07
157.70795121	6.45664080316e-07
158.022110476	1.55238306768e-06
158.336269741	2.33081826073e-06
158.650429006	2.69594699444e-06
158.964588272	2.25755848311e-06
159.278747537	9.83472803499e-07
159.592906802	-4.70725192397e-07
159.907066068	-1.5701188811e-06
160.221225333	-1.91124767229e-06
160.535384598	-1.36467661181e-06
160.849543864	-8.1433520065e-07
161.163703129	-6.51732781891e-07
161.477862395	-4.12139787497e-07
161.79202166	1.35047897326e-07
162.106180925	6.40098420962e-07
162.420340191	4.85747894722e-07
162.734499456	-6.74865660543e-07
163.048658721	-1.63145599196e-06
163.362817987	-1.33670361618e-06
163.676977252	-4.53334546528e-07
163.991136517	3.55372280497e-07
164.305295783	8.81253641834e-07
164.619455048	1.06852541311e-06
164.933614313	8.06231528345e-07
165.247773579	1.65173592586e-07
165.561932844	-4.04036556976e-07
165.87609211	-3.44030426522e-07
166.190251375	2.03189520952e-07
166.50441064	8.23572981016e-07
166.818569906	1.36592133647e-06
167.132729171	1.7600919e-06
167.446888436	2.06263886427e-06
167.761047702	2.4034491015e-06
168.075206967	2.57754222405e-06
168.389366232	2.06148769439e-06
168.703525498	3.57348989382e-07
169.017684763	-2.1042217643e-06
169.331844029	-3.33732262196e-06
169.646003294	-2.58908248278e-06
169.960162559	-1.2885672574e-06
170.274321825	-3.03015136691e-07
170.58848109	2.57576907031e-07
170.902640355	3.86970292124e-07
171.216799621	7.19542195871e-08
171.530958886	-5.78058993311e-07
171.845118151	-1.11972485985e-06
172.159277417	-8.66679843037e-07
172.473436682	-1.76927409252e-07
172.787595947	4.44991340837e-07
173.101755213	7.65076858344e-07
173.415914478	7.85927640582e-07
173.730073744	6.99472425812e-07
174.044233009	7.68182544049e-07
174.358392274	8.95872728915e-07
174.67255154	6.25892854541e-07
174.986710805	-1.48611173046e-07
175.30087007	-7.6230198352e-07
175.615029336	-4.55060792201e-07
175.929188601	4.88697499433e-07
176.243347866	1.52132824346e-06
176.557507132	2.39872702894e-06
176.871666397	2.87538057089e-06
177.185825662	2.61660459468e-06
177.499984928	1.31093127659e-06
177.814144193	-7.54597512471e-07
178.128303459	-2.34856443514e-06
178.442462724	-2.40198344051e-06
178.756621989	-1.39616351722e-06
179.070781255	-4.69744077202e-07
179.38494052	4.83247585302e-08
179.699099785	2.26485046642e-07
180.013259051	2.7515367321e-07
180.327418316	3.71966530999e-07
180.641577581	2.54584318792e-07
180.955736847	-4.37100422958e-07
181.269896112	-1.20192855588e-06
181.584055378	-1.31578593234e-06
181.898214643	-6.87119522255e-07
182.212373908	7.41909101818e-08
182.526533174	6.64654070054e-07
182.840692439	1.01425980386e-06
183.154851704	1.0671126806e-06
183.46901097	7.55461058005e-07
183.783170235	1.29430694001e-07
184.0973295	-3.17938851882e-07
184.411488766	-1.13900514025e-07
184.725648031	5.79217962486e-07
185.039807296	1.39045993436e-06
185.353966562	2.13399125272e-06
185.668125827	2.70202266141e-06
185.982285093	2.92511697805e-06
186.296444358	2.54973445541e-06
186.610603623	1.41817144521e-06
186.924762889	-4.23414078349e-07
187.238922154	-2.34647538444e-06
187.553081419	-3.20842626236e-06
187.867240685	-2.61535918869e-06
188.18139995	-1.46576201999e-06
188.495559215	-4.68701714084e-07
188.809718481	1.77355273276e-07
189.123877746	4.79596156182e-07
189.438037011	4.42465018931e-07
189.752196277	-4.03003651112e-08
190.066355542	-7.75876413014e-07
190.380514808	-9.89142925725e-07
190.694674073	-5.10456448673e-07
191.008833338	1.90170488389e-07
191.322992604	7.56741926419e-07
191.637151869	1.08532569706e-06
191.951311134	1.18449936211e-06
192.2654704	1.10895626367e-06
192.579629665	8.53292366616e-07
192.89378893	3.22245867678e-07
193.207948196	-3.59109489252e-07
193.522107461	-7.43450875117e-07
193.836266727	-4.84897189712e-07
194.150425992	3.04508209389e-07
194.464585257	1.32627002046e-06
194.778744523	2.25967774756e-06
195.092903788	2.78679674052e-06
195.407063053	2.55001655958e-06
195.721222319	1.33870428887e-06
196.035381584	-5.80489694055e-07
196.349540849	-2.36576768232e-06
196.663700115	-2.75676746064e-06
196.97785938	-1.84057189423e-06
197.292018645	-7.40589737941e-07
197.606177911	8.45282697298e-08
197.920337176	5.4343702249e-07
198.234496442	7.03503049284e-07
198.548655707	6.50026658047e-07
198.862814972	1.73664178905e-07
199.176974238	-7.43519948598e-07
199.491133503	-1.4352857864e-06
199.805292768	-1.45911351651e-06
200.119452034	-9.42772887355e-07
200.433611299	-2.5325853315e-07
200.747770564	3.56646275622e-07
201.06192983	7.74388095843e-07
201.376089095	9.51749253967e-07
201.69024836	8.69015251469e-07
202.004407626	5.4087762307e-07
202.318566891	1.24736875166e-07
202.632726157	-6.84751206701e-08
202.946885422	2.49286329145e-07
203.261044687	1.02815836993e-06
203.575203953	1.97615860484e-06
203.889363218	2.82076339599e-06
204.203522483	3.25804313702e-06
204.517681749	2.94363434623e-06
204.831841014	1.69805018594e-06
205.146000279	-3.74761723347e-07
205.460159545	-2.53334009341e-06
205.77431881	-3.45746451398e-06
206.088478076	-2.90393011827e-06
206.402637341	-1.7948676596e-06
206.716796606	-8.00617478358e-07
207.030955872	-1.01980062106e-07
207.345115137	2.88148253923e-07
207.659274402	3.85305756264e-07
207.973433668	1.28698104842e-07
208.287592933	-3.50100017803e-07
208.601752198	-6.75276952686e-07
208.915911464	-6.35355173715e-07
209.230070729	-2.18001137988e-07
209.544229994	3.84154908142e-07
209.85838926	9.05198299778e-07
210.172548525	1.25167981882e-06
210.486707791	1.36768729213e-06
210.800867056	1.1897310115e-06
211.115026321	6.71634908654e-07
211.429185587	-1.03453775165e-07
211.743344852	-7.52625926885e-07
212.057504117	-7.68357600084e-07
212.371663383	-6.51801781146e-08
212.685822648	9.81029233213e-07
212.999981913	1.9839541682e-06
213.314141179	2.58336591308e-06
213.628300444	2.39606886622e-06
213.942459709	1.29528711264e-06
214.256618975	-4.14810114497e-07
214.57077824	-1.99814688409e-06
214.884937506	-2.51656646593e-06
215.199096771	-2.02806828572e-06
215.513256036	-1.17197245196e-06
215.827415302	-2.83285461125e-07
216.141574567	4.05470106227e-07
216.455733832	7.8432764925e-07
216.769893098	8.36457603183e-07
217.084052363	4.53190371729e-07
217.398211628	-3.09123712092e-07
217.712370894	-1.10786036078e-06
218.026530159	-1.53371477074e-06
218.340689425	-1.31768810832e-06
218.65484869	-6.82030723301e-07
218.969007955	-2.01107280772e-08
219.283167221	4.61629784566e-07
219.597326486	7.35440664857e-07
219.911485751	7.91589746351e-07
220.225645017	6.6953069592e-07
220.539804282	4.71967827204e-07
220.853963547	3.03942971369e-07
221.168122813	3.48993365139e-07
221.482282078	7.76271355214e-07
221.796441343	1.56753107301e-06
222.110600609	2.51113526548e-06
222.424759874	3.14434699472e-06
222.73891914	2.98431632466e-06
223.053078405	1.8296863934e-06
223.36723767	-1.03042848633e-07
223.681396936	-2.0954769944e-06
223.995556201	-3.1816703834e-06
224.309715466	-3.12933256991e-06
224.623874732	-2.3351670396e-06
224.938033997	-1.32315414874e-06
225.252193262	-5.29724103271e-07
225.566352528	-5.88265395954e-08
225.880511793	1.50795705373e-07
226.194671058	9.23093859601e-08
226.508830324	-1.37017824707e-07
226.822989589	-3.19346699832e-07
227.137148855	-3.66838191464e-07
227.45130812	-2.52915473679e-07
227.765467385	4.54628290699e-08
228.079626651	4.81349016379e-07
228.393785916	9.53790021931e-07
228.707945181	1.28067123502e-06
229.022104447	1.28274481878e-06
229.336263712	9.39733545522e-07
229.650422977	3.40736832586e-07
229.964582243	-2.87929495639e-07
230.278741508	-6.28706580523e-07
230.592900774	-3.64007188179e-07
230.907060039	5.37216843728e-07
231.221219304	1.5934868847e-06
231.53537857	2.25900777202e-06
231.849537835	2.10984210931e-06
232.1636971	1.09431137029e-06
232.477856366	-4.09211521993e-07
232.792015631	-1.78139351119e-06
233.106174896	-2.21753819828e-06
233.420334162	-1.85543842449e-06
233.734493427	-1.31465057875e-06
234.048652692	-7.04740110754e-07
234.362811958	-7.7415872275e-08
234.676971223	4.49658533367e-07
234.991130489	7.22310269588e-07
235.305289754	5.6025112806e-07
235.619449019	1.10792040728e-08
235.933608285	-6.47115051448e-07
236.24776755	-1.18226196956e-06
236.561926815	-1.3975883993e-06
236.876086081	-1.09993383021e-06
237.190245346	-4.64222932356e-07
237.504404611	1.11626061667e-07
237.818563877	4.61720359256e-07
238.132723142	5.99449687367e-07
238.446882407	6.12807796595e-07
238.761041673	5.77482988909e-07
239.075200938	5.54389242963e-07
239.389360204	6.45516261437e-07
239.703519469	9.49830264252e-07
240.017678734	1.48695706628e-06
240.331838	2.1840693005e-06
240.645997265	2.72373554554e-06
240.96015653	2.68468946636e-06
241.274315796	1.8145778269e-06
241.588475061	1.93877004972e-07
241.902634326	-1.60396116811e-06
0.314159265359	-3.72874898782e-10
0.628318530718	-3.91807802658e-09
0.942477796077	-1.93348890141e-08
1.25663706144	-4.31047719908e-08
1.57079632679	-6.0637159567e-08
1.88495559215	-6.06559040055e-08
2.19911485751	-4.29858136295e-08
2.51327412287	-1.40462996598e-08
2.82743338823	1.78081217011e-08
3.14159265359	4.68229715715e-08
3.45575191895	6.89969658592e-08
3.76991118431	7.96711728856e-08
4.08407044967	7.64205187695e-08
4.39822971503	6.11788679171e-08
4.71238898039	3.79244061417e-08
5.02654824574	1.42449653031e-08
5.3407075111	-2.7170456879e-09
5.65486677646	-9.4127198407e-09
5.96902604182	-5.97006352236e-09
6.28318530718	2.07002903861e-09
6.59734457254	-3.77994893309e-09
6.9115038379	-5.14617229185e-08
7.22566310326	-1.08937385596e-07
7.53982236862	-9.62998634957e-08
7.85398163398	-3.76161309892e-08
8.16814089933	4.42977693052e-08
8.48230016469	1.52060851192e-07
8.79645943005	1.72386445777e-07
9.11061869541	4.81983656262e-08
9.42477796077	1.20984930455e-07
9.73893722613	2.03367958096e-07
10.0530964915	1.14740230517e-07
10.3672557568	-8.85838304864e-08
10.6814150222	-1.03684088288e-07
10.9955742876	1.15031661155e-08
11.3097335529	1.46369798399e-07
11.6238928183	2.62797500823e-07
11.9380520836	3.31299181383e-07
12.252211349	3.83576271411e-07
12.5663706144	4.19119953172e-07
12.8805298797	3.78488322254e-07
13.1946891451	2.38272424278e-07
13.5088484104	4.10820552004e-08
13.8230076758	-6.41490714442e-08
14.1371669412	-4.78540631626e-08
14.4513262065	1.44182259655e-08
14.7654854719	8.52002048317e-08
15.0796447372	1.48746844133e-07
15.3938040026	2.13747835153e-07
15.707963268	2.92827169331e-07
16.0221225333	3.58797547661e-07
16.3362817987	3.83048231659e-07
16.650441064	3.77367154181e-07
16.9646003294	3.53903880133e-07
17.2787595947	3.74495900586e-07
17.5929188601	3.99667999996e-07
17.9070781255	2.10045555652e-07
18.2212373908	1.78645954852e-07
18.5353966562	2.76267687348e-07
18.8495559215	2.74661315818e-07
19.1637151869	3.80119438366e-08
19.4778744523	-2.62070583411e-07
19.7920337176	-4.50322537349e-07
20.106192983	-5.66042248716e-07
20.4203522483	-5.19828410539e-07
20.7345115137	-4.14536489345e-07
21.0486707791	-3.39833722275e-07
21.3628300444	-3.09819646485e-07
21.6769893098	-3.08947875261e-07
21.9911485751	-3.25309488229e-07
22.3053078405	-3.37340573348e-07
22.6194671058	-3.03876882274e-07
22.9336263712	-2.57842725163e-07
23.2477856366	-1.97991377192e-07
23.5619449019	-1.43429960162e-07
23.8761041673	-9.80604218315e-08
24.1902634326	-2.68974868013e-08
24.504422698	4.3652986589e-08
24.8185819634	1.01756414696e-07
25.1327412287	1.44029000442e-07
25.4469004941	1.88442533988e-07
25.7610597594	2.13576263701e-07
26.0752190248	1.46922139607e-07
26.3893782902	-2.98170631887e-08
26.7035375555	-1.78048743382e-07
27.0176968209	-1.77082684224e-07
27.3318560862	-1.62022718598e-08
27.6460153516	7.79990332328e-08
27.960174617	-1.46053526013e-07
28.2743338823	-3.99186367205e-07
28.5884931477	-3.48252808115e-07
28.902652413	-2.06858693148e-07
29.2168116784	-1.0020523177e-07
29.5309709437	-4.90149445612e-08
29.8451302091	-2.32381010202e-08
30.1592894745	-2.07294687168e-08
30.4734487398	-4.05323695201e-08
30.7876080052	-7.47717628092e-08
31.1017672705	-7.89648227748e-08
31.4159265359	-4.69590509677e-09
31.7300858013	1.19778543348e-07
32.0442450666	2.54508031194e-07
32.358404332	2.87926167267e-07
32.6725635973	1.66957985777e-07
32.9867228627	1.24929972078e-07
33.3008821281	1.91833293611e-07
33.6150413934	2.23550258616e-07
33.9292006588	1.692593577e-07
34.2433599241	3.03279348478e-08
34.5575191895	-1.49829145316e-07
34.8716784548	-3.00235161862e-07
35.1858377202	-3.14323263458e-07
35.4999969856	-1.30696778418e-07
35.8141562509	1.20829996623e-07
36.1283155163	3.7525540539e-07
36.4424747816	5.54743971724e-07
36.756634047	4.93580877544e-07
37.0707933124	2.29816696109e-07
37.3849525777	1.39085103699e-07
37.6991118431	2.7140064435e-07
38.0132711084	4.56858310097e-07
38.3274303738	5.77197755931e-07
38.6415896392	5.21698571733e-07
38.9557489045	2.5341175737e-07
39.2699081699	6.11129664761e-08
39.5840674352	-1.05472786418e-08
39.8982267006	-9.28644247446e-08
40.212385966	-1.38862581027e-07
40.5265452313	-1.31777576639e-07
40.8407044967	-8.34603645486e-08
41.154863762	-1.02038268237e-09
41.4690230274	8.0723790096e-08
41.7831822927	1.55916003971e-07
42.0973415581	2.18261788659e-07
42.4115008235	2.36655990002e-07
42.7256600888	1.78524033703e-07
43.0398193542	1.51248667489e-08
43.3539786195	-2.3608998381e-07
43.6681378849	-4.52202432517e-07
43.9822971503	-4.12639801123e-07
44.2964564156	-1.20862439627e-07
44.610615681	1.72936434464e-07
44.9247749463	2.74949658477e-07
45.2389342117	1.9699477429e-07
45.5530934771	2.20949419726e-07
45.8672527424	9.23301064626e-08
46.1814120078	-1.46715009861e-07
46.4955712731	-1.60020083195e-07
46.8097305385	-5.47722539421e-08
47.1238898039	4.56990355569e-08
47.4380490692	1.07717746133e-07
47.7522083346	1.36115531899e-07
48.0663675999	1.32868724361e-07
48.3805268653	8.68660900614e-08
48.6946861306	-1.49717732411e-09
49.008845396	-6.36604994872e-08
49.3230046614	-5.89803647942e-08
49.6371639267	-1.1442867083e-08
49.9513231921	8.61963188245e-08
50.2654824574	2.34385469841e-07
50.5796417228	4.2054117014e-07
50.8938009882	6.01013077815e-07
51.2079602535	6.27367864959e-07
51.5221195189	2.65216312632e-07
51.8362787842	-2.9619056182e-07
52.1504380496	-6.53418011888e-07
52.464597315	-8.90501617038e-07
52.7787565803	-9.61029394025e-07
53.0929158457	-8.42399779837e-07
53.407075111	-6.45670029461e-07
53.7212343764	-4.32522953082e-07
54.0353936417	-2.08706666036e-07
54.3495529071	6.33156201575e-08
54.6637121725	1.50024213301e-07
54.9778714378	1.4424670896e-08
55.2920307032	4.24362081777e-08
55.6061899685	2.21913968573e-07
55.9203492339	3.64776912873e-07
56.2345084993	4.50479557343e-07
56.5486677646	5.34510079877e-07
56.86282703	6.44536365435e-07
57.1769862953	7.21769861157e-07
57.4911455607	5.83252386616e-07
57.8053048261	9.98812166817e-08
58.1194640914	-2.10482126408e-07
58.4336233568	-8.83936301452e-08
58.7477826221	9.69361975227e-08
59.0619418875	1.6090839031e-07
59.3761011529	1.73750946751e-07
59.6902604182	2.16965337406e-07
60.0044196836	2.45310336078e-07
60.3185789489	1.59121098134e-07
60.6327382143	-1.17579463881e-07
60.9468974796	-5.63641145535e-07
61.261056745	-1.03053318926e-06
61.5752160104	-1.17477887033e-06
61.8893752757	-9.19228650587e-07
62.2035345411	-5.98426014045e-07
62.5176938064	-3.36944846881e-07
62.8318530718	-6.96803547373e-08
63.1460123372	2.73967324963e-07
63.4601716025	5.6209507851e-07
63.7743308679	3.40526688465e-07
64.0884901332	-2.43554713592e-07
64.4026493986	-3.36166030166e-07
64.716808664	5.35607927413e-08
65.0309679293	3.72064285138e-07
65.3451271947	4.34462733913e-07
65.65928646	3.76041839154e-07
65.9734457254	3.48763519584e-07
66.2876049907	3.38097416984e-07
66.6017642561	3.09693434411e-07
66.9159235215	2.86178794463e-07
67.2300827868	3.09265690469e-07
67.5442420522	3.64678934927e-07
67.8584013175	4.51339507722e-07
68.1725605829	5.90706675553e-07
68.4867198483	7.34698264139e-07
68.8008791136	8.39493959586e-07
69.115038379	8.92616585404e-07
69.4291976443	8.39842985024e-07
69.7433569097	5.85854832652e-07
70.0575161751	-1.0058535803e-07
70.3716754404	-1.2480324818e-06
70.6858347058	-1.79569487245e-06
70.9999939711	-1.31203822121e-06
71.3141532365	-7.80304142209e-07
71.6283125019	-5.84358009779e-07
71.9424717672	-5.27932340734e-07
72.2566310326	-3.30049638051e-07
72.5707902979	-2.70467271341e-07
72.8849495633	-3.9151901891e-07
73.1991088286	-2.90777415256e-07
73.513268094	-3.34039252076e-08
73.8274273594	1.96096129157e-07
74.1415866247	3.39201693541e-07
74.4557458901	4.69802090947e-07
74.7699051554	5.73849840932e-07
75.0840644208	6.24617145799e-07
75.3982236862	6.75306453617e-07
75.7123829515	7.91242747473e-07
76.0265422169	9.75480936004e-07
76.3407014822	9.03263158585e-07
76.6548607476	3.58414513227e-07
76.969020013	1.72480798785e-07
77.2831792783	5.44549489684e-07
77.5973385437	9.35261260007e-07
77.911497809	1.07150701566e-06
78.2256570744	8.63437133859e-07
78.5398163398	3.93228451272e-07
78.8539756051	-3.87115682727e-07
79.1681348705	-1.37002536245e-06
79.4822941358	-1.83949230442e-06
79.7964534012	-1.54472385346e-06
80.1106126665	-1.07685566373e-06
80.4247719319	-7.26691940928e-07
80.7389311973	-4.32603666478e-07
81.0530904626	-1.27803331782e-07
81.367249728	9.15368400489e-08
81.6814089933	6.83702244999e-08
81.9955682587	1.68635341461e-07
82.3097275241	4.99556806997e-07
82.6238867894	4.72108616872e-07
82.9380460548	-6.78012540217e-08
83.2522053201	-1.16379141919e-07
83.5663645855	2.9157910808e-07
83.8805238509	5.93256275444e-07
84.1946831162	5.58107650937e-07
84.5088423816	2.6641729632e-07
84.8230016469	1.56891286882e-07
85.1371609123	3.22921200731e-07
85.4513201776	5.23953120749e-07
85.765479443	6.80147803041e-07
86.0796387084	8.3511147026e-07
86.3937979737	1.04446462344e-06
86.7079572391	1.28603011428e-06
87.0221165044	1.49258117289e-06
87.3362757698	1.42200789413e-06
87.6504350352	7.03158449578e-07
87.9645943005	-5.53056128729e-07
88.2787535659	-1.34655306891e-06
88.5929128312	-1.0834882784e-06
88.9070720966	-1.00342939415e-06
89.221231362	-1.4603856234e-06
89.5353906273	-1.21701087891e-06
89.8495498927	-5.89589649452e-07
90.163709158	-1.10484068888e-07
90.4778684234	-2.13539963731e-07
90.7920276888	-7.69111523131e-07
91.1061869541	-7.96469060552e-07
91.4203462195	-3.71414467277e-07
91.7345054848	-3.3581579042e-08
92.0486647502	9.92939430377e-08
92.3628240155	1.50018323536e-07
92.6769832809	1.92048674129e-07
92.9911425463	2.34089442959e-07
93.3053018116	2.99210212733e-07
93.619461077	4.04748412333e-07
93.9336203423	5.67785908751e-07
94.2477796077	8.35355712734e-07
94.5619388731	1.22902046717e-06
94.8760981384	1.54140283464e-06
95.1902574038	1.30735408364e-06
95.5044166691	9.45628702526e-07
95.8185759345	1.30943893149e-06
96.1327351999	1.72879525034e-06
96.4468944652	1.39020727175e-06
96.7610537306	-3.86526023686e-08
97.0752129959	-1.96151378869e-06
97.3893722613	-2.60322975424e-06
97.7035315266	-1.88114068555e-06
98.017690792	-1.15791409531e-06
98.3318500574	-7.76971321636e-07
98.6460093227	-5.49850874986e-07
98.9601685881	-3.46082313504e-07
99.2743278534	-1.55647042678e-07
99.5884871188	-1.89172192293e-07
99.9026463842	-1.87069454655e-07
100.21680565	7.82001075744e-08
100.530964915	4.86099147103e-07
100.84512418	8.7062648692e-07
101.159283446	8.1293977466e-07
101.473442711	2.89420897406e-08
101.787601976	-3.80346536836e-07
102.101761242	-5.06414032832e-08
102.415920507	3.75255670726e-07
102.730079772	6.30693980385e-07
103.044239038	5.35380859464e-07
103.358398303	2.22329695653e-07
103.672557568	3.81054538446e-07
103.986716834	9.24181923629e-07
104.300876099	1.46377843865e-06
104.615035365	1.86066159556e-06
104.92919463	1.98242789078e-06
105.243353895	1.57191618117e-06
105.557513161	4.31815864012e-07
105.871672426	-1.09598263008e-06
106.185831691	-1.89156346941e-06
106.499990957	-1.43156872099e-06
106.814150222	-6.04047216473e-07
107.128309487	-9.50974055284e-08
107.442468753	-3.9420971855e-07
107.756628018	-1.07794711901e-06
108.070787283	-9.32809829969e-07
108.384946549	-4.01564633366e-07
108.699105814	-1.9120277311e-07
109.01326508	-6.26242989118e-08
109.327424345	-1.59915670673e-07
109.64158361	-3.83758351563e-07
109.955742876	-1.93291750852e-07
110.269902141	1.48232391009e-07
110.584061406	3.22854025077e-07
110.898220672	2.95963002616e-07
111.212379937	1.73047322303e-07
111.526539202	1.21139514802e-07
111.840698468	2.43646441062e-07
112.154857733	5.53544726806e-07
112.469016999	1.00357236869e-06
112.783176264	1.54051605229e-06
113.097335529	2.12587885844e-06
113.411494795	2.48852406226e-06
113.72565406	2.11671494036e-06
114.039813325	1.2388267747e-06
114.353972591	4.32357815863e-07
114.668131856	-5.99733609328e-07
114.982291121	-1.51520047522e-06
115.296450387	-1.63698858444e-06
115.610609652	-1.61295226405e-06
115.924768917	-1.6612034826e-06
116.238928183	-1.17566168564e-06
116.553087448	-5.76267890679e-07
116.867246714	-2.33190506701e-07
117.181405979	-1.26385253178e-07
117.495565244	-3.66279979396e-07
117.80972451	-5.80140560761e-07
118.123883775	-3.58316260689e-07
118.43804304	1.19133571988e-07
118.752202306	6.18635767704e-07
119.066361571	9.99300101791e-07
119.380520836	1.1451806999e-06
119.694680102	6.52910762882e-07
120.008839367	-3.81075699267e-07
120.322998632	-6.79002664197e-07
120.637157898	-2.16848070218e-07
120.951317163	4.22150273503e-07
121.265476429	9.68090668819e-07
121.579635694	1.19581113336e-06
121.893794959	1.05001644753e-06
122.207954225	1.10265057596e-06
122.52211349	1.7051370074e-06
122.836272755	2.16045824563e-06
123.150432021	1.77570892514e-06
123.464591286	4.01495206173e-07
123.778750551	-1.43459707331e-06
124.092909817	-2.4649058328e-06
124.407069082	-2.05718851973e-06
124.721228348	-1.11648863251e-06
125.035387613	-2.68379948913e-07
125.349546878	3.05902406314e-07
125.663706144	2.98962582187e-07
125.977865409	-5.65001678348e-07
126.292024674	-1.2489457614e-06
126.60618394	-1.18995622601e-06
126.920343205	-7.23161667067e-07
127.23450247	1.05362879285e-08
127.548661736	5.81333696329e-07
127.862821001	5.53287499911e-07
128.176980266	-7.19106267117e-09
128.491139532	-2.40483352965e-07
128.805298797	2.89778655268e-08
129.119458063	3.28999004489e-07
129.433617328	4.01758208246e-07
129.747776593	2.8453086816e-07
130.061935859	1.6528021973e-07
130.376095124	3.42133083249e-07
130.690254389	8.90479601797e-07
131.004413655	1.65445409664e-06
131.31857292	2.50410804742e-06
131.632732185	3.10208075003e-06
131.946891451	2.69732283385e-06
132.261050716	8.48181371575e-07
132.575209981	-1.14658128071e-06
132.889369247	-2.16032526901e-06
133.203528512	-2.09353810275e-06
133.517687778	-1.18314377792e-06
133.831847043	-4.57263029387e-07
134.146006308	-5.65044237223e-07
134.460165574	-9.85343088467e-07
134.774324839	-8.4995946273e-07
135.088484104	-3.33171271502e-07
135.40264337	1.18228167017e-08
135.716802635	-1.25140031811e-07
136.0309619	-3.04109709598e-07
136.345121166	-2.99450283125e-07
136.659280431	-3.32829155763e-08
136.973439697	4.5159945989e-07
137.287598962	9.31299816898e-07
137.601758227	1.2847494456e-06
137.915917493	1.17616682636e-06
138.230076758	1.45377509255e-07
138.544236023	-8.94802680508e-07
138.858395289	-7.57653208411e-07
139.172554554	-2.3887301098e-09
139.486713819	8.18919531343e-07
139.800873085	1.55520101223e-06
140.11503235	2.02405366972e-06
140.429191615	1.99389951337e-06
140.743350881	1.66265626858e-06
141.057510146	1.29582399088e-06
141.371669412	6.32211234003e-07
141.685828677	-4.4499984037e-07
141.999987942	-1.49206410334e-06
142.314147208	-1.85088036205e-06
142.628306473	-1.63036782177e-06
142.942465738	-1.06546386167e-06
143.256625004	-2.71127233512e-07
143.570784269	4.13935182773e-07
143.884943534	7.2033558395e-07
144.1991028	1.97087181892e-07
144.513262065	-1.05082112688e-06
144.82742133	-1.60667721747e-06
145.141580596	-1.02528027958e-06
145.455739861	-1.25090588567e-07
145.769899127	6.23193779023e-07
146.084058392	9.89890762976e-07
146.398217657	8.14085705094e-07
146.712376923	1.76280766463e-07
147.026536188	-2.91978832882e-07
147.340695453	-1.73668693108e-07
147.654854719	1.87746458743e-07
147.969013984	5.43094987675e-07
148.283173249	7.67390210705e-07
148.597332515	8.75740355012e-07
148.91149178	1.062162953e-06
149.225651046	1.67216370699e-06
149.539810311	2.57138658266e-06
149.853969576	3.13650489017e-06
150.168128842	2.65506244231e-06
150.482288107	6.33341088278e-07
150.796447372	-1.90711764804e-06
151.110606638	-3.04562636118e-06
151.424765903	-2.39551750044e-06
151.738925168	-1.11666309852e-06
152.053084434	-1.52313443321e-07
152.367243699	2.46472985677e-07
152.681402964	1.07973967753e-08
152.99556223	-5.43479755623e-07
153.309721495	-6.78010519896e-07
153.623880761	-5.2934441776e-07
153.938040026	-2.93643903361e-07
154.252199291	1.22413883216e-07
154.566358557	4.28232108019e-07
154.880517822	4.50643408145e-07
155.194677087	4.15958810527e-07
155.508836353	7.16305800587e-07
155.822995618	1.20123983855e-06
156.137154883	1.31056257864e-06
156.451314149	5.61439519462e-07
156.765473414	-5.99065514595e-07
157.079632679	-9.30537567966e-07
157.393791945	-2.79646199512e-07
157.70795121	6.45664080316e-07
158.022110476	1.55238306768e-06
158.336269741	2.33081826073e-06
158.650429006	2.69594699444e-06
158.964588272	2.25755848311e-06
159.278747537	9.83472803499e-07
159.592906802	-4.70725192397e-07
159.907066068	-1.5701188811e-06
160.221225333	-1.91124767229e-06
160.535384598	-1.36467661181e-06
160.849543864	-8.1433520065e-07
161.163703129	-6.51732781891e-07
161.477862395	-4.12139787497e-07
161.79202166	1.35047897326e-07
162.106180925	6.40098420962e-07
162.420340191	4.85747894722e-07
162.734499456	-6.74865660543e-07
163.048658721	-1.63145599196e-06
163.362817987	-1.33670361618e-06
163.676977252	-4.53334546528e-07
163.991136517	3.55372280497e-07
164.305295783	8.81253641834e-07
164.619455048	1.06852541311e-06
164.933614313	8.06231528345e-07
165.247773579	1.65173592586e-07
165.561932844	-4.04036556976e-07
165.87609211	-3.44030426522e-07
166.190251375	2.03189520952e-07
166.50441064	8.23572981016e-07
166.818569906	1.36592133647e-06
167.132729171	1.7600919e-06
167.446888436	2.06263886427e-06
167.761047702	2.4034491015e-06
168.075206967	2.57754222405e-06
168.389366232	2.06148769439e-06
168.703525498	3.57348989382e-07
169.017684763	-2.1042217643e-06
169.331844029	-3.33732262196e-06
169.646003294	-2.58908248278e-06
169.960162559	-1.2885672574e-06
170.274321825	-3.03015136691e-07
170.58848109	2.57576907031e-07
170.902640355	3.86970292124e-07
171.216799621	7.19542195871e-08
171.530958886	-5.78058993311e-07
171.845118151	-1.11972485985e-06
172.159277417	-8.66679843037e-07
172.473436682	-1.76927409252e-07
172.787595947	4.44991340837e-07
173.101755213	7.65076858344e-07
173.415914478	7.85927640582e-07
173.730073744	6.99472425812e-07
174.044233009	7.68182544049e-07
174.358392274	8.95872728915e-07
174.67255154	6.25892854541e-07
174.986710805	-1.48611173046e-07
175.30087007	-7.6230198352e-07
175.615029336	-4.55060792201e-07
175.929188601	4.88697499433e-07
176.243347866	1.52132824346e-06
176.557507132	2.39872702894e-06
176.871666397	2.87538057089e-06
177.185825662	2.61660459468e-06
177.499984928	1.31093127659e-06
177.814144193	-7.54597512471e-07
178.128303459	-2.34856443514e-06
178.442462724	-2.40198344051e-06
178.756621989	-1.39616351722e-06
179.070781255	-4.69744077202e-07
179.38494052	4.83247585302e-08
179.699099785	2.26485046642e-07
180.013259051	2.7515367321e-07
180.327418316	3.71966530999e-07
180.641577581	2.54584318792e-07
180.955736847	-4.37100422958e-07
181.269896112	-1.20192855588e-06
181.584055378	-1.31578593234e-06
181.898214643	-6.87119522255e-07
182.212373908	7.41909101818e-08
182.526533174	6.64654070054e-07
182.840692439	1.01425980386e-06
183.154851704	1.0671126806e-06
183.46901097	7.55461058005e-07
183.783170235	1.29430694001e-07
184.0973295	-3.17938851882e-07
184.411488766	-1.13900514025e-07
184.725648031	5.79217962486e-07
185.039807296	1.39045993436e-06
185.353966562	2.13399125272e-06
185.668125827	2.70202266141e-06
185.982285093	2.92511697805e-06
186.296444358	2.54973445541e-06
186.610603623	1.41817144521e-06
186.924762889	-4.23414078349e-07
187.238922154	-2.34647538444e-06
187.553081419	-3.20842626236e-06
187.867240685	-2.61535918869e-06
188.18139995	-1.46576201999e-06
188.495559215	-4.68701714084e-07
188.809718481	1.77355273276e-07
189.123877746	4.79596156182e-07
189.438037011	4.42465018931e-07
189.752196277	-4.03003651112e-08
190.066355542	-7.75876413014e-07
190.380514808	-9.89142925725e-07
190.694674073	-5.10456448673e-07
191.008833338	1.90170488389e-07
191.322992604	7.56741926419e-07
191.637151869	1.08532569706e-06
191.951311134	1.18449936211e-06
192.2654704	1.10895626367e-06
192.579629665	8.53292366616e-07
192.89378893	3.22245867678e-07
193.207948196	-3.59109489252e-07
193.522107461	-7.43450875117e-07
193.836266727	-4.84897189712e-07
194.150425992	3.04508209389e-07
194.464585257	1.32627002046e-06
194.778744523	2.25967774756e-06
195.092903788	2.78679674052e-06
195.407063053	2.55001655958e-06
195.721222319	1.33870428887e-06
196.035381584	-5.80489694055e-07
196.349540849	-2.36576768232e-06
196.663700115	-2.75676746064e-06
196.97785938	-1.84057189423e-06
197.292018645	-7.40589737941e-07
197.606177911	8.45282697298e-08
197.920337176	5.4343702249e-07
198.234496442	7.03503049284e-07
198.548655707	6.50026658047e-07
198.862814972	1.73664178905e-07
199.176974238	-7.43519948598e-07
199.491133503	-1.4352857864e-06
199.805292768	-1.45911351651e-06
200.119452034	-9.42772887355e-07
200.433611299	-2.5325853315e-07
200.747770564	3.56646275622e-07
201.06192983	7.74388095843e-07
201.376089095	9.51749253967e-07
201.69024836	8.69015251469e-07
202.004407626	5.4087762307e-07
202.318566891	1.24736875166e-07
202.632726157	-6.84751206701e-08
202.946885422	2.49286329145e-07
203.261044687	1.02815836993e-06
203.575203953	1.97615860484e-06
203.889363218	2.82076339599e-06
204.203522483	3.25804313702e-06
204.517681749	2.94363434623e-06
204.831841014	1.69805018594e-06
205.146000279	-3.74761723347e-07
205.460159545	-2.53334009341e-06
205.77431881	-3.45746451398e-06
206.088478076	-2.90393011827e-06
206.402637341	-1.7948676596e-06
206.716796606	-8.00617478358e-07
207.030955872	-1.01980062106e-07
207.345115137	2.88148253923e-07
207.659274402	3.85305756264e-07
207.973433668	1.28698104842e-07
208.287592933	-3.50100017803e-07
208.601752198	-6.75276952686e-07
208.915911464	-6.35355173715e-07
209.230070729	-2.18001137988e-07
209.544229994	3.84154908142e-07
209.85838926	9.05198299778e-07
210.172548525	1.25167981882e-06
210.486707791	1.36768729213e-06
210.800867056	1.1897310115e-06
211.115026321	6.71634908654e-07
211.429185587	-1.03453775165e-07
211.743344852	-7.52625926885e-07
212.057504117	-7.68357600084e-07
212.371663383	-6.51801781146e-08
212.685822648	9.81029233213e-07
212.999981913	1.9839541682e-06
213.314141179	2.58336591308e-06
213.628300444	2.39606886622e-06
213.942459709	1.29528711264e-06
214.256618975	-4.14810114497e-07
214.57077824	-1.99814688409e-06
214.884937506	-2.51656646593e-06
215.199096771	-2.02806828572e-06
215.513256036	-1.17197245196e-06
215.827415302	-2.83285461125e-07
216.141574567	4.05470106227e-07
216.455733832	7.8432764925e-07
216.769893098	8.36457603183e-07
217.084052363	4.53190371729e-07
217.398211628	-3.09123712092e-07
217.712370894	-1.10786036078e-06
218.026530159	-1.53371477074e-06
218.340689425	-1.31768810832e-06
218.65484869	-6.82030723301e-07
218.969007955	-2.01107280772e-08
219.283167221	4.61629784566e-07
219.597326486	7.35440664857e-07
219.911485751	7.91589746351e-07
220.225645017	6.6953069592e-07
220.539804282	4.71967827204e-07
220.853963547	3.03942971369e-07
221.168122813	3.48993365139e-07
221.482282078	7.76271355214e-07
221.796441343	1.56753107301e-06
222.110600609	2.51113526548e-06
222.424759874	3.14434699472e-06
222.73891914	2.98431632466e-06
223.053078405	1.8296863934e-06
223.36723767	-1.03042848633e-07
223.681396936	-2.0954769944e-06
223.995556201	-3.1816703834e-06
224.309715466	-3.12933256991e-06
224.623874732	-2.3351670396e-06
224.938033997	-1.32315414874e-06
225.252193262	-5.29724103271e-07
225.566352528	-5.88265395954e-08
225.880511793	1.50795705373e-07
226.194671058	9.23093859601e-08
226.508830324	-1.37017824707e-07
226.822989589	-3.19346699832e-07
227.137148855	-3.66838191464e-07
227.45130812	-2.52915473679e-07
227.765467385	4.54628290699e-08
228.079626651	4.81349016379e-07
228.393785916	9.53790021931e-07
228.707945181	1.28067123502e-06
229.022104447	1.28274481878e-06
229.336263712	9.39733545522e-07
229.650422977	3.40736832586e-07
229.964582243	-2.87929495639e-07
230.278741508	-6.28706580523e-07
230.592900774	-3.64007188179e-07
230.907060039	5.37216843728e-07
231.221219304	1.5934868847e-06
231.53537857	2.25900777202e-06
231.849537835	2.10984210931e-06
232.1636971	1.09431137029e-06
232.477856366	-4.09211521993e-07
232.792015631	-1.78139351119e-06
233.106174896	-2.21753819828e-06
233.420334162	-1.85543842449e-06
233.734493427	-1.31465057875e-06
234.048652692	-7.04740110754e-07
234.362811958	-7.7415872275e-08
234.676971223	4.49658533367e-07
234.991130489	7.22310269588e-07
235.305289754	5.6025112806e-07
235.619449019	1.10792040728e-08
235.933608285	-6.47115051448e-07
236.24776755	-1.18226196956e-06
236.561926815	-1.3975883993e-06
236.876086081	-1.09993383021e-06
237.190245346	-4.64222932356e-07
237.504404611	1.11626061667e-07
237.818563877	4.61720359256e-07
238.132723142	5.99449687367e-07
238.446882407	6.12807796595e-07
238.761041673	5.77482988909e-07
239.075200938	5.54389242963e-07
239.389360204	6.45516261437e-07
239.703519469	9.49830264252e-07
240.017678734	1.48695706628e-06
240.331838	2.1840693005e-06
240.645997265	2.72373554554e-06
240.96015653	2.68468946636e-06
241.274315796	1.8145778269e-06
241.588475061	1.93877004972e-07
241.902634326	-1.60396116811e-06
242.216793592	-2.70724032784e-06
242.530952857	-2.95975423279e-06
242.845112123	-2.63389927132e-06
243.159271388	-1.86112972501e-06
243.473430653	-1.0279435539e-06
243.787589919	-4.49755844123e-07
244.101749184	-1.57574823968e-07
244.415908449	-9.79356749001e-08
244.730067715	-1.71986300301e-07
245.04422698	-2.01743043618e-07
245.358386245	-1.44637036141e-07
245.672545511	-3.34276390215e-08
245.986704776	1.3339880335e-07
246.300864041	3.44510919323e-07
246.615023307	6.01681931102e-07
246.929182572	8.85822409326e-07
247.243341838	1.07059154042e-06
247.557501103	1.01156950663e-06
247.871660368	6.62815635526e-07
248.185819634	1.66788756899e-07
248.499978899	-2.44464193438e-07
248.814138164	-2.78176289622e-07
249.12829743	2.43751507855e-07
249.442456695	1.12627721617e-06
249.75661596	1.85326935823e-06
250.070775226	1.87642666608e-06
250.384934491	1.04657875238e-06
250.699093756	-3.08136332308e-07
251.013253022	-1.58734908081e-06
251.327412287	-2.03827000066e-06
251.641571553	-1.65012203603e-06
251.955730818	-1.10790442574e-06
252.269890083	-6.47677809117e-07
252.584049349	-2.68841398538e-07
252.898208614	3.7823181685e-08
253.212367879	2.76605614467e-07
253.526527145	3.70728186336e-07
253.84068641	1.82864963569e-07
254.154845675	-2.51177332542e-07
254.469004941	-7.52052491695e-07
254.783164206	-1.10741460431e-06
255.097323472	-1.16903549081e-06
255.411482737	-8.66852295527e-07
255.725642002	-3.25335689831e-07
256.039801268	1.60751569103e-07
256.353960533	4.28926164073e-07
256.668119798	5.16550303606e-07
256.982279064	5.62100300761e-07
257.296438329	6.45078248778e-07
257.610597594	8.29149690434e-07
257.92475686	1.16131575343e-06
258.238916125	1.6626241316e-06
258.55307539	2.23870356604e-06
258.867234656	2.58412419958e-06
259.181393921	2.38001993033e-06
259.495553187	1.54189411044e-06
259.809712452	2.50550306045e-07
260.123871717	-1.20886552503e-06
260.438030983	-2.26686266604e-06
260.752190248	-2.55244334689e-06
261.066349513	-2.47361086657e-06
261.380508779	-2.14199582975e-06
261.694668044	-1.51188940486e-06
262.008827309	-8.61417609023e-07
262.322986575	-4.02004548381e-07
262.63714584	-1.94276819569e-07
262.951305105	-1.70930419504e-07
263.265464371	-1.38516430322e-07
263.579623636	-2.35934113101e-08
263.893782902	1.47408447701e-07
264.207942167	3.5652188835e-07
264.522101432	5.54680382878e-07
264.836260698	6.95750234246e-07
265.150419963	7.31810058204e-07
265.464579228	6.76304216737e-07
265.778738494	6.05915004216e-07
266.092897759	5.30669633585e-07
266.407057024	3.97276218308e-07
266.72121629	2.14154403368e-07
267.035375555	1.13781016441e-07
267.349534821	2.82230007039e-07
267.663694086	7.82289540952e-07
267.977853351	1.38826016817e-06
268.292012617	1.61342276911e-06
268.606171882	1.11997681403e-06
268.920331147	-1.48264895337e-08
269.234490413	-1.30914817675e-06
269.548649678	-1.98997491541e-06
269.862808943	-1.70789637541e-06
270.176968209	-1.06723849373e-06
270.491127474	-5.21437299233e-07
270.805286739	-1.40897349282e-07
271.119446005	5.13045513437e-08
271.43360527	4.68788095868e-08
271.747764536	-7.02951297877e-08
272.061923801	-2.14957211228e-07
272.376083066	-3.23126338386e-07
272.690242332	-4.30174983638e-07
273.004401597	-6.3471085692e-07
273.318560862	-8.53937395916e-07
273.632720128	-9.19060147357e-07
273.946879393	-7.25368848213e-07
274.261038658	-2.88786178065e-07
274.575197924	1.43167821531e-07
274.889357189	4.01736307563e-07
275.203516454	5.35657988463e-07
275.51767572	6.54565186382e-07
275.831834985	8.64857431743e-07
276.145994251	1.20905076998e-06
276.460153516	1.70627146543e-06
276.774312781	2.29583221441e-06
277.088472047	2.72421368865e-06
277.402631312	2.6356523905e-06
277.716790577	1.79613923586e-06
278.030949843	3.54996856517e-07
278.345109108	-1.21623196115e-06
278.659268373	-2.2677984142e-06
278.973427639	-2.38964810615e-06
279.287586904	-2.13666838093e-06
279.60174617	-1.97582386612e-06
279.915905435	-1.76876578831e-06
280.2300647	-1.34712320077e-06
280.544223966	-8.24627773221e-07
280.858383231	-4.1094254045e-07
281.172542496	-1.9643912125e-07
281.486701762	-9.27705794033e-08
281.800861027	3.05899888301e-08
282.115020292	2.13262489961e-07
282.429179558	4.28345755135e-07
282.743338823	6.4692268646e-07
283.057498088	8.26910801214e-07
283.371657354	8.81497794085e-07
283.685816619	7.60001639163e-07
283.999975885	4.78707451726e-07
284.31413515	1.78134675795e-07
284.628294415	5.35365751433e-08
284.942453681	1.43664469073e-07
285.256612946	3.51014254796e-07
285.570772211	5.73071169464e-07
285.884931477	8.14051717672e-07
286.199090742	1.12652253867e-06
286.513250007	1.33681313734e-06
286.827409273	1.16218554433e-06
287.141568538	4.23216099436e-07
287.455727803	-7.36051411757e-07
287.769887069	-1.71342716598e-06
288.084046334	-1.81691076445e-06
288.3982056	-1.22121842417e-06
288.712364865	-5.94548088723e-07
289.02652413	-1.36403003008e-07
289.340683396	1.33541902184e-07
289.654842661	1.72171840661e-07
289.969001926	1.00830676708e-08
290.283161192	-2.87461982481e-07
290.597320457	-5.81278306117e-07
290.911479722	-6.92454014656e-07
291.225638988	-6.27603649647e-07
291.539798253	-5.52264095069e-07
291.853957519	-6.02985301985e-07
292.168116784	-6.96738417352e-07
292.482276049	-6.29408004241e-07
292.796435315	-3.109436702e-07
293.11059458	1.01979685212e-07
293.424753845	4.24155367608e-07
293.738913111	6.41916550804e-07
294.053072376	8.62768527452e-07
294.367231641	1.1661650745e-06
294.681390907	1.60142005401e-06
294.995550172	2.15033844685e-06
295.309709437	2.66611609305e-06
295.623868703	2.85155058285e-06
295.938027968	2.3705908287e-06
296.252187234	1.17234833301e-06
296.566346499	-4.80526745253e-07
296.880505764	-2.06992360142e-06
297.19466503	-2.80361417403e-06
297.508824295	-2.47974743056e-06
297.82298356	-1.91415118715e-06
298.137142826	-1.61018269256e-06
298.451302091	-1.48100825027e-06
298.765461356	-1.22815075599e-06
299.079620622	-8.10892562909e-07
299.393779887	-3.98662913105e-07
299.707939152	-1.12201130231e-07
300.022098418	7.33258921392e-08
300.336257683	2.51128688841e-07
300.650416949	4.38937595015e-07
300.964576214	6.31214248242e-07
301.278735479	7.94104805317e-07
301.592894745	8.73187449676e-07
301.90705401	8.34006726436e-07
302.221213275	6.40525386834e-07
302.535372541	3.40966780484e-07
302.849531806	5.94979270787e-08
303.163691071	-9.2622865232e-08
303.477850337	7.03372042432e-10
303.792009602	3.39955190065e-07
304.106168868	7.96167293378e-07
304.420328133	1.18052399994e-06
304.734487398	1.34697555306e-06
305.048646664	1.22803564869e-06
305.362805929	7.57436012672e-07
305.676965194	-7.88202573904e-08
305.99112446	-1.10546197244e-06
306.305283725	-1.75718422052e-06
306.61944299	-1.52405392448e-06
306.933602256	-8.76794003505e-07
307.247761521	-3.43491436907e-07
307.561920786	-4.68807766026e-09
307.876080052	1.34191374213e-07
308.190239317	9.0102218936e-08
308.504398583	-1.07935520644e-07
308.818557848	-3.86189525813e-07
309.132717113	-6.33371092416e-07
309.446876379	-7.6861247218e-07
309.761035644	-7.5882129789e-07
310.075194909	-6.65555466488e-07
310.389354175	-5.86321648497e-07
310.70351344	-5.54853124618e-07
311.017672705	-5.09217959592e-07
311.331831971	-2.91175023314e-07
311.645991236	9.56229216914e-08
311.960150501	4.87800879813e-07
312.274309767	8.05593749495e-07
312.588469032	1.08803464207e-06
312.902628298	1.43163744752e-06
313.216787563	1.87721268293e-06
313.530946828	2.37570165836e-06
313.845106094	2.74238940995e-06
314.159265359	2.66170254249e-06
314.473424624	1.91322566582e-06
314.78758389	5.70509696251e-07
315.101743155	-1.04261445155e-06
315.41590242	-2.38017226629e-06
315.730061686	-2.80974983911e-06
316.044220951	-2.46291700098e-06
316.358380217	-1.96489015194e-06
316.672539482	-1.54719593242e-06
316.986698747	-1.27246510446e-06
317.300858013	-1.06060793243e-06
317.615017278	-7.40724050186e-07
317.929176543	-3.38155089847e-07
318.243335809	1.88156790998e-08
318.557495074	2.75134985907e-07
318.871654339	4.46626557806e-07
319.185813605	5.84150463201e-07
319.49997287	7.00494830493e-07
319.814132135	7.67964657173e-07
320.128291401	7.69166981663e-07
320.442450666	6.6536745219e-07
320.756609932	4.62158264808e-07
321.070769197	2.34374859198e-07
321.384928462	6.71126222131e-08
321.699087728	2.52974770732e-08
322.013246993	1.11558295121e-07
322.327406258	3.59258550084e-07
322.641565524	8.00655940034e-07
322.955724789	1.27683353978e-06
323.269884054	1.47073043789e-06
323.58404332	1.17790743301e-06
323.898202585	4.72246981395e-07
324.21236185	-4.45897451548e-07
324.526521116	-1.3276740955e-06
324.840680381	-1.68169722625e-06
325.154839647	-1.28984458076e-06
325.468998912	-7.09616103208e-07
325.783158177	-2.89545103064e-07
326.097317443	-5.30335740534e-08
326.411476708	1.37871629338e-08
326.725635973	-6.29321275105e-08
327.039795239	-2.26716193189e-07
327.353954504	-4.06632827601e-07
327.668113769	-5.58082963376e-07
327.982273035	-6.60147364051e-07
328.2964323	-7.23413636663e-07
328.610591566	-7.3646198863e-07
328.924750831	-6.78461903073e-07
329.238910096	-5.51788855562e-07
329.553069362	-3.70255964895e-07
329.867228627	-1.62410842707e-07
330.181387892	1.472087888e-07
330.495547158	5.52633073818e-07
330.809706423	9.33781139676e-07
331.123865688	1.25992386322e-06
331.438024954	1.59262177569e-06
331.752184219	2.00090800421e-06
332.066343484	2.42790675342e-06
332.38050275	2.65023613677e-06
332.694662015	2.38319874112e-06
333.008821281	1.49575855538e-06
333.322980546	1.43051089951e-07
333.637139811	-1.34137817902e-06
333.951299077	-2.43426218493e-06
334.265458342	-2.65188466925e-06
334.579617607	-2.30744592504e-06
334.893776873	-1.9268198532e-06
335.207936138	-1.57658290349e-06
335.522095403	-1.20785374232e-06
335.836254669	-8.75684414381e-07
336.150413934	-5.81233615632e-07
336.464573199	-2.60406194392e-07
336.778732465	8.79294638551e-08
337.09289173	3.76948973035e-07
337.407050996	5.48094528344e-07
337.721210261	6.18683076525e-07
338.035369526	6.39653144448e-07
338.349528792	6.42441227037e-07
338.663688057	5.8736929538e-07
338.977847322	4.74603681665e-07
339.292006588	3.26739478155e-07
339.606165853	1.85262427426e-07
339.920325118	1.20016668672e-07
340.234484384	1.42661761726e-07
340.548643649	2.8088342985e-07
340.862802915	5.41008622385e-07
341.17696218	9.11795226158e-07
341.491121445	1.31158255589e-06
341.805280711	1.46979985144e-06
342.119439976	1.16826915553e-06
342.433599241	4.00373276356e-07
342.747758507	-6.14126826678e-07
343.061917772	-1.44656275372e-06
343.376077037	-1.6371285053e-06
343.690236303	-1.19597607798e-06
344.004395568	-6.95872591872e-07
344.318554833	-3.77163026158e-07
344.632714099	-1.99336022422e-07
344.946873364	-1.49864259083e-07
345.26103263	-1.96556781032e-07
345.575191895	-2.9137466002e-07
345.88935116	-3.96442067494e-07
346.203510426	-4.75760687618e-07
346.517669691	-5.42257564357e-07
346.831828956	-6.03070659683e-07
347.145988222	-6.34989724232e-07
347.460147487	-6.21283367572e-07
347.774306752	-5.09257694672e-07
348.088466018	-2.96872481018e-07
348.402625283	-3.57209043051e-08
348.716784548	2.29041551067e-07
349.030943814	5.29796630222e-07
349.345103079	9.03376344825e-07
349.659262345	1.27676584873e-06
349.97342161	1.63024573033e-06
350.287580875	2.0047208527e-06
350.601740141	2.34790241507e-06
350.915899406	2.47834335872e-06
351.230058671	2.13824311973e-06
351.544217937	1.27016213855e-06
351.858377202	1.06174709012e-08
352.172536467	-1.37466361558e-06
352.486695733	-2.3599528954e-06
352.800854998	-2.51808627046e-06
353.115014264	-2.16033271954e-06
353.429173529	-1.77433145482e-06
353.743332794	-1.46053594023e-06
354.05749206	-1.1393935745e-06
354.371651325	-7.93176011073e-07
354.68581059	-4.6530354269e-07
354.999969856	-1.91570673696e-07
355.314129121	4.62569358759e-08
355.628288386	2.90336769615e-07
355.942447652	4.84583756798e-07
356.256606917	5.6263068622e-07
356.570766182	5.51293504756e-07
356.884925448	4.92136150964e-07
357.199084713	4.21625848778e-07
357.513243979	3.30460138504e-07
357.827403244	2.34082498128e-07
358.141562509	1.74890029869e-07
358.455721775	1.64686612676e-07
358.76988104	2.43994698682e-07
359.084040305	4.31317065994e-07
359.398199571	7.29573231031e-07
359.712358836	1.11763209783e-06
360.026518101	1.4448447132e-06
360.340677367	1.51886054604e-06
360.654836632	1.19669640137e-06
360.968995897	4.71491239409e-07
361.283155163	-5.44970090688e-07
361.597314428	-1.51384484167e-06
361.911473694	-1.8090046511e-06
362.225632959	-1.35313560467e-06
362.539792224	-8.10027514175e-07
362.85395149	-4.93280690985e-07
363.168110755	-3.51206481513e-07
363.48227002	-2.94333710666e-07
363.796429286	-2.93721100397e-07
364.110588551	-3.26639330643e-07
364.424747816	-3.63406948569e-07
364.738907082	-3.96022199548e-07
365.053066347	-4.13577883363e-07
365.367225613	-4.26346267434e-07
365.681384878	-4.39283070516e-07
365.995544143	-4.20242897059e-07
366.309703409	-3.56540119854e-07
366.623862674	-2.25931198958e-07
366.938021939	-2.18343213125e-08
367.252181205	2.10198302216e-07
367.56634047	4.48656419744e-07
367.880499735	7.18552046449e-07
368.194659001	1.06733575219e-06
368.508818266	1.47838951889e-06
368.822977531	1.89636410109e-06
369.137136797	2.24559673408e-06
369.451296062	2.34182416886e-06
369.765455328	2.02012231424e-06
370.079614593	1.24153186376e-06
370.393773858	9.31698465214e-08
370.707933124	-1.1935941323e-06
371.022092389	-2.18413643061e-06
371.336251654	-2.39228478387e-06
371.65041092	-2.02860034761e-06
371.964570185	-1.61112967513e-06
372.27872945	-1.27044919784e-06
372.592888716	-1.0018121755e-06
372.907047981	-7.63426927921e-07
373.221207246	-5.17408620993e-07
373.535366512	-2.67542373438e-07
373.849525777	-4.62837424861e-08
374.163685043	1.17364930026e-07
374.477844308	2.59132070736e-07
374.792003573	3.87307332147e-07
375.106162839	4.416499112e-07
375.420322104	4.09396944039e-07
375.734481369	3.2756776926e-07
376.048640635	2.44426626667e-07
376.3627999	1.88961646733e-07
376.676959165	1.7254893807e-07
376.991118431	2.23949303768e-07
377.305277696	3.50715388901e-07
377.619436962	5.68879425984e-07
377.933596227	9.01879090111e-07
378.247755492	1.30263459678e-06
378.561914758	1.63589829566e-06
378.876074023	1.66909738891e-06
379.190233288	1.26739934523e-06
379.504392554	5.06660864963e-07
379.818551819	-4.59488410912e-07
380.132711084	-1.42118659617e-06
380.44687035	-1.94930082497e-06
380.761029615	-1.70450613326e-06
381.07518888	-1.10898035425e-06
381.389348146	-6.6397629913e-07
381.703507411	-4.44116464494e-07
382.017666677	-3.6799434766e-07
382.331825942	-3.46817694625e-07
382.645985207	-3.31492277358e-07
382.960144473	-3.15092087395e-07
383.274303738	-2.8453316439e-07
383.588463003	-2.49499035642e-07
383.902622269	-2.23125598006e-07
384.216781534	-1.96652057981e-07
384.530940799	-1.76611858321e-07
384.845100065	-1.62514911587e-07
385.15925933	-1.50369108712e-07
385.473418595	-1.00066630066e-07
385.787577861	4.84379529222e-08
386.101737126	2.67484797701e-07
386.415896392	5.20618856477e-07
386.730055657	8.13719571236e-07
387.044214922	1.17759254347e-06
387.358374188	1.62971762826e-06
387.672533453	2.06219515222e-06
387.986692718	2.26281845968e-06
388.300851984	2.03344827942e-06
388.615011249	1.34851475452e-06
388.929170514	3.19572946146e-07
389.24332978	-8.70045254741e-07
389.557489045	-1.87799000511e-06
389.871648311	-2.23621208664e-06
390.185807576	-1.93031171109e-06
390.499966841	-1.47023100173e-06
390.814126107	-1.1358309355e-06
391.128285372	-9.11005141726e-07
391.442444637	-7.52044733146e-07
391.756603903	-6.19192423724e-07
392.070763168	-4.65094890912e-07
392.384922433	-2.74264464428e-07
392.699081699	-7.28287843211e-08
393.013240964	7.40026407322e-08
393.327400229	1.63816032226e-07
393.641559495	2.45378920107e-07
393.95571876	2.98183032904e-07
394.269878026	2.93411494284e-07
394.584037291	2.48242050328e-07
394.898196556	2.09010348347e-07
395.212355822	2.24050299053e-07
395.526515087	3.0279209904e-07
395.840674352	4.61629493428e-07
396.154833618	7.03098754414e-07
396.468992883	1.02254284869e-06
396.783152148	1.4101785705e-06
397.097311414	1.73511886785e-06
397.411470679	1.79317449735e-06
397.725629944	1.43895059409e-06
398.03978921	6.62941985256e-07
398.353948475	-3.62726628138e-07
398.668107741	-1.35262574552e-06
398.982267006	-1.96988572356e-06
399.296426271	-1.93388829068e-06
399.610585537	-1.46239718628e-06
399.924744802	-9.74390108656e-07
400.238904067	-6.31990689693e-07
400.553063333	-4.28350147231e-07
400.867222598	-3.23506552373e-07
401.181381863	-2.72925557014e-07
401.495541129	-2.16218482099e-07
401.809700394	-1.4906035759e-07
402.12385966	-8.14794340791e-08
402.438018925	-2.76014479052e-08
402.75217819	-7.17396745261e-09
403.066337456	-6.2784499517e-09
403.380496721	-2.84471274543e-08
403.694655986	-6.31866980688e-08
404.008815252	-1.04427614441e-07
404.322974517	-1.34205956821e-07
404.637133782	-2.95164165735e-08
404.951293048	2.30926827774e-07
405.265452313	5.73694694958e-07
405.579611578	9.49326826141e-07
405.893770844	1.34841236456e-06
406.207930109	1.76886695764e-06
406.522089375	2.06636028282e-06
406.83624864	2.04451693488e-06
407.150407905	1.59857638503e-06
407.464567171	7.52649232683e-07
407.778726436	-3.24205836864e-07
408.092885701	-1.37598216258e-06
408.407044967	-1.98948907559e-06
408.721204232	-1.90707585778e-06
409.035363497	-1.49292518416e-06
409.349522763	-1.13045177551e-06
409.663682028	-8.98367910579e-07
409.977841293	-7.72174999004e-07
410.292000559	-7.08128554967e-07
410.606159824	-6.50430688244e-07
410.92031909	-5.32244925602e-07
411.234478355	-3.44727148876e-07
411.54863762	-1.33001284174e-07
411.862796886	3.29474791764e-08
412.176956151	1.06807151247e-07
412.491115416	1.48246358464e-07
412.805274682	1.96814632584e-07
413.119433947	2.46909347236e-07
413.433593212	2.97177206239e-07
413.747752478	3.46117950336e-07
414.061911743	4.34095191337e-07
414.376071009	5.66954873215e-07
414.690230274	7.5778225943e-07
415.004389539	1.03433252284e-06
415.318548805	1.36880065213e-06
415.63270807	1.69718108277e-06
415.946867335	1.83210486744e-06
416.261026601	1.5953498711e-06
416.575185866	9.618294254e-07
416.889345131	-1.87007970998e-09
417.203504397	-1.07805548884e-06
417.517663662	-1.93422108138e-06
417.831822927	-2.16712218638e-06
418.145982193	-1.76868882977e-06
418.460141458	-1.2441730632e-06
418.774300724	-8.58237584622e-07
419.088459989	-5.83462294642e-07
419.402619254	-3.69191915568e-07
419.71677852	-1.90989571895e-07
420.030937785	-6.68227209343e-08
420.34509705	1.52238841516e-08
420.659256316	6.66627176584e-08
420.973415581	8.85394709716e-08
421.287574846	9.16499806685e-08
421.601734112	6.08781480145e-08
421.915893377	1.93497778183e-08
422.230052642	-3.34583360179e-08
422.544211908	-1.05271393725e-07
422.858371173	-1.60717278381e-07
423.172530439	-1.84532244142e-07
423.486689704	-8.96766277759e-08
423.800848969	2.03098977314e-07
424.115008235	6.28900860134e-07
424.4291675	1.11368357592e-06
424.743326765	1.55703207305e-06
425.057486031	1.89683532915e-06
425.371645296	2.01380648432e-06
425.685804561	1.79438653194e-06
425.999963827	1.24824002496e-06
426.314123092	3.98298378578e-07
426.628282358	-6.26602173129e-07
426.942441623	-1.53386380732e-06
427.256600888	-1.89621465207e-06
427.570760154	-1.66534842174e-06
427.884919419	-1.29969005058e-06
428.199078684	-1.0273493916e-06
428.51323795	-8.56486346714e-07
428.827397215	-7.70758804235e-07
429.14155648	-7.26566075092e-07
429.455715746	-6.94517581801e-07
429.769875011	-6.0266406854e-07
430.084034276	-4.17920991706e-07
430.398193542	-1.77385714927e-07
430.712352807	2.92427757896e-08
431.026512073	1.30413329368e-07
431.340671338	1.68092827334e-07
431.654830603	2.27979394356e-07
431.968989869	3.14366410361e-07
432.283149134	4.29507730717e-07
432.597308399	5.45443151137e-07
432.911467665	6.50241649691e-07
433.22562693	7.77506978608e-07
433.539786195	9.45365086985e-07
433.853945461	1.20114799157e-06
434.168104726	1.50374882677e-06
434.482263991	1.7246765505e-06
434.796423257	1.68805243327e-06
435.110582522	1.26433974216e-06
435.424741788	4.93686587021e-07
435.738901053	-5.09753477672e-07
436.053060318	-1.54538287644e-06
436.367219584	-2.22972444686e-06
436.681378849	-2.17701525929e-06
436.995538114	-1.58414175742e-06
437.30969738	-1.039374114e-06
437.623856645	-6.8723037703e-07
437.93801591	-4.3234884937e-07
438.252175176	-2.17435879841e-07
438.566334441	-3.21655675824e-08
438.880493707	1.02375651919e-07
439.194652972	1.71430320359e-07
439.508812237	1.74583829546e-07
439.822971503	1.24346933753e-07
440.137130768	5.32032424534e-08
440.451290033	-6.78309222507e-09
440.765449299	-5.645921965e-08
441.079608564	-1.05497400281e-07
441.393767829	-1.64383069758e-07
441.707927095	-2.00078021592e-07
442.02208636	-1.8844277413e-07
442.336245625	-7.72767283834e-08
442.650404891	2.42161553992e-07
442.964564156	7.31383866518e-07
443.278723422	1.28201127737e-06
443.592882687	1.76372554522e-06
443.907041952	2.03553650975e-06
444.221201218	2.01158712433e-06
444.535360483	1.64333447296e-06
444.849519748	9.91395741687e-07
445.163679014	1.13077296711e-07
445.477838279	-8.77081427146e-07
445.791997544	-1.64195757189e-06
446.10615681	-1.8353418122e-06
446.420316075	-1.57242803627e-06
446.73447534	-1.26053125009e-06
447.048634606	-1.03016623867e-06
447.362793871	-8.77240718061e-07
447.676953137	-7.8584519823e-07
447.991112402	-7.28672779609e-07
448.305271667	-6.86768593191e-07
448.619430933	-5.9691960641e-07
448.933590198	-4.21359197643e-07
449.247749463	-1.75222570651e-07
449.561908729	7.19025411397e-08
449.876067994	2.38238175103e-07
450.190227259	3.13687094417e-07
450.504386525	3.6321234026e-07
450.81854579	4.27265696029e-07
451.132705056	5.09032514877e-07
451.446864321	6.09794539541e-07
451.761023586	7.06356542616e-07
452.075182852	8.33315750353e-07
452.389342117	1.01670634941e-06
452.703501382	1.26840456592e-06
453.017660648	1.52505935133e-06
453.331819913	1.62789911835e-06
453.645979178	1.45850582641e-06
453.960138444	9.44248216683e-07
454.274297709	1.4094444711e-07
454.588456974	-8.28449282717e-07
454.90261624	-1.7737491979e-06
455.216775505	-2.30363989089e-06
455.530934771	-2.08398735444e-06
455.845094036	-1.39517225049e-06
456.159253301	-8.12478286274e-07
456.473412567	-4.71984833955e-07
456.787571832	-2.5631816741e-07
457.101731097	-9.44858557632e-08
457.415890363	2.72886933239e-08
457.730049628	1.03472760103e-07
458.044208893	1.37105222736e-07
458.358368159	1.26775183912e-07
458.672527424	6.92041812491e-08
458.986686689	-8.96605326772e-09
459.300845955	-7.8610645875e-08
459.61500522	-1.3590051824e-07
459.929164486	-1.74614318742e-07
460.243323751	-1.84022866016e-07
460.557483016	-1.67074397974e-07
460.871642282	-1.02210773513e-07
461.185801547	4.17242871886e-08
461.499960812	3.60264137777e-07
461.814120078	8.74964050327e-07
462.128279343	1.46054249097e-06
462.442438608	1.9400526294e-06
462.756597874	2.12926638558e-06
463.070757139	1.97308547091e-06
463.384916405	1.48986056579e-06
463.69907567	7.46752912413e-07
464.013234935	-1.67481971583e-07
464.327394201	-1.12249173558e-06
464.641553466	-1.76686608234e-06
464.955712731	-1.83116154016e-06
465.269871997	-1.52814286256e-06
465.584031262	-1.23375757556e-06
465.898190527	-1.03818101341e-06
466.212349793	-8.87872893022e-07
466.526509058	-7.70883364004e-07
466.840668323	-6.71857083868e-07
467.154827589	-5.89198119481e-07
467.468986854	-4.95499296744e-07
467.78314612	-3.39824572439e-07
468.097305385	-1.16006751966e-07
468.41146465	1.43074464057e-07
468.725623916	3.44463313538e-07
469.039783181	4.33232710006e-07
469.353942446	4.58229696962e-07
469.668101712	4.66895220731e-07
469.982260977	4.78037520105e-07
470.296420242	5.23473670177e-07
470.610579508	6.16360398359e-07
470.924738773	7.74786086845e-07
471.238898039	1.02060789496e-06
471.553057304	1.30547424041e-06
471.867216569	1.53033169915e-06
472.181375835	1.53797720089e-06
472.4955351	1.26409185417e-06
472.809694365	7.22589332553e-07
473.123853631	-3.66236880567e-08
473.438012896	-9.02369527737e-07
473.752172161	-1.74214155137e-06
474.066331427	-2.19686955829e-06
474.380490692	-1.9546976087e-06
474.694649957	-1.28367743689e-06
475.008809223	-6.85591204767e-07
475.322968488	-3.49978434325e-07
475.637127754	-1.79463889477e-07
475.951287019	-8.62343737396e-08
476.265446284	-3.59745512939e-08
476.57960555	-8.78745802264e-09
476.893764815	-9.15916757741e-09
477.20792408	-1.27317321438e-09
477.522083346	-3.95546997544e-09
477.836242611	-3.63952229882e-08
478.150401876	-8.19505380231e-08
478.464561142	-1.2995548606e-07
478.778720407	-1.55898523525e-07
479.092879672	-1.40946753211e-07
479.407038938	-6.86243274618e-08
479.721198203	6.09286908721e-08
480.035357469	2.36037907096e-07
480.349516734	5.1553535418e-07
480.663675999	9.75454755725e-07
480.977835265	1.52857987674e-06
481.29199453	1.97913759138e-06
481.606153795	2.11417634194e-06
481.920313061	1.86639469182e-06
482.234472326	1.31414605984e-06
482.548631591	5.33656767163e-07
482.862790857	-3.85389833171e-07
483.176950122	-1.30057680974e-06
483.491109388	-1.88261969527e-06
483.805268653	-1.860015117e-06
484.119427918	-1.50917455714e-06
484.433587184	-1.18044660494e-06
484.747746449	-9.64922773234e-07
485.061905714	-8.11878465108e-07
485.37606498	-6.76699472583e-07
485.690224245	-5.59108542016e-07
486.00438351	-4.40698943869e-07
486.318542776	-3.48205942168e-07
486.632702041	-2.39860087251e-07
486.946861306	-8.39958274891e-08
487.261020572	1.1976211802e-07
487.575179837	3.31148572037e-07
487.889339103	4.40446444593e-07
488.203498368	4.43170663103e-07
488.517657633	4.16116504184e-07
488.831816899	3.94693904572e-07
489.145976164	4.15814196161e-07
489.460135429	5.10787182323e-07
489.774294695	7.07746075939e-07
490.08845396	9.94875352859e-07
490.402613225	1.30898164476e-06
490.716772491	1.53941500473e-06
491.030931756	1.53661852865e-06
491.345091021	1.23445802298e-06
491.659250287	7.0146496415e-07
491.973409552	4.04577757345e-09
492.287568818	-7.98465417675e-07
492.601728083	-1.57346161675e-06
492.915887348	-2.04778613104e-06
493.230046614	-1.91879874564e-06
493.544205879	-1.35425670376e-06
493.858365144	-7.64575391797e-07
494.17252441	-3.86022218601e-07
494.486683675	-2.21272296271e-07
494.80084294	-1.53273038809e-07
495.115002206	-1.358792648e-07
495.429161471	-1.23340665965e-07
495.743320737	-1.11641981111e-07
496.057480002	-9.63488347328e-08
496.371639267	-6.08197330652e-08
496.685798533	-3.5625335341e-08
496.999957798	-1.66515288235e-08
497.314117063	-1.9725533595e-08
497.628276329	-2.19528508172e-08
497.942435594	4.07476952193e-09
498.256594859	5.99508018259e-08
498.570754125	1.85717593284e-07
498.88491339	3.70011739945e-07
499.199072655	6.11526096025e-07
499.513231921	9.61164696211e-07
499.827391186	1.42034133808e-06
500.141550452	1.82426466052e-06
500.455709717	1.94842860983e-06
500.769868982	1.7091618933e-06
501.084028248	1.17454168529e-06
501.398187513	4.27435873976e-07
501.712346778	-4.49100553117e-07
502.026506044	-1.31603813135e-06
502.340665309	-1.88469710739e-06
502.654824574	-1.87855679108e-06
502.96898384	-1.4993880978e-06
503.283143105	-1.11733676262e-06
503.59730237	-8.41010658421e-07
503.911461636	-6.58069989178e-07
504.225620901	-5.19290064015e-07
504.539780167	-4.22348287382e-07
504.853939432	-3.44482458334e-07
505.168098697	-2.77384742002e-07
505.482257963	-2.24226098234e-07
505.796417228	-1.31979795464e-07
506.110576493	-4.11267200187e-09
506.424735759	1.70255112419e-07
506.738895024	3.23329476705e-07
507.053054289	3.73661025097e-07
507.367213555	3.56252249059e-07
507.68137282	3.29543638445e-07
507.995532086	3.69323645353e-07
508.309691351	4.89660654117e-07
508.623850616	6.96765426763e-07
508.938009882	1.00266535109e-06
509.252169147	1.32554072602e-06
509.566328412	1.55984149952e-06
509.880487678	1.57836788361e-06
510.194646943	1.33548775869e-06
510.508806208	8.59300052669e-07
510.822965474	1.88724095771e-07
511.137124739	-6.17801034188e-07
511.451284004	-1.43348479438e-06
511.76544327	-1.97499707674e-06
512.079602535	-1.97594911583e-06
512.393761801	-1.54687561734e-06
512.707921066	-1.00982009857e-06
513.022080331	-5.60657899051e-07
513.336239597	-3.13063797938e-07
513.650398862	-2.20271368285e-07
513.964558127	-1.86899240802e-07
514.278717393	-1.58464129765e-07
514.592876658	-1.22220598866e-07
514.907035923	-9.1161066739e-08
515.221195189	-3.67307035867e-08
515.535354454	1.68072520145e-08
515.849513719	6.15103143658e-08
516.163672985	1.06781251519e-07
516.47783225	1.30715415942e-07
516.791991516	1.5615947633e-07
517.106150781	1.756108313e-07
517.420310046	2.30542925109e-07
517.734469312	3.61392673205e-07
518.048628577	5.66397566387e-07
518.362787842	8.62258858279e-07
518.676947108	1.21606558112e-06
518.991106373	1.55489031724e-06
519.305265638	1.70986887225e-06
519.619424904	1.56604122459e-06
519.933584169	1.12714614144e-06
520.247743435	4.60135797997e-07
520.5619027	-3.37068453043e-07
520.876061965	-1.14780487835e-06
521.190221231	-1.73462582519e-06
521.504380496	-1.81479384432e-06
521.818539761	-1.47798153447e-06
522.132699027	-1.08341452792e-06
522.446858292	-7.72472794009e-07
522.761017557	-5.55897999643e-07
523.075176823	-4.18107043771e-07
523.389336088	-3.38387705602e-07
523.703495353	-3.07827692943e-07
524.017654619	-2.94347918853e-07
524.331813884	-2.97332218908e-07
524.64597315	-2.56126209471e-07
524.960132415	-1.59288941899e-07
525.27429168	-2.6375474243e-08
525.588450946	1.44282173039e-07
525.902610211	2.72507838963e-07
526.216769476	3.33245147713e-07
526.530928742	3.50252735433e-07
526.845088007	3.97351237653e-07
527.159247272	5.3289564869e-07
527.473406538	7.54189401514e-07
527.787565803	1.05503466125e-06
528.101725068	1.35716205956e-06
528.415884334	1.57575845527e-06
528.730043599	1.61293085348e-06
529.044202865	1.4116666412e-06
529.35836213	9.97358614612e-07
529.672521395	3.95869171677e-07
529.986680661	-3.72717560251e-07
530.300839926	-1.23034532761e-06
530.614999191	-1.91702734114e-06
530.929158457	-2.09361119607e-06
531.243317722	-1.77092928552e-06
531.557476987	-1.27749583235e-06
531.871636253	-8.06360603052e-07
532.185795518	-4.49694630709e-07
532.499954784	-2.5203712534e-07
532.814114049	-1.56969241046e-07
533.128273314	-1.07151421012e-07
533.44243258	-5.49915639443e-08
533.756591845	4.72002379051e-10
534.07075111	4.81398794542e-08
534.384910376	8.96371438836e-08
534.699069641	1.1637858763e-07
535.013228906	1.47334842128e-07
535.327388172	1.70443038769e-07
535.641547437	1.91882297049e-07
535.955706702	2.14691378292e-07
536.269865968	2.33065200031e-07
536.584025233	3.04281789725e-07
536.898184499	4.53266397248e-07
537.212343764	7.01410765762e-07
537.526503029	1.01029139332e-06
537.840662295	1.31029396177e-06
538.15482156	1.49399299052e-06
538.468980825	1.4556818674e-06
538.783140091	1.17659645387e-06
539.097299356	6.60102102677e-07
539.411458621	-3.25403661487e-08
539.725617887	-7.93284688238e-07
540.039777152	-1.44683112467e-06
540.353936417	-1.71196861482e-06
540.668095683	-1.50982596981e-06
540.982254948	-1.14307744738e-06
541.296414214	-8.38182804289e-07
541.610573479	-6.12646610985e-07
541.924732744	-4.52405026237e-07
542.23889201	-3.57290524183e-07
542.553051275	-3.22538296054e-07
542.86721054	-3.20778874693e-07
543.181369806	-3.36472137029e-07
543.495529071	-3.54634850827e-07
543.809688336	-3.02990536671e-07
544.123847602	-1.75481123797e-07
544.438006867	-5.03801853689e-09
544.752166133	1.73465836586e-07
545.066325398	3.1753162384e-07
545.380484663	4.13750827536e-07
545.694643929	4.8553329743e-07
546.008803194	6.10535799975e-07
546.322962459	8.04017889366e-07
546.637121725	1.05470074212e-06
546.95128099	1.32816687383e-06
547.265440255	1.52766562186e-06
547.579599521	1.57167063989e-06
547.893758786	1.41516852832e-06
548.207918051	1.07212594948e-06
548.522077317	5.59514159458e-07
548.836236582	-1.12976305838e-07
549.150395848	-9.01058733813e-07
549.464555113	-1.67247001871e-06
549.778714378	-2.10043967288e-06
550.092873644	-1.97619367042e-06
550.407032909	-1.52840640978e-06
550.721192174	-1.03639724422e-06
551.03535144	-6.11448060716e-07
551.349510705	-3.01692936365e-07
551.66366997	-1.15835135226e-07
551.977829236	-1.2478888521e-08
552.291988501	4.53732791738e-08
552.606147766	8.3692441118e-08
552.920307032	1.06507589196e-07
553.234466297	1.19268725065e-07
553.548625563	1.14701920203e-07
553.862784828	1.05904446761e-07
554.176944093	1.09810000719e-07
554.491103359	1.18885037417e-07
554.805262624	1.45827248744e-07
555.119421889	1.89384504937e-07
555.433581155	2.65087912516e-07
555.74774042	3.92329594427e-07
556.061899685	5.89410251442e-07
556.376058951	8.65727926543e-07
556.690218216	1.13866458051e-06
557.004377482	1.34245088562e-06
557.318536747	1.40373750604e-06
557.632696012	1.26114468741e-06
557.946855278	9.12855602884e-07
558.261014543	3.58870314089e-07
558.575173808	-3.34766339356e-07
558.889333074	-1.05937920915e-06
559.203492339	-1.56914986291e-06
559.517651604	-1.61185932753e-06
559.83181087	-1.33263702033e-06
560.145970135	-1.01805997493e-06
560.4601294	-7.74960905373e-07
560.774288666	-5.95795352205e-07
561.088447931	-4.64577142259e-07
561.402607197	-3.84069102506e-07
561.716766462	-3.37267552237e-07
562.030925727	-3.18292401608e-07
562.345084993	-3.20352330112e-07
562.659244258	-3.1394301883e-07
562.973403523	-2.54326474146e-07
563.287562789	-1.11934919265e-07
563.601722054	8.68202238203e-08
563.915881319	2.83299562213e-07
564.230040585	4.36020733624e-07
564.54419985	5.40661543325e-07
564.858359115	6.42048398295e-07
565.172518381	7.89535653178e-07
565.486677646	9.78520848547e-07
565.800836912	1.20001433968e-06
566.114996177	1.39193899294e-06
566.429155442	1.46826051897e-06
566.743314708	1.37893010691e-06
567.057473973	1.11225662459e-06
567.371633238	7.02058075836e-07
567.685792504	1.47181737364e-07
567.999951769	-5.27612862602e-07
568.314111034	-1.24632700331e-06
568.6282703	-1.82894339055e-06
568.942429565	-1.98627034567e-06
569.256588831	-1.72530846743e-06
569.570748096	-1.28452249162e-06
569.884907361	-8.11171893379e-07
570.199066627	-4.16601481376e-07
570.513225892	-1.44554109951e-07
570.827385157	-8.72456619131e-10
571.141544423	7.87934708269e-08
571.455703688	1.1360815179e-07
571.769862953	1.0437554515e-07
572.084022219	9.17786056638e-08
572.398181484	7.21742773286e-08
572.712340749	5.08953053331e-08
573.026500015	3.51832505524e-08
573.34065928	3.35308335515e-08
573.654818546	6.12910593398e-08
573.968977811	1.13215665644e-07
574.283137076	2.14082023738e-07
574.597296342	3.75651688656e-07
574.911455607	5.78853623006e-07
575.225614872	8.16739328168e-07
575.539774138	1.04612889195e-06
575.853933403	1.22520839144e-06
576.168092668	1.33078840491e-06
576.482251934	1.30800810777e-06
576.796411199	1.10941170773e-06
577.110570464	6.98729537295e-07
577.42472973	8.89736961954e-08
577.738888995	-6.22610938109e-07
578.053048261	-1.29629008047e-06
578.367207526	-1.64363250157e-06
578.681366791	-1.54696924416e-06
578.995526057	-1.2537775464e-06
579.309685322	-9.66652783283e-07
579.623844587	-7.55350038113e-07
579.938003853	-5.89245257406e-07
580.252163118	-4.58216254953e-07
580.566322383	-3.54108708595e-07
580.880481649	-2.69771836659e-07
581.194640914	-2.32262713452e-07
581.50880018	-2.16424899913e-07
581.822959445	-2.06464718277e-07
582.13711871	-1.58005021038e-07
582.451277976	-2.63626552577e-08
582.765437241	1.68263626688e-07
583.079596506	3.68217885758e-07
583.393755772	4.96079851147e-07
583.707915037	5.8229478752e-07
584.022074302	6.91080147464e-07
584.336233568	8.45791792186e-07
584.650392833	1.03629771941e-06
584.964552098	1.22563638203e-06
585.278711364	1.34217036527e-06
585.592870629	1.32772948913e-06
585.907029895	1.16274541641e-06
586.22118916	8.60256773234e-07
586.535348425	4.41781650877e-07
586.849507691	-9.99922086428e-08
587.163666956	-7.33991147284e-07
587.477826221	-1.36534665618e-06
587.791985487	-1.77460518243e-06
588.106144752	-1.77682854216e-06
588.420304017	-1.49688123907e-06
588.734463283	-1.10800000807e-06
589.048622548	-6.88093370293e-07
589.362781813	-3.19483318575e-07
589.676941079	-8.60238988159e-08
589.991100344	1.00676109433e-08
590.30525961	4.95926927062e-08
590.619418875	5.85881225409e-08
590.93357814	5.74960119649e-08
591.247737406	4.55607574217e-08
591.561896671	2.21459803098e-08
591.876055936	1.90384029746e-08
592.190215202	2.15694279298e-08
592.504374467	3.81704733074e-08
592.818533732	8.34691593445e-08
593.132692998	1.79034688373e-07
593.446852263	3.36576216037e-07
593.761011529	5.41621235026e-07
594.075170794	7.80270405344e-07
594.389330059	1.0026197368e-06
594.703489325	1.14414029808e-06
595.01764859	1.19555986776e-06
595.331807855	1.20188684918e-06
595.645967121	1.14068294297e-06
595.960126386	9.20704550125e-07
596.274285651	4.62067990263e-07
596.588444917	-1.87116092972e-07
596.902604182	-8.84111920136e-07
597.216763447	-1.44066423957e-06
597.530922713	-1.61975342054e-06
597.845081978	-1.43544115562e-06
598.159241244	-1.13214830427e-06
598.473400509	-8.73719540105e-07
598.787559774	-6.8153541655e-07
599.10171904	-5.16866084923e-07
599.415878305	-3.80581350766e-07
599.73003757	-2.61757167705e-07
600.044196836	-1.77213224823e-07
600.358356101	-1.34671138326e-07
600.672515366	-1.30696057348e-07
600.986674632	-1.50057115468e-07
601.300833897	-1.20068295748e-07
601.614993162	-1.559119216e-08
601.929152428	1.6601363309e-07
602.243311693	3.58701177806e-07
602.557470959	4.76403892118e-07
602.871630224	5.63070521219e-07
603.185789489	6.80903066388e-07
603.499948755	8.62928055691e-07
603.81410802	1.07575285168e-06
604.128267285	1.25203109107e-06
604.442426551	1.3186710799e-06
604.756585816	1.24026453962e-06
605.070745081	1.04173997733e-06
605.384904347	7.34565056096e-07
605.699063612	3.08988298727e-07
606.013222878	-2.2416491766e-07
606.327382143	-8.24487077548e-07
606.641541408	-1.38755210457e-06
606.955700674	-1.70150582096e-06
607.269859939	-1.64765395309e-06
607.584019204	-1.37215695485e-06
607.89817847	-1.03998902372e-06
608.212337735	-6.7846839545e-07
608.526497	-3.2991060222e-07
608.840656266	-1.10516475413e-07
609.154815531	-2.74962640432e-08
609.468974796	-8.11027807577e-10
609.783134062	1.90896332957e-08
610.097293327	5.34972158483e-08
610.411452593	6.80029358758e-08
610.725611858	7.16864705007e-08
611.039771123	7.65457349745e-08
611.353930389	8.29592877939e-08
611.668089654	1.09693911259e-07
611.982248919	1.6018084736e-07
612.296408185	2.71787659725e-07
612.61056745	4.35061289483e-07
612.924726715	6.36906516589e-07
613.238885981	8.62088199548e-07
613.553045246	1.03683222393e-06
613.867204511	1.10941802017e-06
614.181363777	1.07866137546e-06
614.495523042	1.01662467038e-06
614.809682308	9.25277323304e-07
615.123841573	6.97472742583e-07
615.438000838	2.60672517369e-07
615.752160104	-3.58631482838e-07
616.066319369	-9.92920615554e-07
616.380478634	-1.42271898113e-06
616.6946379	-1.49436460002e-06
617.008797165	-1.2675524293e-06
617.32295643	-9.74268111148e-07
617.637115696	-7.48401926031e-07
617.951274961	-5.79107218348e-07
618.265434227	-4.38484914008e-07
618.579593492	-3.16922126437e-07
618.893752757	-2.20358492169e-07
619.207912023	-1.6048183658e-07
619.522071288	-1.26147074072e-07
619.836230553	-1.39446224246e-07
620.150389819	-1.67779423365e-07
620.464549084	-1.45887782592e-07
620.778708349	-5.60072962879e-08
621.092867615	1.16355584727e-07
621.40702688	3.12677367871e-07
621.721186145	4.66547457762e-07
622.035345411	5.84246409624e-07
622.349504676	7.21365959555e-07
622.663663942	9.25594385099e-07
622.977823207	1.13875783428e-06
623.291982472	1.29475061934e-06
623.606141738	1.32923836189e-06
623.920301003	1.21324986185e-06
624.234460268	9.90978751246e-07
624.548619534	6.61881145185e-07
624.862778799	2.29433874516e-07
625.176938064	-2.9837477561e-07
625.49109733	-8.83158791143e-07
625.805256595	-1.40834893286e-06
626.11941586	-1.68574310836e-06
626.433575126	-1.6079055364e-06
626.747734391	-1.32880516788e-06
627.061893657	-1.02817617514e-06
627.376052922	-7.00980461645e-07
627.690212187	-3.67731456926e-07
628.004371453	-1.23680994193e-07
628.318530718	-1.22526593448e-08
