0.314159265359	-1.29688644697e-08
0.628318530718	-9.67325359212e-08
0.942477796077	-3.10545263728e-07
1.25663706144	-5.33907722528e-07
1.57079632679	-6.07922099663e-07
1.88495559215	-6.47316570989e-07
2.19911485751	-7.042466056e-07
2.51327412287	-7.26790776843e-07
2.82743338823	-7.37292394172e-07
3.14159265359	-7.52315117481e-07
3.45575191895	-7.11901634838e-07
3.76991118431	-6.44984524927e-07
4.08407044967	-5.91626093852e-07
4.39822971503	-5.54274020787e-07
4.71238898039	-5.09134613427e-07
5.02654824574	-4.73874260757e-07
5.3407075111	-4.61685986335e-07
5.65486677646	-4.49876738345e-07
5.96902604182	-4.38812600259e-07
6.28318530718	-4.2881921135e-07
6.59734457254	-4.26939443336e-07
6.9115038379	-4.30676491255e-07
7.22566310326	-4.32608690977e-07
7.53982236862	-4.32044361704e-07
7.85398163398	-4.3510210745e-07
8.16814089933	-4.42445165214e-07
8.48230016469	-4.46771047049e-07
8.79645943005	-4.52826146166e-07
9.11061869541	-4.5816569083e-07
9.42477796077	-4.69621518588e-07
9.73893722613	-4.80249771615e-07
0.314159265359	-1.29688644697e-08
0.628318530718	-9.67325359212e-08
0.942477796077	-3.10545263728e-07
1.25663706144	-5.33907722528e-07
1.57079632679	-6.07922099663e-07
1.88495559215	-6.47316570989e-07
2.19911485751	-7.042466056e-07
2.51327412287	-7.26790776843e-07
2.82743338823	-7.37292394172e-07
3.14159265359	-7.52315117481e-07
3.45575191895	-7.11901634838e-07
3.76991118431	-6.44984524927e-07
4.08407044967	-5.91626093852e-07
4.39822971503	-5.54274020787e-07
4.71238898039	-5.09134613427e-07
5.02654824574	-4.73874260757e-07
5.3407075111	-4.61685986335e-07
5.65486677646	-4.49876738345e-07
5.96902604182	-4.38812600259e-07
6.28318530718	-4.2881921135e-07
6.59734457254	-4.26939443336e-07
6.9115038379	-4.30676491255e-07
7.22566310326	-4.32608690977e-07
7.53982236862	-4.32044361704e-07
7.85398163398	-4.3510210745e-07
8.16814089933	-4.42445165214e-07
8.48230016469	-4.46771047049e-07
8.79645943005	-4.52826146166e-07
9.11061869541	-4.5816569083e-07
9.42477796077	-4.69621518588e-07
9.73893722613	-4.80249771615e-07
10.0530964915	-4.94840911346e-07
10.3672557568	-5.02588386764e-07
10.6814150222	-5.08682100416e-07
10.9955742876	-5.18963496064e-07
11.3097335529	-5.18260701784e-07
11.6238928183	-5.26895702084e-07
11.9380520836	-5.16451252784e-07
12.252211349	-5.04528287773e-07
12.5663706144	-5.11541368759e-07
12.8805298797	-5.0863609138e-07
13.1946891451	-4.99912310765e-07
13.5088484104	-5.06171860969e-07
13.8230076758	-5.15067161869e-07
14.1371669412	-5.26371740869e-07
14.4513262065	-5.48209368155e-07
14.7654854719	-5.64847007513e-07
15.0796447372	-5.8346909456e-07
15.3938040026	-6.0429247618e-07
15.707963268	-6.05924523643e-07
16.0221225333	-5.79940737042e-07
16.3362817987	-5.28853820169e-07
16.650441064	-4.6428486016e-07
16.9646003294	-3.83121106233e-07
17.2787595947	-2.99134972763e-07
17.5929188601	-2.15616650497e-07
17.9070781255	-1.44826356486e-07
18.2212373908	-1.06406479936e-07
18.5353966562	-8.52002220756e-08
18.8495559215	-6.43218498167e-08
19.1637151869	-3.02528742119e-08
19.4778744523	9.83216272476e-09
19.7920337176	3.19920188043e-08
20.106192983	6.41896361879e-08
20.4203522483	1.25370277227e-07
20.7345115137	1.77473587667e-07
21.0486707791	2.2005820979e-07
21.3628300444	2.72102848665e-07
21.6769893098	3.29252956516e-07
21.9911485751	3.97688161652e-07
22.3053078405	4.4926640508e-07
22.6194671058	4.62675715624e-07
22.9336263712	4.55369714953e-07
23.2477856366	4.65461443709e-07
23.5619449019	5.11469096617e-07
23.8761041673	5.47350065331e-07
24.1902634326	5.2287711359e-07
24.504422698	4.07530428939e-07
24.8185819634	1.12282846018e-07
25.1327412287	-4.0200887048e-07
25.4469004941	-9.78324498922e-07
25.7610597594	-1.38886666612e-06
26.0752190248	-1.56212819082e-06
26.3893782902	-1.56762368244e-06
26.7035375555	-1.5104046643e-06
27.0176968209	-1.42531254973e-06
27.3318560862	-1.32847965336e-06
27.6460153516	-1.24326288097e-06
27.960174617	-1.18207838587e-06
28.2743338823	-1.13374244279e-06
28.5884931477	-1.08281480857e-06
28.902652413	-1.01788381464e-06
29.2168116784	-9.44382087168e-07
29.5309709437	-8.68884239632e-07
29.8451302091	-7.8569574758e-07
30.1592894745	-6.98977103787e-07
30.4734487398	-6.18756923471e-07
30.7876080052	-5.60991638719e-07
31.1017672705	-5.26077422322e-07
31.4159265359	-5.14304653543e-07
31.7300858013	-5.25626967129e-07
32.0442450666	-5.53052720118e-07
32.358404332	-5.83531994463e-07
32.6725635973	-6.1225453382e-07
32.9867228627	-6.42928749242e-07
33.3008821281	-6.66977089271e-07
33.6150413934	-6.83979144923e-07
33.9292006588	-6.94279831861e-07
34.2433599241	-6.96602492261e-07
34.5575191895	-6.92469981178e-07
34.8716784548	-6.88215352607e-07
35.1858377202	-6.89622413908e-07
35.4999969856	-6.94902174458e-07
35.8141562509	-7.0700728656e-07
36.1283155163	-7.27826593918e-07
36.4424747816	-7.50893164556e-07
36.756634047	-7.6611786558e-07
37.0707933124	-7.67211573125e-07
37.3849525777	-7.61084411115e-07
37.6991118431	-7.42099628817e-07
38.0132711084	-7.19727959391e-07
38.3274303738	-7.06331234707e-07
38.6415896392	-6.98203172397e-07
38.9557489045	-6.95922337835e-07
39.2699081699	-7.01623810353e-07
39.5840674352	-7.11480812294e-07
39.8982267006	-7.15170125613e-07
40.212385966	-7.16575388962e-07
40.5265452313	-7.090719791e-07
40.8407044967	-6.89849193302e-07
41.154863762	-6.66265831432e-07
41.4690230274	-6.29414124632e-07
41.7831822927	-5.84469467509e-07
42.0973415581	-5.34378748552e-07
42.4115008235	-4.74453016312e-07
42.7256600888	-4.06485791581e-07
43.0398193542	-3.32126028743e-07
43.3539786195	-2.47272214611e-07
43.6681378849	-1.48513858025e-07
43.9822971503	-3.58028205367e-08
44.2964564156	1.02202212717e-07
44.610615681	2.65334016169e-07
44.9247749463	4.45775160155e-07
45.2389342117	6.33326018636e-07
45.5530934771	7.94761384204e-07
45.8672527424	8.49736457139e-07
46.1814120078	6.46698294266e-07
46.4955712731	2.27970377653e-08
46.8097305385	-1.01241522006e-06
47.1238898039	-2.06393260589e-06
47.4380490692	-2.60293288993e-06
47.7522083346	-2.52104117131e-06
48.0663675999	-2.10155638781e-06
48.3805268653	-1.62631938283e-06
48.6946861306	-1.22014920318e-06
49.008845396	-9.20125585394e-07
49.3230046614	-7.23029422989e-07
49.6371639267	-6.13885567697e-07
49.9513231921	-5.87847424474e-07
50.2654824574	-6.28775288902e-07
50.5796417228	-7.15435491554e-07
50.8938009882	-8.23605257187e-07
51.2079602535	-9.36185685286e-07
51.5221195189	-1.03369643544e-06
51.8362787842	-1.10865986024e-06
52.1504380496	-1.16013073485e-06
52.464597315	-1.17904402769e-06
52.7787565803	-1.16985791618e-06
53.0929158457	-1.13098232842e-06
53.407075111	-1.06800219217e-06
53.7212343764	-9.93386404993e-07
54.0353936417	-9.2294859898e-07
54.3495529071	-8.64195279847e-07
54.6637121725	-8.17934662973e-07
54.9778714378	-7.95381683548e-07
55.2920307032	-7.92043601488e-07
55.6061899685	-8.03383693661e-07
55.9203492339	-8.20251664814e-07
56.2345084993	-8.26867745693e-07
56.5486677646	-8.18014025547e-07
56.86282703	-7.93284015162e-07
57.1769862953	-7.62081922798e-07
57.4911455607	-7.34954219053e-07
57.8053048261	-7.27768274862e-07
58.1194640914	-7.42901117501e-07
58.4336233568	-7.83095951321e-07
58.7477826221	-8.40144288363e-07
59.0619418875	-8.88382790377e-07
59.3761011529	-9.16773166651e-07
59.6902604182	-9.09900162475e-07
60.0044196836	-8.72616389644e-07
60.3185789489	-8.18654589625e-07
60.6327382143	-7.61733615595e-07
60.9468974796	-7.13923293137e-07
61.261056745	-6.79951362237e-07
61.5752160104	-6.66646344811e-07
61.8893752757	-6.64376063198e-07
62.2035345411	-6.75186698582e-07
62.5176938064	-6.91937697852e-07
62.8318530718	-7.13555161987e-07
63.1460123372	-7.33742892388e-07
63.4601716025	-7.32675982013e-07
63.7743308679	-7.07809819064e-07
64.0884901332	-6.48745082365e-07
64.4026493986	-5.54821188355e-07
64.716808664	-4.25029986885e-07
65.0309679293	-2.64393089905e-07
65.3451271947	-6.97232966595e-08
65.65928646	1.62415976871e-07
65.9734457254	4.25167216507e-07
66.2876049907	7.2346765445e-07
66.6017642561	1.0210611691e-06
66.9159235215	1.24620705597e-06
67.2300827868	1.23584328409e-06
67.5442420522	7.25814596037e-07
67.8584013175	-4.99783802153e-07
68.1725605829	-2.24748999553e-06
68.4867198483	-3.71538363976e-06
68.8008791136	-4.19706398543e-06
69.115038379	-3.80180754886e-06
69.4291976443	-3.07548255545e-06
69.7433569097	-2.36551661699e-06
70.0575161751	-1.77463562179e-06
70.3716754404	-1.31549006468e-06
70.6858347058	-9.63500140706e-07
70.9999939711	-7.13672833395e-07
71.3141532365	-5.58038209626e-07
71.6283125019	-5.08010167705e-07
71.9424717672	-5.65451614207e-07
72.2566310326	-7.31459297857e-07
72.5707902979	-1.0115944384e-06
72.8849495633	-1.37468830535e-06
73.1991088286	-1.76600033063e-06
73.513268094	-2.0696764412e-06
73.8274273594	-2.20568417349e-06
74.1415866247	-2.16532594264e-06
74.4557458901	-2.00347389544e-06
74.7699051554	-1.79925459665e-06
75.0840644208	-1.59709597706e-06
75.3982236862	-1.43021688843e-06
75.7123829515	-1.30055104081e-06
76.0265422169	-1.21789877611e-06
76.3407014822	-1.17175301084e-06
76.6548607476	-1.15353482304e-06
76.969020013	-1.16125739605e-06
77.2831792783	-1.17453728251e-06
77.5973385437	-1.19553659985e-06
77.911497809	-1.21302767394e-06
78.2256570744	-1.22699377832e-06
78.5398163398	-1.23446670686e-06
78.8539756051	-1.24121970705e-06
79.1681348705	-1.25213077915e-06
79.4822941358	-1.26746491833e-06
79.7964534012	-1.29916200742e-06
80.1106126665	-1.33175509698e-06
80.4247719319	-1.37072212899e-06
80.7389311973	-1.403130447e-06
81.0530904626	-1.40805496711e-06
81.367249728	-1.37673766312e-06
81.6814089933	-1.30651624742e-06
81.9955682587	-1.21970531993e-06
82.3097275241	-1.1228507637e-06
82.6238867894	-1.04006784878e-06
82.9380460548	-9.79880318318e-07
83.2522053201	-9.54149707015e-07
83.5663645855	-9.6599484452e-07
83.8805238509	-1.00482138763e-06
84.1946831162	-1.06219454934e-06
84.5088423816	-1.10507543526e-06
84.8230016469	-1.11020038366e-06
85.1371609123	-1.04551258964e-06
85.4513201776	-9.01345548762e-07
85.765479443	-6.72814689746e-07
86.0796387084	-3.63930582554e-07
86.3937979737	1.70302184665e-08
86.7079572391	4.74753387563e-07
87.0221165044	9.80746441379e-07
87.3362757698	1.47982661154e-06
87.6504350352	1.79901255013e-06
87.9645943005	1.60893976215e-06
88.2787535659	4.99761663604e-07
88.5929128312	-1.63868538325e-06
88.9070720966	-4.06764222694e-06
89.221231362	-5.49861291527e-06
89.5353906273	-5.45362974624e-06
89.8495498927	-4.59053672553e-06
90.163709158	-3.58525820915e-06
90.4778684234	-2.7070678053e-06
90.7920276888	-1.99883642631e-06
91.1061869541	-1.42724248685e-06
91.4203462195	-9.67228693145e-07
91.7345054848	-5.91951509358e-07
92.0486647502	-2.80354277781e-07
92.3628240155	-2.89237475763e-08
92.6769832809	1.34889169331e-07
92.9911425463	1.71553681319e-07
93.3053018116	1.40551319878e-08
93.619461077	-4.34695541115e-07
93.9336203423	-1.23504184997e-06
94.2477796077	-2.29552341339e-06
94.5619388731	-3.26103276393e-06
94.8760981384	-3.70317304923e-06
95.1902574038	-3.52472928206e-06
95.5044166691	-2.99905297937e-06
95.8185759345	-2.41191077344e-06
96.1327351999	-1.8961458994e-06
96.4468944652	-1.48666670057e-06
96.7610537306	-1.18914621184e-06
97.0752129959	-1.00869211862e-06
97.3893722613	-9.28365060109e-07
97.7035315266	-9.41316862412e-07
98.017690792	-1.03180195829e-06
98.3318500574	-1.16567360556e-06
98.6460093227	-1.30896523815e-06
98.9601685881	-1.42387287162e-06
99.2743278534	-1.48881578621e-06
99.5884871188	-1.49998558277e-06
99.9026463842	-1.49135317506e-06
100.21680565	-1.48010233459e-06
100.530964915	-1.47903641556e-06
100.84512418	-1.50017375362e-06
101.159283446	-1.53209684719e-06
101.473442711	-1.55991255198e-06
101.787601976	-1.55999614278e-06
102.101761242	-1.52040935112e-06
102.415920507	-1.43014527164e-06
102.730079772	-1.30013961798e-06
103.044239038	-1.14735781194e-06
103.358398303	-9.88838048856e-07
103.672557568	-8.45445605433e-07
103.986716834	-7.20996903087e-07
104.300876099	-6.29645184816e-07
104.615035365	-5.63400612382e-07
104.92919463	-5.1298352152e-07
105.243353895	-4.63245888701e-07
105.557513161	-3.79962108211e-07
105.871672426	-2.20867308598e-07
106.185831691	5.81297499298e-08
106.499990957	4.66969876617e-07
106.814150222	9.83375742677e-07
107.128309487	1.4877914819e-06
107.442468753	1.74177405609e-06
107.756628018	1.41862801564e-06
108.070787283	2.40812220652e-07
108.384946549	-1.74153868693e-06
108.699105814	-3.93531742798e-06
109.01326508	-5.4015046288e-06
109.327424345	-5.63556879261e-06
109.64158361	-4.96135916927e-06
109.955742876	-3.99377231315e-06
110.269902141	-3.08480271226e-06
110.584061406	-2.32592302399e-06
110.898220672	-1.7123064829e-06
111.212379937	-1.19478609654e-06
111.526539202	-7.44890889509e-07
111.840698468	-3.34682413989e-07
112.154857733	5.35647625824e-08
112.469016999	4.28465761248e-07
112.783176264	7.80397300015e-07
113.097335529	1.04856963685e-06
113.411494795	1.11792397723e-06
113.72565406	7.933246345e-07
114.039813325	-6.09133419525e-08
114.353972591	-1.37301517191e-06
114.668131856	-2.79271223968e-06
114.982291121	-3.85755675992e-06
115.296450387	-4.26888702565e-06
115.610609652	-4.02375659732e-06
115.924768917	-3.40065358795e-06
116.238928183	-2.68745209044e-06
116.553087448	-2.04631368047e-06
116.867246714	-1.5096261471e-06
117.181405979	-1.07000156725e-06
117.495565244	-7.32809577661e-07
117.80972451	-4.92717367959e-07
118.123883775	-3.5842166266e-07
118.43804304	-3.16647150485e-07
118.752202306	-3.69326897001e-07
119.066361571	-5.11639558402e-07
119.380520836	-7.36503156109e-07
119.694680102	-1.03423784664e-06
120.008839367	-1.36802984179e-06
120.322998632	-1.70164559963e-06
120.637157898	-1.96097882376e-06
120.951317163	-2.09898402712e-06
121.265476429	-2.09832798621e-06
121.579635694	-1.98610528088e-06
121.893794959	-1.81688516552e-06
122.207954225	-1.62615027366e-06
122.52211349	-1.44773653347e-06
122.836272755	-1.27321370037e-06
123.150432021	-1.10154833531e-06
123.464591286	-9.21836808407e-07
123.778750551	-7.21920464841e-07
124.092909817	-4.96909272773e-07
124.407069082	-2.45793508529e-07
124.721228348	2.40235404067e-08
125.035387613	3.36676250276e-07
125.349546878	6.8812544843e-07
125.663706144	1.09225686018e-06
125.977865409	1.56132714654e-06
126.292024674	2.04173182041e-06
126.60618394	2.37629220015e-06
126.920343205	2.2361003832e-06
127.23450247	1.21535438016e-06
127.548661736	-8.69391372573e-07
127.862821001	-3.5368511812e-06
128.176980266	-5.74004661887e-06
128.491139532	-6.61162372874e-06
128.805298797	-6.17986026674e-06
129.119458063	-5.13373417328e-06
129.433617328	-4.03501145803e-06
129.747776593	-3.105273789e-06
130.061935859	-2.35261698015e-06
130.376095124	-1.74168307018e-06
130.690254389	-1.2342464395e-06
131.004413655	-7.93937547096e-07
131.31857292	-4.01614586119e-07
131.632732185	-2.89375583852e-08
131.946891451	3.31955011793e-07
132.261050716	6.95838208427e-07
132.575209981	1.03920457264e-06
132.889369247	1.31058223621e-06
133.203528512	1.4157721259e-06
133.517687778	1.18929674008e-06
133.831847043	4.76510445457e-07
134.146006308	-7.51790663251e-07
134.460165574	-2.24303536318e-06
134.774324839	-3.54061764456e-06
135.088484104	-4.25807107614e-06
135.40264337	-4.32582213793e-06
135.716802635	-3.93217855087e-06
136.0309619	-3.3106849001e-06
136.345121166	-2.6488262983e-06
136.659280431	-2.02843940633e-06
136.973439697	-1.49136577459e-06
137.287598962	-1.04597957744e-06
137.601758227	-6.77130658057e-07
137.915917493	-3.7880431962e-07
138.230076758	-1.5053961682e-07
138.544236023	-5.26671385629e-09
138.858395289	6.31594711412e-08
139.172554554	4.27942717372e-08
139.486713819	-6.9220480004e-08
139.800873085	-2.7580672686e-07
140.11503235	-5.94629870228e-07
140.429191615	-1.02997961163e-06
140.743350881	-1.55873334549e-06
141.057510146	-2.10525496295e-06
141.371669412	-2.56151780546e-06
141.685828677	-2.7843299149e-06
141.999987942	-2.69287307648e-06
142.314147208	-2.33668333809e-06
142.628306473	-1.84242386907e-06
142.942465738	-1.31996713779e-06
143.256625004	-8.22281254211e-07
143.570784269	-3.66324580226e-07
143.884943534	7.3958575275e-08
144.1991028	5.18073691391e-07
144.513262065	9.95293122785e-07
144.82742133	1.51665850314e-06
145.141580596	2.05175476218e-06
145.455739861	2.4791427669e-06
145.769899127	2.52584731665e-06
146.084058392	1.85286953734e-06
146.398217657	2.63659691683e-07
146.712376923	-1.97847140707e-06
147.026536188	-4.20136086213e-06
147.340695453	-5.73143909656e-06
147.654854719	-6.27345116084e-06
147.969013984	-5.96601621833e-06
148.283173249	-5.1535435605e-06
148.597332515	-4.19102682495e-06
148.91149178	-3.28203068237e-06
149.225651046	-2.50779322539e-06
149.539810311	-1.86958270008e-06
149.853969576	-1.337644473e-06
150.168128842	-8.87444334521e-07
150.482288107	-4.87335405917e-07
150.796447372	-1.33418707807e-07
151.110606638	1.90555526001e-07
151.424765903	4.80850183393e-07
151.738925168	7.33839790795e-07
152.053084434	9.36100359476e-07
152.367243699	1.05675603143e-06
152.681402964	1.06264163842e-06
152.99556223	8.92051680936e-07
153.309721495	4.98262188088e-07
153.623880761	-1.7431005723e-07
153.938040026	-1.12448058544e-06
154.252199291	-2.24286442538e-06
154.566358557	-3.29545777179e-06
154.880517822	-3.99300421391e-06
155.194677087	-4.18761632405e-06
155.508836353	-3.92467663865e-06
155.822995618	-3.39694203916e-06
156.137154883	-2.76716936728e-06
156.451314149	-2.14373239887e-06
156.765473414	-1.58758533537e-06
157.079632679	-1.10664245823e-06
157.393791945	-7.07754044462e-07
157.70795121	-3.80985854605e-07
158.022110476	-1.32852729456e-07
158.336269741	5.94672871915e-08
158.650429006	1.99451673542e-07
158.964588272	2.74719831663e-07
159.278747537	2.85019694529e-07
159.592906802	2.0511882313e-07
159.907066068	6.46190600672e-09
160.221225333	-3.6291267935e-07
160.535384598	-9.00338192609e-07
160.849543864	-1.53686024374e-06
161.163703129	-2.10760094459e-06
161.477862395	-2.41840908199e-06
161.79202166	-2.39165033967e-06
162.106180925	-2.06444205274e-06
162.420340191	-1.54320990622e-06
162.734499456	-8.99103142166e-07
163.048658721	-2.0453572409e-07
163.362817987	4.95336114881e-07
163.676977252	1.16344155732e-06
163.991136517	1.71800882851e-06
164.305295783	2.07401031238e-06
164.619455048	2.11532424176e-06
164.933614313	1.70155584779e-06
165.247773579	6.75126538535e-07
165.561932844	-9.7285757998e-07
165.87609211	-2.96320170586e-06
166.190251375	-4.77710152461e-06
166.50441064	-5.90482739485e-06
166.818569906	-6.16583044345e-06
167.132729171	-5.72045771512e-06
167.446888436	-4.90059219783e-06
167.761047702	-3.97911467222e-06
168.075206967	-3.11849263215e-06
168.389366232	-2.38668054374e-06
168.703525498	-1.77192460703e-06
169.017684763	-1.26106033486e-06
169.331844029	-8.31622530819e-07
169.646003294	-4.71057653148e-07
169.960162559	-1.5678365732e-07
170.274321825	1.1592294463e-07
170.58848109	3.4278730716e-07
170.902640355	5.33731960639e-07
171.216799621	6.77395544836e-07
171.530958886	7.73759180619e-07
171.845118151	8.0397671758e-07
172.159277417	7.54138061524e-07
172.473436682	5.96613674878e-07
172.787595947	2.96365824427e-07
173.101755213	-1.81461687605e-07
173.415914478	-8.86290217587e-07
173.730073744	-1.79676564904e-06
174.044233009	-2.78268482427e-06
174.358392274	-3.59418702348e-06
174.67255154	-4.00066488269e-06
174.986710805	-3.93732763853e-06
175.30087007	-3.52392948161e-06
175.615029336	-2.95295098309e-06
175.929188601	-2.34549283193e-06
176.243347866	-1.77058519398e-06
176.557507132	-1.25694445487e-06
176.871666397	-8.14386613375e-07
177.185825662	-4.35969426001e-07
177.499984928	-1.25314310518e-07
177.814144193	1.01441973002e-07
178.128303459	2.55432365939e-07
178.442462724	3.38416650179e-07
178.756621989	3.51451375489e-07
179.070781255	2.97693896817e-07
179.38494052	1.8709979319e-07
179.699099785	1.72566623499e-08
180.013259051	-1.95926536446e-07
180.327418316	-4.19105281299e-07
180.641577581	-6.3533879058e-07
180.955736847	-8.02463519848e-07
181.269896112	-8.73457961258e-07
181.584055378	-8.11224473682e-07
181.898214643	-6.27377508329e-07
182.212373908	-3.90527952323e-07
182.526533174	-1.86811976297e-07
182.840692439	-7.8543260533e-08
183.154851704	-7.62038154832e-08
183.46901097	-1.97041112826e-07
183.783170235	-4.77525555674e-07
184.0973295	-9.71809056969e-07
184.411488766	-1.71177118413e-06
184.725648031	-2.67489445561e-06
185.039807296	-3.7164203691e-06
185.353966562	-4.54546444658e-06
185.668125827	-4.91895077658e-06
185.982285093	-4.78534374901e-06
186.296444358	-4.30135360284e-06
186.610603623	-3.66994578178e-06
186.924762889	-3.01008763205e-06
187.238922154	-2.38780840253e-06
187.553081419	-1.8325823806e-06
187.867240685	-1.35112064991e-06
188.18139995	-9.32593355863e-07
188.495559215	-5.8226877726e-07
188.809718481	-2.94022268886e-07
189.123877746	-4.59687400136e-08
189.438037011	1.60176423581e-07
189.752196277	3.28013000306e-07
190.066355542	4.62200905079e-07
190.380514808	5.60011882624e-07
190.694674073	6.02486762533e-07
191.008833338	5.92565696746e-07
191.322992604	5.21542223117e-07
191.637151869	3.63845677219e-07
191.951311134	1.16220115353e-07
192.2654704	-2.25192216748e-07
192.579629665	-6.79777807519e-07
192.89378893	-1.27650039573e-06
193.207948196	-1.97998490375e-06
193.522107461	-2.70438684256e-06
193.836266727	-3.29279952514e-06
194.150425992	-3.56514157956e-06
194.464585257	-3.48002246325e-06
194.778744523	-3.13397177583e-06
195.092903788	-2.67034403343e-06
195.407063053	-2.16682736268e-06
195.721222319	-1.67320332756e-06
196.035381584	-1.21365943138e-06
196.349540849	-7.88891261003e-07
196.663700115	-4.16889204047e-07
196.97785938	-9.81606526339e-08
197.292018645	1.55179159889e-07
197.606177911	3.41272070195e-07
197.920337176	4.54808510729e-07
198.234496442	5.17447729759e-07
198.548655707	5.49633576924e-07
198.862814972	5.50541448257e-07
199.176974238	5.47967170347e-07
199.491133503	5.48208983672e-07
199.805292768	5.63692704864e-07
200.119452034	5.97460088618e-07
200.433611299	6.39860269406e-07
200.747770564	6.59598873731e-07
201.06192983	5.92143695662e-07
201.376089095	3.72443047639e-07
201.69024836	-7.44866868435e-08
202.004407626	-7.7081668726e-07
202.318566891	-1.68092533096e-06
202.632726157	-2.68907367444e-06
202.946885422	-3.64430907455e-06
203.261044687	-4.4204097871e-06
203.575203953	-4.92577131307e-06
203.889363218	-5.14913350016e-06
204.203522483	-5.0991867655e-06
204.517681749	-4.80024572207e-06
204.831841014	-4.30465209262e-06
205.146000279	-3.71104654198e-06
205.460159545	-3.11745644993e-06
205.77431881	-2.57208541451e-06
206.088478076	-2.09401906239e-06
206.402637341	-1.66596231726e-06
206.716796606	-1.28545724097e-06
207.030955872	-9.44145590336e-07
207.345115137	-6.38790364408e-07
207.659274402	-3.77372674689e-07
207.973433668	-1.54994888181e-07
208.287592933	2.32310378033e-08
208.601752198	1.67056388975e-07
208.915911464	2.82175748136e-07
209.230070729	3.70362713864e-07
209.544229994	4.15077988657e-07
209.85838926	4.13025655106e-07
210.172548525	3.57946344335e-07
210.486707791	2.31588018606e-07
210.800867056	3.40827058702e-08
211.115026321	-2.41949711704e-07
211.429185587	-5.8422033165e-07
211.743344852	-9.772122947e-07
212.057504117	-1.38731581876e-06
212.371663383	-1.78974573628e-06
212.685822648	-2.17337670105e-06
212.999981913	-2.50605960983e-06
213.314141179	-2.75004941607e-06
213.628300444	-2.84729600228e-06
213.942459709	-2.76949759527e-06
214.256618975	-2.53044925971e-06
214.57077824	-2.20064474001e-06
214.884937506	-1.83568898233e-06
215.199096771	-1.44688895929e-06
215.513256036	-1.05869977956e-06
215.827415302	-6.74938463934e-07
216.141574567	-3.09185379181e-07
216.455733832	3.47047140414e-08
216.769893098	3.4368657822e-07
217.084052363	6.05856052809e-07
217.398211628	8.17610010404e-07
217.712370894	9.73604164639e-07
218.026530159	1.09093236083e-06
218.340689425	1.16609881239e-06
218.65484869	1.1975158299e-06
218.969007955	1.16867694353e-06
219.283167221	1.06435443185e-06
219.597326486	8.65254491986e-07
219.911485751	5.44842506699e-07
220.225645017	1.03579630313e-07
220.539804282	-4.67436568766e-07
220.853963547	-1.14821930025e-06
221.168122813	-1.9118311477e-06
221.482282078	-2.72096283455e-06
221.796441343	-3.52621853869e-06
222.110600609	-4.26200388978e-06
222.424759874	-4.84095637845e-06
222.73891914	-5.2002531249e-06
223.053078405	-5.28315869873e-06
223.36723767	-5.08308798014e-06
223.681396936	-4.62687362974e-06
223.995556201	-3.9939367164e-06
224.309715466	-3.3058930751e-06
224.623874732	-2.64993684757e-06
224.938033997	-2.08100033589e-06
225.252193262	-1.60435227434e-06
225.566352528	-1.21771324652e-06
225.880511793	-9.05950283193e-07
226.194671058	-6.55374294091e-07
226.508830324	-4.53465567677e-07
226.822989589	-2.85320829879e-07
227.137148855	-1.58566576554e-07
227.45130812	-5.81253351355e-08
227.765467385	1.74967063059e-08
228.079626651	7.21774194499e-08
228.393785916	1.03960020653e-07
228.707945181	1.03992737154e-07
229.022104447	6.60175130614e-08
229.336263712	-2.2641228972e-08
229.650422977	-1.56418037422e-07
229.964582243	-3.40720194787e-07
230.278741508	-5.64201643105e-07
230.592900774	-8.17786713265e-07
230.907060039	-1.08439575594e-06
231.221219304	-1.337582397e-06
231.53537857	-1.56133039568e-06
231.849537835	-1.73243930314e-06
232.1636971	-1.85743692512e-06
232.477856366	-1.9398079101e-06
232.792015631	-1.98491652717e-06
233.106174896	-1.98792812787e-06
233.420334162	-1.93130576948e-06
233.734493427	-1.80869563888e-06
234.048652692	-1.61652621808e-06
234.362811958	-1.37371327303e-06
234.676971223	-1.08467287626e-06
234.991130489	-7.58167598473e-07
235.305289754	-4.04267940622e-07
235.619449019	-3.31586320122e-08
235.933608285	3.38415094368e-07
236.24776755	6.9229573257e-07
236.561926815	9.93721423266e-07
236.876086081	1.2211814102e-06
237.190245346	1.33884126156e-06
237.504404611	1.33013902071e-06
237.818563877	1.20022554325e-06
238.132723142	9.49070742544e-07
238.446882407	5.89808451686e-07
238.761041673	1.4028209739e-07
239.075200938	-3.70571457976e-07
239.389360204	-9.33348536274e-07
239.703519469	-1.52668503143e-06
240.017678734	-2.13346968272e-06
240.331838	-2.7503278721e-06
240.645997265	-3.36824769978e-06
240.96015653	-3.98426714489e-06
241.274315796	-4.53628412439e-06
241.588475061	-4.91318763587e-06
241.902634326	-4.99824377711e-06
0.314159265359	-1.29688644697e-08
0.628318530718	-9.67325359212e-08
0.942477796077	-3.10545263728e-07
1.25663706144	-5.33907722528e-07
1.57079632679	-6.07922099663e-07
1.88495559215	-6.47316570989e-07
2.19911485751	-7.042466056e-07
2.51327412287	-7.26790776843e-07
2.82743338823	-7.37292394172e-07
3.14159265359	-7.52315117481e-07
3.45575191895	-7.11901634838e-07
3.76991118431	-6.44984524927e-07
4.08407044967	-5.91626093852e-07
4.39822971503	-5.54274020787e-07
4.71238898039	-5.09134613427e-07
5.02654824574	-4.73874260757e-07
5.3407075111	-4.61685986335e-07
5.65486677646	-4.49876738345e-07
5.96902604182	-4.38812600259e-07
6.28318530718	-4.2881921135e-07
6.59734457254	-4.26939443336e-07
6.9115038379	-4.30676491255e-07
7.22566310326	-4.32608690977e-07
7.53982236862	-4.32044361704e-07
7.85398163398	-4.3510210745e-07
8.16814089933	-4.42445165214e-07
8.48230016469	-4.46771047049e-07
8.79645943005	-4.52826146166e-07
9.11061869541	-4.5816569083e-07
9.42477796077	-4.69621518588e-07
9.73893722613	-4.80249771615e-07
10.0530964915	-4.94840911346e-07
10.3672557568	-5.02588386764e-07
10.6814150222	-5.08682100416e-07
10.9955742876	-5.18963496064e-07
11.3097335529	-5.18260701784e-07
11.6238928183	-5.26895702084e-07
11.9380520836	-5.16451252784e-07
12.252211349	-5.04528287773e-07
12.5663706144	-5.11541368759e-07
12.8805298797	-5.0863609138e-07
13.1946891451	-4.99912310765e-07
13.5088484104	-5.06171860969e-07
13.8230076758	-5.15067161869e-07
14.1371669412	-5.26371740869e-07
14.4513262065	-5.48209368155e-07
14.7654854719	-5.64847007513e-07
15.0796447372	-5.8346909456e-07
15.3938040026	-6.0429247618e-07
15.707963268	-6.05924523643e-07
16.0221225333	-5.79940737042e-07
16.3362817987	-5.28853820169e-07
16.650441064	-4.6428486016e-07
16.9646003294	-3.83121106233e-07
17.2787595947	-2.99134972763e-07
17.5929188601	-2.15616650497e-07
17.9070781255	-1.44826356486e-07
18.2212373908	-1.06406479936e-07
18.5353966562	-8.52002220756e-08
18.8495559215	-6.43218498167e-08
19.1637151869	-3.02528742119e-08
19.4778744523	9.83216272476e-09
19.7920337176	3.19920188043e-08
20.106192983	6.41896361879e-08
20.4203522483	1.25370277227e-07
20.7345115137	1.77473587667e-07
21.0486707791	2.2005820979e-07
21.3628300444	2.72102848665e-07
21.6769893098	3.29252956516e-07
21.9911485751	3.97688161652e-07
22.3053078405	4.4926640508e-07
22.6194671058	4.62675715624e-07
22.9336263712	4.55369714953e-07
23.2477856366	4.65461443709e-07
23.5619449019	5.11469096617e-07
23.8761041673	5.47350065331e-07
24.1902634326	5.2287711359e-07
24.504422698	4.07530428939e-07
24.8185819634	1.12282846018e-07
25.1327412287	-4.0200887048e-07
25.4469004941	-9.78324498922e-07
25.7610597594	-1.38886666612e-06
26.0752190248	-1.56212819082e-06
26.3893782902	-1.56762368244e-06
26.7035375555	-1.5104046643e-06
27.0176968209	-1.42531254973e-06
27.3318560862	-1.32847965336e-06
27.6460153516	-1.24326288097e-06
27.960174617	-1.18207838587e-06
28.2743338823	-1.13374244279e-06
28.5884931477	-1.08281480857e-06
28.902652413	-1.01788381464e-06
29.2168116784	-9.44382087168e-07
29.5309709437	-8.68884239632e-07
29.8451302091	-7.8569574758e-07
30.1592894745	-6.98977103787e-07
30.4734487398	-6.18756923471e-07
30.7876080052	-5.60991638719e-07
31.1017672705	-5.26077422322e-07
31.4159265359	-5.14304653543e-07
31.7300858013	-5.25626967129e-07
32.0442450666	-5.53052720118e-07
32.358404332	-5.83531994463e-07
32.6725635973	-6.1225453382e-07
32.9867228627	-6.42928749242e-07
33.3008821281	-6.66977089271e-07
33.6150413934	-6.83979144923e-07
33.9292006588	-6.94279831861e-07
34.2433599241	-6.96602492261e-07
34.5575191895	-6.92469981178e-07
34.8716784548	-6.88215352607e-07
35.1858377202	-6.89622413908e-07
35.4999969856	-6.94902174458e-07
35.8141562509	-7.0700728656e-07
36.1283155163	-7.27826593918e-07
36.4424747816	-7.50893164556e-07
36.756634047	-7.6611786558e-07
37.0707933124	-7.67211573125e-07
37.3849525777	-7.61084411115e-07
37.6991118431	-7.42099628817e-07
38.0132711084	-7.19727959391e-07
38.3274303738	-7.06331234707e-07
38.6415896392	-6.98203172397e-07
38.9557489045	-6.95922337835e-07
39.2699081699	-7.01623810353e-07
39.5840674352	-7.11480812294e-07
39.8982267006	-7.15170125613e-07
40.212385966	-7.16575388962e-07
40.5265452313	-7.090719791e-07
40.8407044967	-6.89849193302e-07
41.154863762	-6.66265831432e-07
41.4690230274	-6.29414124632e-07
41.7831822927	-5.84469467509e-07
42.0973415581	-5.34378748552e-07
42.4115008235	-4.74453016312e-07
42.7256600888	-4.06485791581e-07
43.0398193542	-3.32126028743e-07
43.3539786195	-2.47272214611e-07
43.6681378849	-1.48513858025e-07
43.9822971503	-3.58028205367e-08
44.2964564156	1.02202212717e-07
44.610615681	2.65334016169e-07
44.9247749463	4.45775160155e-07
45.2389342117	6.33326018636e-07
45.5530934771	7.94761384204e-07
45.8672527424	8.49736457139e-07
46.1814120078	6.46698294266e-07
46.4955712731	2.27970377653e-08
46.8097305385	-1.01241522006e-06
47.1238898039	-2.06393260589e-06
47.4380490692	-2.60293288993e-06
47.7522083346	-2.52104117131e-06
48.0663675999	-2.10155638781e-06
48.3805268653	-1.62631938283e-06
48.6946861306	-1.22014920318e-06
49.008845396	-9.20125585394e-07
49.3230046614	-7.23029422989e-07
49.6371639267	-6.13885567697e-07
49.9513231921	-5.87847424474e-07
50.2654824574	-6.28775288902e-07
50.5796417228	-7.15435491554e-07
50.8938009882	-8.23605257187e-07
51.2079602535	-9.36185685286e-07
51.5221195189	-1.03369643544e-06
51.8362787842	-1.10865986024e-06
52.1504380496	-1.16013073485e-06
52.464597315	-1.17904402769e-06
52.7787565803	-1.16985791618e-06
53.0929158457	-1.13098232842e-06
53.407075111	-1.06800219217e-06
53.7212343764	-9.93386404993e-07
54.0353936417	-9.2294859898e-07
54.3495529071	-8.64195279847e-07
54.6637121725	-8.17934662973e-07
54.9778714378	-7.95381683548e-07
55.2920307032	-7.92043601488e-07
55.6061899685	-8.03383693661e-07
55.9203492339	-8.20251664814e-07
56.2345084993	-8.26867745693e-07
56.5486677646	-8.18014025547e-07
56.86282703	-7.93284015162e-07
57.1769862953	-7.62081922798e-07
57.4911455607	-7.34954219053e-07
57.8053048261	-7.27768274862e-07
58.1194640914	-7.42901117501e-07
58.4336233568	-7.83095951321e-07
58.7477826221	-8.40144288363e-07
59.0619418875	-8.88382790377e-07
59.3761011529	-9.16773166651e-07
59.6902604182	-9.09900162475e-07
60.0044196836	-8.72616389644e-07
60.3185789489	-8.18654589625e-07
60.6327382143	-7.61733615595e-07
60.9468974796	-7.13923293137e-07
61.261056745	-6.79951362237e-07
61.5752160104	-6.66646344811e-07
61.8893752757	-6.64376063198e-07
62.2035345411	-6.75186698582e-07
62.5176938064	-6.91937697852e-07
62.8318530718	-7.13555161987e-07
63.1460123372	-7.33742892388e-07
63.4601716025	-7.32675982013e-07
63.7743308679	-7.07809819064e-07
64.0884901332	-6.48745082365e-07
64.4026493986	-5.54821188355e-07
64.716808664	-4.25029986885e-07
65.0309679293	-2.64393089905e-07
65.3451271947	-6.97232966595e-08
65.65928646	1.62415976871e-07
65.9734457254	4.25167216507e-07
66.2876049907	7.2346765445e-07
66.6017642561	1.0210611691e-06
66.9159235215	1.24620705597e-06
67.2300827868	1.23584328409e-06
67.5442420522	7.25814596037e-07
67.8584013175	-4.99783802153e-07
68.1725605829	-2.24748999553e-06
68.4867198483	-3.71538363976e-06
68.8008791136	-4.19706398543e-06
69.115038379	-3.80180754886e-06
69.4291976443	-3.07548255545e-06
69.7433569097	-2.36551661699e-06
70.0575161751	-1.77463562179e-06
70.3716754404	-1.31549006468e-06
70.6858347058	-9.63500140706e-07
70.9999939711	-7.13672833395e-07
71.3141532365	-5.58038209626e-07
71.6283125019	-5.08010167705e-07
71.9424717672	-5.65451614207e-07
72.2566310326	-7.31459297857e-07
72.5707902979	-1.0115944384e-06
72.8849495633	-1.37468830535e-06
73.1991088286	-1.76600033063e-06
73.513268094	-2.0696764412e-06
73.8274273594	-2.20568417349e-06
74.1415866247	-2.16532594264e-06
74.4557458901	-2.00347389544e-06
74.7699051554	-1.79925459665e-06
75.0840644208	-1.59709597706e-06
75.3982236862	-1.43021688843e-06
75.7123829515	-1.30055104081e-06
76.0265422169	-1.21789877611e-06
76.3407014822	-1.17175301084e-06
76.6548607476	-1.15353482304e-06
76.969020013	-1.16125739605e-06
77.2831792783	-1.17453728251e-06
77.5973385437	-1.19553659985e-06
77.911497809	-1.21302767394e-06
78.2256570744	-1.22699377832e-06
78.5398163398	-1.23446670686e-06
78.8539756051	-1.24121970705e-06
79.1681348705	-1.25213077915e-06
79.4822941358	-1.26746491833e-06
79.7964534012	-1.29916200742e-06
80.1106126665	-1.33175509698e-06
80.4247719319	-1.37072212899e-06
80.7389311973	-1.403130447e-06
81.0530904626	-1.40805496711e-06
81.367249728	-1.37673766312e-06
81.6814089933	-1.30651624742e-06
81.9955682587	-1.21970531993e-06
82.3097275241	-1.1228507637e-06
82.6238867894	-1.04006784878e-06
82.9380460548	-9.79880318318e-07
83.2522053201	-9.54149707015e-07
83.5663645855	-9.6599484452e-07
83.8805238509	-1.00482138763e-06
84.1946831162	-1.06219454934e-06
84.5088423816	-1.10507543526e-06
84.8230016469	-1.11020038366e-06
85.1371609123	-1.04551258964e-06
85.4513201776	-9.01345548762e-07
85.765479443	-6.72814689746e-07
86.0796387084	-3.63930582554e-07
86.3937979737	1.70302184665e-08
86.7079572391	4.74753387563e-07
87.0221165044	9.80746441379e-07
87.3362757698	1.47982661154e-06
87.6504350352	1.79901255013e-06
87.9645943005	1.60893976215e-06
88.2787535659	4.99761663604e-07
88.5929128312	-1.63868538325e-06
88.9070720966	-4.06764222694e-06
89.221231362	-5.49861291527e-06
89.5353906273	-5.45362974624e-06
89.8495498927	-4.59053672553e-06
90.163709158	-3.58525820915e-06
90.4778684234	-2.7070678053e-06
90.7920276888	-1.99883642631e-06
91.1061869541	-1.42724248685e-06
91.4203462195	-9.67228693145e-07
91.7345054848	-5.91951509358e-07
92.0486647502	-2.80354277781e-07
92.3628240155	-2.89237475763e-08
92.6769832809	1.34889169331e-07
92.9911425463	1.71553681319e-07
93.3053018116	1.40551319878e-08
93.619461077	-4.34695541115e-07
93.9336203423	-1.23504184997e-06
94.2477796077	-2.29552341339e-06
94.5619388731	-3.26103276393e-06
94.8760981384	-3.70317304923e-06
95.1902574038	-3.52472928206e-06
95.5044166691	-2.99905297937e-06
95.8185759345	-2.41191077344e-06
96.1327351999	-1.8961458994e-06
96.4468944652	-1.48666670057e-06
96.7610537306	-1.18914621184e-06
97.0752129959	-1.00869211862e-06
97.3893722613	-9.28365060109e-07
97.7035315266	-9.41316862412e-07
98.017690792	-1.03180195829e-06
98.3318500574	-1.16567360556e-06
98.6460093227	-1.30896523815e-06
98.9601685881	-1.42387287162e-06
99.2743278534	-1.48881578621e-06
99.5884871188	-1.49998558277e-06
99.9026463842	-1.49135317506e-06
100.21680565	-1.48010233459e-06
100.530964915	-1.47903641556e-06
100.84512418	-1.50017375362e-06
101.159283446	-1.53209684719e-06
101.473442711	-1.55991255198e-06
101.787601976	-1.55999614278e-06
102.101761242	-1.52040935112e-06
102.415920507	-1.43014527164e-06
102.730079772	-1.30013961798e-06
103.044239038	-1.14735781194e-06
103.358398303	-9.88838048856e-07
103.672557568	-8.45445605433e-07
103.986716834	-7.20996903087e-07
104.300876099	-6.29645184816e-07
104.615035365	-5.63400612382e-07
104.92919463	-5.1298352152e-07
105.243353895	-4.63245888701e-07
105.557513161	-3.79962108211e-07
105.871672426	-2.20867308598e-07
106.185831691	5.81297499298e-08
106.499990957	4.66969876617e-07
106.814150222	9.83375742677e-07
107.128309487	1.4877914819e-06
107.442468753	1.74177405609e-06
107.756628018	1.41862801564e-06
108.070787283	2.40812220652e-07
108.384946549	-1.74153868693e-06
108.699105814	-3.93531742798e-06
109.01326508	-5.4015046288e-06
109.327424345	-5.63556879261e-06
109.64158361	-4.96135916927e-06
109.955742876	-3.99377231315e-06
110.269902141	-3.08480271226e-06
110.584061406	-2.32592302399e-06
110.898220672	-1.7123064829e-06
111.212379937	-1.19478609654e-06
111.526539202	-7.44890889509e-07
111.840698468	-3.34682413989e-07
112.154857733	5.35647625824e-08
112.469016999	4.28465761248e-07
112.783176264	7.80397300015e-07
113.097335529	1.04856963685e-06
113.411494795	1.11792397723e-06
113.72565406	7.933246345e-07
114.039813325	-6.09133419525e-08
114.353972591	-1.37301517191e-06
114.668131856	-2.79271223968e-06
114.982291121	-3.85755675992e-06
115.296450387	-4.26888702565e-06
115.610609652	-4.02375659732e-06
115.924768917	-3.40065358795e-06
116.238928183	-2.68745209044e-06
116.553087448	-2.04631368047e-06
116.867246714	-1.5096261471e-06
117.181405979	-1.07000156725e-06
117.495565244	-7.32809577661e-07
117.80972451	-4.92717367959e-07
118.123883775	-3.5842166266e-07
118.43804304	-3.16647150485e-07
118.752202306	-3.69326897001e-07
119.066361571	-5.11639558402e-07
119.380520836	-7.36503156109e-07
119.694680102	-1.03423784664e-06
120.008839367	-1.36802984179e-06
120.322998632	-1.70164559963e-06
120.637157898	-1.96097882376e-06
120.951317163	-2.09898402712e-06
121.265476429	-2.09832798621e-06
121.579635694	-1.98610528088e-06
121.893794959	-1.81688516552e-06
122.207954225	-1.62615027366e-06
122.52211349	-1.44773653347e-06
122.836272755	-1.27321370037e-06
123.150432021	-1.10154833531e-06
123.464591286	-9.21836808407e-07
123.778750551	-7.21920464841e-07
124.092909817	-4.96909272773e-07
124.407069082	-2.45793508529e-07
124.721228348	2.40235404067e-08
125.035387613	3.36676250276e-07
125.349546878	6.8812544843e-07
125.663706144	1.09225686018e-06
125.977865409	1.56132714654e-06
126.292024674	2.04173182041e-06
126.60618394	2.37629220015e-06
126.920343205	2.2361003832e-06
127.23450247	1.21535438016e-06
127.548661736	-8.69391372573e-07
127.862821001	-3.5368511812e-06
128.176980266	-5.74004661887e-06
128.491139532	-6.61162372874e-06
128.805298797	-6.17986026674e-06
129.119458063	-5.13373417328e-06
129.433617328	-4.03501145803e-06
129.747776593	-3.105273789e-06
130.061935859	-2.35261698015e-06
130.376095124	-1.74168307018e-06
130.690254389	-1.2342464395e-06
131.004413655	-7.93937547096e-07
131.31857292	-4.01614586119e-07
131.632732185	-2.89375583852e-08
131.946891451	3.31955011793e-07
132.261050716	6.95838208427e-07
132.575209981	1.03920457264e-06
132.889369247	1.31058223621e-06
133.203528512	1.4157721259e-06
133.517687778	1.18929674008e-06
133.831847043	4.76510445457e-07
134.146006308	-7.51790663251e-07
134.460165574	-2.24303536318e-06
134.774324839	-3.54061764456e-06
135.088484104	-4.25807107614e-06
135.40264337	-4.32582213793e-06
135.716802635	-3.93217855087e-06
136.0309619	-3.3106849001e-06
136.345121166	-2.6488262983e-06
136.659280431	-2.02843940633e-06
136.973439697	-1.49136577459e-06
137.287598962	-1.04597957744e-06
137.601758227	-6.77130658057e-07
137.915917493	-3.7880431962e-07
138.230076758	-1.5053961682e-07
138.544236023	-5.26671385629e-09
138.858395289	6.31594711412e-08
139.172554554	4.27942717372e-08
139.486713819	-6.9220480004e-08
139.800873085	-2.7580672686e-07
140.11503235	-5.94629870228e-07
140.429191615	-1.02997961163e-06
140.743350881	-1.55873334549e-06
141.057510146	-2.10525496295e-06
141.371669412	-2.56151780546e-06
141.685828677	-2.7843299149e-06
141.999987942	-2.69287307648e-06
142.314147208	-2.33668333809e-06
142.628306473	-1.84242386907e-06
142.942465738	-1.31996713779e-06
143.256625004	-8.22281254211e-07
143.570784269	-3.66324580226e-07
143.884943534	7.3958575275e-08
144.1991028	5.18073691391e-07
144.513262065	9.95293122785e-07
144.82742133	1.51665850314e-06
145.141580596	2.05175476218e-06
145.455739861	2.4791427669e-06
145.769899127	2.52584731665e-06
146.084058392	1.85286953734e-06
146.398217657	2.63659691683e-07
146.712376923	-1.97847140707e-06
147.026536188	-4.20136086213e-06
147.340695453	-5.73143909656e-06
147.654854719	-6.27345116084e-06
147.969013984	-5.96601621833e-06
148.283173249	-5.1535435605e-06
148.597332515	-4.19102682495e-06
148.91149178	-3.28203068237e-06
149.225651046	-2.50779322539e-06
149.539810311	-1.86958270008e-06
149.853969576	-1.337644473e-06
150.168128842	-8.87444334521e-07
150.482288107	-4.87335405917e-07
150.796447372	-1.33418707807e-07
151.110606638	1.90555526001e-07
151.424765903	4.80850183393e-07
151.738925168	7.33839790795e-07
152.053084434	9.36100359476e-07
152.367243699	1.05675603143e-06
152.681402964	1.06264163842e-06
152.99556223	8.92051680936e-07
153.309721495	4.98262188088e-07
153.623880761	-1.7431005723e-07
153.938040026	-1.12448058544e-06
154.252199291	-2.24286442538e-06
154.566358557	-3.29545777179e-06
154.880517822	-3.99300421391e-06
155.194677087	-4.18761632405e-06
155.508836353	-3.92467663865e-06
155.822995618	-3.39694203916e-06
156.137154883	-2.76716936728e-06
156.451314149	-2.14373239887e-06
156.765473414	-1.58758533537e-06
157.079632679	-1.10664245823e-06
157.393791945	-7.07754044462e-07
157.70795121	-3.80985854605e-07
158.022110476	-1.32852729456e-07
158.336269741	5.94672871915e-08
158.650429006	1.99451673542e-07
158.964588272	2.74719831663e-07
159.278747537	2.85019694529e-07
159.592906802	2.0511882313e-07
159.907066068	6.46190600672e-09
160.221225333	-3.6291267935e-07
160.535384598	-9.00338192609e-07
160.849543864	-1.53686024374e-06
161.163703129	-2.10760094459e-06
161.477862395	-2.41840908199e-06
161.79202166	-2.39165033967e-06
162.106180925	-2.06444205274e-06
162.420340191	-1.54320990622e-06
162.734499456	-8.99103142166e-07
163.048658721	-2.0453572409e-07
163.362817987	4.95336114881e-07
163.676977252	1.16344155732e-06
163.991136517	1.71800882851e-06
164.305295783	2.07401031238e-06
164.619455048	2.11532424176e-06
164.933614313	1.70155584779e-06
165.247773579	6.75126538535e-07
165.561932844	-9.7285757998e-07
165.87609211	-2.96320170586e-06
166.190251375	-4.77710152461e-06
166.50441064	-5.90482739485e-06
166.818569906	-6.16583044345e-06
167.132729171	-5.72045771512e-06
167.446888436	-4.90059219783e-06
167.761047702	-3.97911467222e-06
168.075206967	-3.11849263215e-06
168.389366232	-2.38668054374e-06
168.703525498	-1.77192460703e-06
169.017684763	-1.26106033486e-06
169.331844029	-8.31622530819e-07
169.646003294	-4.71057653148e-07
169.960162559	-1.5678365732e-07
170.274321825	1.1592294463e-07
170.58848109	3.4278730716e-07
170.902640355	5.33731960639e-07
171.216799621	6.77395544836e-07
171.530958886	7.73759180619e-07
171.845118151	8.0397671758e-07
172.159277417	7.54138061524e-07
172.473436682	5.96613674878e-07
172.787595947	2.96365824427e-07
173.101755213	-1.81461687605e-07
173.415914478	-8.86290217587e-07
173.730073744	-1.79676564904e-06
174.044233009	-2.78268482427e-06
174.358392274	-3.59418702348e-06
174.67255154	-4.00066488269e-06
174.986710805	-3.93732763853e-06
175.30087007	-3.52392948161e-06
175.615029336	-2.95295098309e-06
175.929188601	-2.34549283193e-06
176.243347866	-1.77058519398e-06
176.557507132	-1.25694445487e-06
176.871666397	-8.14386613375e-07
177.185825662	-4.35969426001e-07
177.499984928	-1.25314310518e-07
177.814144193	1.01441973002e-07
178.128303459	2.55432365939e-07
178.442462724	3.38416650179e-07
178.756621989	3.51451375489e-07
179.070781255	2.97693896817e-07
179.38494052	1.8709979319e-07
179.699099785	1.72566623499e-08
180.013259051	-1.95926536446e-07
180.327418316	-4.19105281299e-07
180.641577581	-6.3533879058e-07
180.955736847	-8.02463519848e-07
181.269896112	-8.73457961258e-07
181.584055378	-8.11224473682e-07
181.898214643	-6.27377508329e-07
182.212373908	-3.90527952323e-07
182.526533174	-1.86811976297e-07
182.840692439	-7.8543260533e-08
183.154851704	-7.62038154832e-08
183.46901097	-1.97041112826e-07
183.783170235	-4.77525555674e-07
184.0973295	-9.71809056969e-07
184.411488766	-1.71177118413e-06
184.725648031	-2.67489445561e-06
185.039807296	-3.7164203691e-06
185.353966562	-4.54546444658e-06
185.668125827	-4.91895077658e-06
185.982285093	-4.78534374901e-06
186.296444358	-4.30135360284e-06
186.610603623	-3.66994578178e-06
186.924762889	-3.01008763205e-06
187.238922154	-2.38780840253e-06
187.553081419	-1.8325823806e-06
187.867240685	-1.35112064991e-06
188.18139995	-9.32593355863e-07
188.495559215	-5.8226877726e-07
188.809718481	-2.94022268886e-07
189.123877746	-4.59687400136e-08
189.438037011	1.60176423581e-07
189.752196277	3.28013000306e-07
190.066355542	4.62200905079e-07
190.380514808	5.60011882624e-07
190.694674073	6.02486762533e-07
191.008833338	5.92565696746e-07
191.322992604	5.21542223117e-07
191.637151869	3.63845677219e-07
191.951311134	1.16220115353e-07
192.2654704	-2.25192216748e-07
192.579629665	-6.79777807519e-07
192.89378893	-1.27650039573e-06
193.207948196	-1.97998490375e-06
193.522107461	-2.70438684256e-06
193.836266727	-3.29279952514e-06
194.150425992	-3.56514157956e-06
194.464585257	-3.48002246325e-06
194.778744523	-3.13397177583e-06
195.092903788	-2.67034403343e-06
195.407063053	-2.16682736268e-06
195.721222319	-1.67320332756e-06
196.035381584	-1.21365943138e-06
196.349540849	-7.88891261003e-07
196.663700115	-4.16889204047e-07
196.97785938	-9.81606526339e-08
197.292018645	1.55179159889e-07
197.606177911	3.41272070195e-07
197.920337176	4.54808510729e-07
198.234496442	5.17447729759e-07
198.548655707	5.49633576924e-07
198.862814972	5.50541448257e-07
199.176974238	5.47967170347e-07
199.491133503	5.48208983672e-07
199.805292768	5.63692704864e-07
200.119452034	5.97460088618e-07
200.433611299	6.39860269406e-07
200.747770564	6.59598873731e-07
201.06192983	5.92143695662e-07
201.376089095	3.72443047639e-07
201.69024836	-7.44866868435e-08
202.004407626	-7.7081668726e-07
202.318566891	-1.68092533096e-06
202.632726157	-2.68907367444e-06
202.946885422	-3.64430907455e-06
203.261044687	-4.4204097871e-06
203.575203953	-4.92577131307e-06
203.889363218	-5.14913350016e-06
204.203522483	-5.0991867655e-06
204.517681749	-4.80024572207e-06
204.831841014	-4.30465209262e-06
205.146000279	-3.71104654198e-06
205.460159545	-3.11745644993e-06
205.77431881	-2.57208541451e-06
206.088478076	-2.09401906239e-06
206.402637341	-1.66596231726e-06
206.716796606	-1.28545724097e-06
207.030955872	-9.44145590336e-07
207.345115137	-6.38790364408e-07
207.659274402	-3.77372674689e-07
207.973433668	-1.54994888181e-07
208.287592933	2.32310378033e-08
208.601752198	1.67056388975e-07
208.915911464	2.82175748136e-07
209.230070729	3.70362713864e-07
209.544229994	4.15077988657e-07
209.85838926	4.13025655106e-07
210.172548525	3.57946344335e-07
210.486707791	2.31588018606e-07
210.800867056	3.40827058702e-08
211.115026321	-2.41949711704e-07
211.429185587	-5.8422033165e-07
211.743344852	-9.772122947e-07
212.057504117	-1.38731581876e-06
212.371663383	-1.78974573628e-06
212.685822648	-2.17337670105e-06
212.999981913	-2.50605960983e-06
213.314141179	-2.75004941607e-06
213.628300444	-2.84729600228e-06
213.942459709	-2.76949759527e-06
214.256618975	-2.53044925971e-06
214.57077824	-2.20064474001e-06
214.884937506	-1.83568898233e-06
215.199096771	-1.44688895929e-06
215.513256036	-1.05869977956e-06
215.827415302	-6.74938463934e-07
216.141574567	-3.09185379181e-07
216.455733832	3.47047140414e-08
216.769893098	3.4368657822e-07
217.084052363	6.05856052809e-07
217.398211628	8.17610010404e-07
217.712370894	9.73604164639e-07
218.026530159	1.09093236083e-06
218.340689425	1.16609881239e-06
218.65484869	1.1975158299e-06
218.969007955	1.16867694353e-06
219.283167221	1.06435443185e-06
219.597326486	8.65254491986e-07
219.911485751	5.44842506699e-07
220.225645017	1.03579630313e-07
220.539804282	-4.67436568766e-07
220.853963547	-1.14821930025e-06
221.168122813	-1.9118311477e-06
221.482282078	-2.72096283455e-06
221.796441343	-3.52621853869e-06
222.110600609	-4.26200388978e-06
222.424759874	-4.84095637845e-06
222.73891914	-5.2002531249e-06
223.053078405	-5.28315869873e-06
223.36723767	-5.08308798014e-06
223.681396936	-4.62687362974e-06
223.995556201	-3.9939367164e-06
224.309715466	-3.3058930751e-06
224.623874732	-2.64993684757e-06
224.938033997	-2.08100033589e-06
225.252193262	-1.60435227434e-06
225.566352528	-1.21771324652e-06
225.880511793	-9.05950283193e-07
226.194671058	-6.55374294091e-07
226.508830324	-4.53465567677e-07
226.822989589	-2.85320829879e-07
227.137148855	-1.58566576554e-07
227.45130812	-5.81253351355e-08
227.765467385	1.74967063059e-08
228.079626651	7.21774194499e-08
228.393785916	1.03960020653e-07
228.707945181	1.03992737154e-07
229.022104447	6.60175130614e-08
229.336263712	-2.2641228972e-08
229.650422977	-1.56418037422e-07
229.964582243	-3.40720194787e-07
230.278741508	-5.64201643105e-07
230.592900774	-8.17786713265e-07
230.907060039	-1.08439575594e-06
231.221219304	-1.337582397e-06
231.53537857	-1.56133039568e-06
231.849537835	-1.73243930314e-06
232.1636971	-1.85743692512e-06
232.477856366	-1.9398079101e-06
232.792015631	-1.98491652717e-06
233.106174896	-1.98792812787e-06
233.420334162	-1.93130576948e-06
233.734493427	-1.80869563888e-06
234.048652692	-1.61652621808e-06
234.362811958	-1.37371327303e-06
234.676971223	-1.08467287626e-06
234.991130489	-7.58167598473e-07
235.305289754	-4.04267940622e-07
235.619449019	-3.31586320122e-08
235.933608285	3.38415094368e-07
236.24776755	6.9229573257e-07
236.561926815	9.93721423266e-07
236.876086081	1.2211814102e-06
237.190245346	1.33884126156e-06
237.504404611	1.33013902071e-06
237.818563877	1.20022554325e-06
238.132723142	9.49070742544e-07
238.446882407	5.89808451686e-07
238.761041673	1.4028209739e-07
239.075200938	-3.70571457976e-07
239.389360204	-9.33348536274e-07
239.703519469	-1.52668503143e-06
240.017678734	-2.13346968272e-06
240.331838	-2.7503278721e-06
240.645997265	-3.36824769978e-06
240.96015653	-3.98426714489e-06
241.274315796	-4.53628412439e-06
241.588475061	-4.91318763587e-06
241.902634326	-4.99824377711e-06
242.216793592	-4.7648923379e-06
242.530952857	-4.30846260751e-06
242.845112123	-3.75235184706e-06
243.159271388	-3.17223137053e-06
243.473430653	-2.59296302352e-06
243.787589919	-2.04912056813e-06
244.101749184	-1.56409428114e-06
244.415908449	-1.15797980188e-06
244.730067715	-8.40132009613e-07
245.04422698	-5.99447977226e-07
245.358386245	-4.31919712407e-07
245.672545511	-3.2168174628e-07
245.986704776	-2.58974211466e-07
246.300864041	-2.28396943e-07
246.615023307	-2.18334897216e-07
246.929182572	-2.24676257343e-07
247.243341838	-2.42256631224e-07
247.557501103	-2.72731859333e-07
247.871660368	-3.15790246023e-07
248.185819634	-3.78041604024e-07
248.499978899	-4.57678863862e-07
248.814138164	-5.55218660496e-07
249.12829743	-6.64698331993e-07
249.442456695	-7.74611440635e-07
249.75661596	-8.79930532907e-07
250.070775226	-9.70320332655e-07
250.384934491	-1.04539485548e-06
250.699093756	-1.09789180794e-06
251.013253022	-1.1275826488e-06
251.327412287	-1.13649087509e-06
251.641571553	-1.12213752878e-06
251.955730818	-1.09353347654e-06
252.269890083	-1.05517166553e-06
252.584049349	-1.00815797418e-06
252.898208614	-9.54547667861e-07
253.212367879	-8.98713230232e-07
253.526527145	-8.27657534528e-07
253.84068641	-7.37971747951e-07
254.154845675	-6.31199131617e-07
254.469004941	-4.96449904872e-07
254.783164206	-3.37734652781e-07
255.097323472	-1.54382510426e-07
255.411482737	4.69781679707e-08
255.725642002	2.46925347927e-07
256.039801268	4.15561857176e-07
256.353960533	5.26469070126e-07
256.668119798	5.46917193072e-07
256.982279064	4.38615810683e-07
257.296438329	1.89746407451e-07
257.610597594	-1.94664070197e-07
257.92475686	-6.79557362241e-07
258.238916125	-1.22627687573e-06
258.55307539	-1.7821710806e-06
258.867234656	-2.2933077225e-06
259.181393921	-2.73690865809e-06
259.495553187	-3.1032007963e-06
259.809712452	-3.42671084701e-06
260.123871717	-3.74526183759e-06
260.438030983	-4.04489014304e-06
260.752190248	-4.22969128446e-06
261.066349513	-4.19658080494e-06
261.380508779	-3.93481198007e-06
261.694668044	-3.5190810646e-06
262.008827309	-3.05448212377e-06
262.322986575	-2.58171133532e-06
262.63714584	-2.11354132781e-06
262.951305105	-1.66486065785e-06
263.265464371	-1.26260522862e-06
263.579623636	-9.3016771195e-07
263.893782902	-6.6774165519e-07
264.207942167	-4.87369865634e-07
264.522101432	-3.79765569729e-07
264.836260698	-3.35359563202e-07
265.150419963	-3.3762038276e-07
265.464579228	-3.64806458945e-07
265.778738494	-4.04739582617e-07
266.092897759	-4.45974544267e-07
266.407057024	-4.91984597251e-07
266.72121629	-5.33514474966e-07
267.035375555	-5.74127751434e-07
267.349534821	-6.10153870569e-07
267.663694086	-6.40335881474e-07
267.977853351	-6.65125957495e-07
268.292012617	-6.73843931212e-07
268.606171882	-6.7330229137e-07
268.920331147	-6.5208809396e-07
269.234490413	-6.13334586012e-07
269.548649678	-5.60765780676e-07
269.862808943	-4.94720542265e-07
270.176968209	-4.23019763802e-07
270.491127474	-3.50249063909e-07
270.805286739	-2.83083606765e-07
271.119446005	-2.22369102013e-07
271.43360527	-1.83685435511e-07
271.747764536	-1.68463059653e-07
272.061923801	-1.86277624007e-07
272.376083066	-2.47451877783e-07
272.690242332	-3.48155067384e-07
273.004401597	-4.87536404566e-07
273.318560862	-6.44407967942e-07
273.632720128	-8.0616592349e-07
273.946879393	-9.61803956936e-07
274.261038658	-1.1069376901e-06
274.575197924	-1.22777536094e-06
274.889357189	-1.3032323494e-06
275.203516454	-1.32161912598e-06
275.51767572	-1.27929261701e-06
275.831834985	-1.19735342624e-06
276.145994251	-1.10145139062e-06
276.460153516	-1.04560298952e-06
276.774312781	-1.07160662382e-06
277.088472047	-1.19717593533e-06
277.402631312	-1.41682277015e-06
277.716790577	-1.69258249059e-06
278.030949843	-1.99147794407e-06
278.345109108	-2.27613971296e-06
278.659268373	-2.54276462173e-06
278.973427639	-2.80955153488e-06
279.287586904	-3.10179463958e-06
279.60174617	-3.39553988285e-06
279.915905435	-3.58814575828e-06
280.2300647	-3.59152768887e-06
280.544223966	-3.38702776282e-06
280.858383231	-3.05289236896e-06
281.172542496	-2.66560824773e-06
281.486701762	-2.26180976131e-06
281.800861027	-1.85744790963e-06
282.115020292	-1.46792920518e-06
282.429179558	-1.12362839673e-06
282.743338823	-8.34624200902e-07
283.057498088	-6.19618392044e-07
283.371657354	-4.81254120831e-07
283.685816619	-4.13780815244e-07
283.999975885	-4.00903364922e-07
284.31413515	-4.17485098189e-07
284.628294415	-4.47383121835e-07
284.942453681	-4.71561960144e-07
285.256612946	-4.93395477767e-07
285.570772211	-5.02482036518e-07
285.884931477	-4.99870316051e-07
286.199090742	-4.89385692793e-07
286.513250007	-4.67205562146e-07
286.827409273	-4.36725199545e-07
287.141568538	-3.92776004609e-07
287.455727803	-3.40775049263e-07
287.769887069	-2.76818586247e-07
288.084046334	-2.0606800453e-07
288.3982056	-1.29703856577e-07
288.712364865	-5.09563525676e-08
289.02652413	2.42246310236e-08
289.340683396	9.24375151447e-08
289.654842661	1.34810998469e-07
289.969001926	1.50608249296e-07
290.283161192	1.28282797603e-07
290.597320457	6.47453121255e-08
290.911479722	-3.92017983698e-08
291.225638988	-1.8153139405e-07
291.539798253	-3.54208509361e-07
291.853957519	-5.61611243225e-07
292.168116784	-7.95913858156e-07
292.482276049	-1.06147364497e-06
292.796435315	-1.34461549322e-06
293.11059458	-1.62298742777e-06
293.424753845	-1.87344789598e-06
293.738913111	-2.07663294335e-06
294.053072376	-2.23396885639e-06
294.367231641	-2.33667724708e-06
294.681390907	-2.38242781177e-06
294.995550172	-2.35711243833e-06
295.309709437	-2.25993611824e-06
295.623868703	-2.10447219784e-06
295.938027968	-1.92465699895e-06
296.252187234	-1.77021327729e-06
296.566346499	-1.66544468627e-06
296.880505764	-1.63562925235e-06
297.19466503	-1.68090250469e-06
297.508824295	-1.79614789734e-06
297.82298356	-1.97739480678e-06
298.137142826	-2.22746425769e-06
298.451302091	-2.54269913288e-06
298.765461356	-2.86001794529e-06
299.079620622	-3.08184224326e-06
299.393779887	-3.11902916435e-06
299.707939152	-2.97110686857e-06
300.022098418	-2.70224564316e-06
300.336257683	-2.37738887298e-06
300.650416949	-2.0304189156e-06
300.964576214	-1.66943065019e-06
301.278735479	-1.3206173816e-06
301.592894745	-1.00115322436e-06
301.90705401	-7.31660732977e-07
302.221213275	-5.22514920898e-07
302.535372541	-3.82895115541e-07
302.849531806	-3.09691121804e-07
303.163691071	-2.7818767766e-07
303.477850337	-2.7678448805e-07
303.792009602	-2.827142683e-07
304.106168868	-2.87017638703e-07
304.420328133	-2.80877976153e-07
304.734487398	-2.6295319395e-07
305.048646664	-2.34453183059e-07
305.362805929	-1.9211254633e-07
305.676965194	-1.47376128261e-07
305.99112446	-9.58505824556e-08
306.305283725	-4.57156040523e-08
306.61944299	1.63448783973e-09
306.933602256	4.22257184356e-08
307.247761521	7.24706293635e-08
307.561920786	9.60528403462e-08
307.876080052	1.02521700955e-07
308.190239317	9.47283972225e-08
308.504398583	6.5166936257e-08
308.818557848	1.08140779478e-08
309.132717113	-7.46912680806e-08
309.446876379	-1.94721372615e-07
309.761035644	-3.47849132242e-07
310.075194909	-5.38079072531e-07
310.389354175	-7.51301922231e-07
310.70351344	-9.81563375999e-07
311.017672705	-1.21306850611e-06
311.331831971	-1.43294477436e-06
311.645991236	-1.6337616709e-06
311.960150501	-1.81189080927e-06
312.274309767	-1.97312401151e-06
312.588469032	-2.11262337999e-06
312.902628298	-2.22980686332e-06
313.216787563	-2.31398300232e-06
313.530946828	-2.36278822953e-06
313.845106094	-2.38367903425e-06
314.159265359	-2.38971016662e-06
314.473424624	-2.39801925058e-06
314.78758389	-2.40883457339e-06
315.101743155	-2.41544546006e-06
315.41590242	-2.39836774999e-06
315.730061686	-2.34899841571e-06
316.044220951	-2.26387372818e-06
316.358380217	-2.15384461062e-06
316.672539482	-2.05279372349e-06
316.986698747	-1.99562592498e-06
317.300858013	-2.02061885828e-06
317.615017278	-2.12943202198e-06
317.929176543	-2.28288662943e-06
318.243335809	-2.4063193729e-06
318.557495074	-2.42999121027e-06
318.871654339	-2.33755749752e-06
319.185813605	-2.16020343253e-06
319.49997287	-1.93670126301e-06
319.814132135	-1.67069619062e-06
320.128291401	-1.37632710223e-06
320.442450666	-1.07103252e-06
320.756609932	-7.67054283494e-07
321.070769197	-4.90613310696e-07
321.384928462	-2.63030572301e-07
321.699087728	-9.9271632432e-08
322.013246993	1.76878217105e-09
322.327406258	4.60631453652e-08
322.641565524	5.15064288933e-08
322.955724789	3.596333852e-08
323.269884054	1.13689333744e-08
323.58404332	-1.08524721376e-08
323.898202585	-2.61061306556e-08
324.21236185	-2.7788745643e-08
324.526521116	-2.66196191188e-08
324.840680381	-2.2585469921e-08
325.154839647	-1.41972490624e-08
325.468998912	-1.20043211812e-08
325.783158177	-1.4742717572e-08
326.097317443	-2.54875007496e-08
326.411476708	-5.0358380656e-08
326.725635973	-9.6137112204e-08
327.039795239	-1.62172844717e-07
327.353954504	-2.52339851108e-07
327.668113769	-3.70000440782e-07
327.982273035	-5.08487139126e-07
328.2964323	-6.639077557e-07
328.610591566	-8.28700309413e-07
328.924750831	-9.98380919985e-07
329.238910096	-1.16348771459e-06
329.553069362	-1.3228924637e-06
329.867228627	-1.47139644221e-06
330.181387892	-1.59841400866e-06
330.495547158	-1.70828086514e-06
330.809706423	-1.79623498901e-06
331.123865688	-1.86537591026e-06
331.438024954	-1.9254858211e-06
331.752184219	-1.98376356184e-06
332.066343484	-2.04401540204e-06
332.38050275	-2.11032252051e-06
332.694662015	-2.17995572402e-06
333.008821281	-2.2448137132e-06
333.322980546	-2.30738536853e-06
333.637139811	-2.36407996925e-06
333.951299077	-2.42693208445e-06
334.265458342	-2.49794333949e-06
334.579617607	-2.5639717416e-06
334.893776873	-2.60671714084e-06
335.207936138	-2.5937377451e-06
335.522095403	-2.50991758419e-06
335.836254669	-2.36040376971e-06
336.150413934	-2.17920823197e-06
336.464573199	-2.00075419488e-06
336.778732465	-1.86099130579e-06
337.09289173	-1.76949216678e-06
337.407050996	-1.70257136593e-06
337.721210261	-1.63925268968e-06
338.035369526	-1.5520130424e-06
338.349528792	-1.44651115585e-06
338.663688057	-1.32226801432e-06
338.977847322	-1.1754743388e-06
339.292006588	-1.00552915823e-06
339.606165853	-8.01713951444e-07
339.920325118	-5.73311884308e-07
340.234484384	-3.30494397608e-07
340.548643649	-1.04072245788e-07
340.862802915	8.17303939059e-08
341.17696218	2.03956935862e-07
341.491121445	2.56953955795e-07
341.805280711	2.52126746015e-07
342.119439976	1.96442976776e-07
342.433599241	1.19919701291e-07
342.747758507	3.15893858834e-08
343.061917772	-4.89564620133e-08
343.376077037	-1.15903320676e-07
343.690236303	-1.75028553527e-07
344.004395568	-2.24272637564e-07
344.318554833	-2.72380712461e-07
344.632714099	-3.15909607735e-07
344.946873364	-3.66373371345e-07
345.26103263	-4.19508301882e-07
345.575191895	-4.84751451115e-07
345.88935116	-5.67226319136e-07
346.203510426	-6.63106502832e-07
346.517669691	-7.79341770487e-07
346.831828956	-9.01906541074e-07
347.145988222	-1.03318365283e-06
347.460147487	-1.16110378587e-06
347.774306752	-1.28240194699e-06
348.088466018	-1.39125381183e-06
348.402625283	-1.48016089657e-06
348.716784548	-1.55350303889e-06
349.030943814	-1.60590600982e-06
349.345103079	-1.65295199108e-06
349.659262345	-1.69355657073e-06
349.97342161	-1.73829413471e-06
350.287580875	-1.78927719363e-06
350.601740141	-1.84552490198e-06
350.915899406	-1.90961789721e-06
351.230058671	-1.96961982395e-06
351.544217937	-2.03190345138e-06
351.858377202	-2.08442015604e-06
352.172536467	-2.13299918182e-06
352.486695733	-2.17779044284e-06
352.800854998	-2.21951860834e-06
353.115014264	-2.26425128061e-06
353.429173529	-2.30133643266e-06
353.743332794	-2.32967502135e-06
354.05749206	-2.33207705718e-06
354.371651325	-2.30387057299e-06
354.68581059	-2.23340144678e-06
354.999969856	-2.12267146078e-06
355.314129121	-1.9750118326e-06
355.628288386	-1.79456550343e-06
355.942447652	-1.60981000727e-06
356.256606917	-1.42625192453e-06
356.570766182	-1.26344451243e-06
356.884925448	-1.12492043046e-06
357.199084713	-1.01511408705e-06
357.513243979	-9.34628383545e-07
357.827403244	-8.75249159253e-07
358.141562509	-8.33955914615e-07
358.455721775	-7.84627860339e-07
358.76988104	-7.19660714177e-07
359.084040305	-6.20231857773e-07
359.398199571	-4.86532272788e-07
359.712358836	-3.29574650426e-07
360.026518101	-1.68086166035e-07
360.340677367	-3.85907389259e-08
360.654836632	4.96948152147e-08
360.968995897	8.09143333404e-08
361.283155163	6.00051594035e-08
361.597314428	-5.76607530717e-09
361.911473694	-1.00007645989e-07
362.225632959	-2.0514651105e-07
362.539792224	-3.1640136511e-07
362.85395149	-4.18702185779e-07
363.168110755	-5.18975544782e-07
363.48227002	-6.12305237704e-07
363.796429286	-7.03153228021e-07
364.110588551	-7.89247118534e-07
364.424747816	-8.70110390754e-07
364.738907082	-9.52217541245e-07
365.053066347	-1.02674135378e-06
365.367225613	-1.1024074144e-06
365.681384878	-1.17480192595e-06
365.995544143	-1.2476107573e-06
366.309703409	-1.31863357111e-06
366.623862674	-1.38428256017e-06
366.938021939	-1.44626135809e-06
367.252181205	-1.49635740085e-06
367.56634047	-1.53951329918e-06
367.880499735	-1.57148282076e-06
368.194659001	-1.59808736658e-06
368.508818266	-1.61596650278e-06
368.822977531	-1.63088842235e-06
369.137136797	-1.64853200858e-06
369.451296062	-1.665403981e-06
369.765455328	-1.69552331992e-06
370.079614593	-1.73134245958e-06
370.393773858	-1.77429226032e-06
370.707933124	-1.81755719754e-06
371.022092389	-1.85241780425e-06
371.336251654	-1.87342177365e-06
371.65041092	-1.87685191118e-06
371.964570185	-1.87274780426e-06
372.27872945	-1.85700188644e-06
372.592888716	-1.84324144956e-06
372.907047981	-1.83092302224e-06
373.221207246	-1.8178518905e-06
373.535366512	-1.8041615732e-06
373.849525777	-1.78352409064e-06
374.163685043	-1.7597048564e-06
374.477844308	-1.72238752639e-06
374.792003573	-1.67042893102e-06
375.106162839	-1.59265901361e-06
375.420322104	-1.48291799962e-06
375.734481369	-1.3421554488e-06
376.048640635	-1.18008460636e-06
376.3627999	-1.02136405395e-06
376.676959165	-8.81511502715e-07
376.991118431	-7.85352115924e-07
377.305277696	-7.36183878855e-07
377.619436962	-7.27445691113e-07
377.933596227	-7.39628773911e-07
378.247755492	-7.47875676849e-07
378.561914758	-7.38636153678e-07
378.876074023	-6.94276034552e-07
379.190233288	-6.22348247233e-07
379.504392554	-5.34296450074e-07
379.818551819	-4.47184255912e-07
380.132711084	-3.75145911554e-07
380.44687035	-3.2793010938e-07
380.761029615	-3.17303508971e-07
381.07518888	-3.40181719687e-07
381.389348146	-3.96952571286e-07
381.703507411	-4.79493348884e-07
382.017666677	-5.81738925342e-07
382.331825942	-6.91096331072e-07
382.645985207	-8.03019491411e-07
382.960144473	-9.17616206915e-07
383.274303738	-1.02188887592e-06
383.588463003	-1.11946121179e-06
383.902622269	-1.20297389644e-06
384.216781534	-1.27001197367e-06
384.530940799	-1.32380576418e-06
384.845100065	-1.36416299495e-06
385.15925933	-1.3915690461e-06
385.473418595	-1.40603546295e-06
385.787577861	-1.41476442247e-06
386.101737126	-1.41174332108e-06
386.415896392	-1.40744413659e-06
386.730055657	-1.4039001445e-06
387.044214922	-1.39738002941e-06
387.358374188	-1.39347771534e-06
387.672533453	-1.39064400345e-06
387.986692718	-1.38997786682e-06
388.300851984	-1.38703283161e-06
388.615011249	-1.38919327763e-06
388.929170514	-1.39489476479e-06
389.24332978	-1.40419865617e-06
389.557489045	-1.41840296599e-06
389.871648311	-1.43471459094e-06
390.185807576	-1.45288049968e-06
390.499966841	-1.46306292465e-06
390.814126107	-1.47619318301e-06
391.128285372	-1.49003663388e-06
391.442444637	-1.50683982883e-06
391.756603903	-1.53492569435e-06
392.070763168	-1.56967630063e-06
392.384922433	-1.60868368191e-06
392.699081699	-1.64207100691e-06
393.013240964	-1.67306228298e-06
393.327400229	-1.69644414616e-06
393.641559495	-1.71877060432e-06
393.95571876	-1.74276188675e-06
394.269878026	-1.75270159573e-06
394.584037291	-1.73499175477e-06
394.898196556	-1.66854549618e-06
395.212355822	-1.55236080664e-06
395.526515087	-1.39115795577e-06
395.840674352	-1.21315808556e-06
396.154833618	-1.04386436836e-06
396.468992883	-9.02849613261e-07
396.783152148	-8.11868608438e-07
397.097311414	-7.64773907719e-07
397.411470679	-7.58826557628e-07
397.725629944	-7.7575186487e-07
398.03978921	-8.0213930057e-07
398.353948475	-8.24882847233e-07
398.668107741	-8.35714397264e-07
398.982267006	-8.34467787374e-07
399.296426271	-8.17180196432e-07
399.610585537	-7.960767899e-07
399.924744802	-7.68553626181e-07
400.238904067	-7.46888351026e-07
400.553063333	-7.36520172728e-07
400.867222598	-7.40544645945e-07
401.181381863	-7.66322180915e-07
401.495541129	-8.08119366498e-07
401.809700394	-8.6987701609e-07
402.12385966	-9.36404515446e-07
402.438018925	-1.00598722368e-06
402.75217819	-1.07252431247e-06
403.066337456	-1.13125743291e-06
403.380496721	-1.17891482275e-06
403.694655986	-1.20912408477e-06
404.008815252	-1.22822931315e-06
404.322974517	-1.22301408367e-06
404.637133782	-1.2079153255e-06
404.951293048	-1.18571423596e-06
405.265452313	-1.15626069661e-06
405.579611578	-1.13164355152e-06
405.893770844	-1.11209843188e-06
406.207930109	-1.10140661959e-06
406.522089375	-1.0941980307e-06
406.83624864	-1.10091445692e-06
407.150407905	-1.11196915923e-06
407.464567171	-1.127381924e-06
407.778726436	-1.15034687478e-06
408.092885701	-1.17436719423e-06
408.407044967	-1.20236589037e-06
408.721204232	-1.22689899133e-06
409.035363497	-1.25851374169e-06
409.349522763	-1.28823874141e-06
409.663682028	-1.31959664296e-06
409.977841293	-1.35747678519e-06
410.292000559	-1.39884309753e-06
410.606159824	-1.44871160494e-06
410.92031909	-1.50720013293e-06
411.234478355	-1.58483828261e-06
411.54863762	-1.66501249847e-06
411.862796886	-1.75181186389e-06
412.176956151	-1.83523244071e-06
412.491115416	-1.89759467285e-06
412.805274682	-1.944704146e-06
413.119433947	-1.97370157491e-06
413.433593212	-1.98996236054e-06
413.747752478	-1.97984070859e-06
414.061911743	-1.93926294737e-06
414.376071009	-1.84803683181e-06
414.690230274	-1.70252417178e-06
415.004389539	-1.51992853196e-06
415.318548805	-1.31361053969e-06
415.63270807	-1.12152597145e-06
415.946867335	-9.59124283963e-07
416.261026601	-8.50043691989e-07
416.575185866	-7.91632866953e-07
416.889345131	-7.77061236095e-07
417.203504397	-7.99433323383e-07
417.517663662	-8.35831854785e-07
417.831822927	-8.84155830037e-07
418.145982193	-9.27805182752e-07
418.460141458	-9.70091302606e-07
418.774300724	-1.00230100578e-06
419.088459989	-1.0227210268e-06
419.402619254	-1.03394359804e-06
419.71677852	-1.02752793072e-06
420.030937785	-1.01092970757e-06
420.34509705	-9.78455153676e-07
420.659256316	-9.40040653045e-07
420.973415581	-8.91503144555e-07
421.287574846	-8.44777655365e-07
421.601734112	-8.08441718578e-07
421.915893377	-7.80650304416e-07
422.230052642	-7.73139269206e-07
422.544211908	-7.72999520806e-07
422.858371173	-7.84062357465e-07
423.172530439	-7.97783534362e-07
423.486689704	-8.14608488387e-07
423.800848969	-8.3347501167e-07
424.115008235	-8.53381429907e-07
424.4291675	-8.81205657292e-07
424.743326765	-9.08497881029e-07
425.057486031	-9.48500964022e-07
425.371645296	-9.88468248751e-07
425.685804561	-1.03346446027e-06
425.999963827	-1.083553118e-06
426.314123092	-1.12678452402e-06
426.628282358	-1.17178618694e-06
426.942441623	-1.21038504737e-06
427.256600888	-1.24758398041e-06
427.570760154	-1.28032278053e-06
427.884919419	-1.31824283375e-06
428.199078684	-1.35704953236e-06
428.51323795	-1.39752709727e-06
428.827397215	-1.44810129071e-06
429.14155648	-1.49459211379e-06
429.455715746	-1.54628447202e-06
429.769875011	-1.59543221676e-06
430.084034276	-1.64908967349e-06
430.398193542	-1.71022787277e-06
430.712352807	-1.78363498526e-06
431.026512073	-1.87504579681e-06
431.340671338	-1.96322568628e-06
431.654830603	-2.04444044261e-06
431.968989869	-2.10039191694e-06
432.283149134	-2.13118518722e-06
432.597308399	-2.1408010372e-06
432.911467665	-2.13091987804e-06
433.22562693	-2.09853863384e-06
433.539786195	-2.0232542914e-06
433.853945461	-1.90063902026e-06
434.168104726	-1.72396989813e-06
434.482263991	-1.51134964374e-06
434.796423257	-1.2818770133e-06
435.110582522	-1.06829368729e-06
435.424741788	-9.00457869358e-07
435.738901053	-7.83286897071e-07
436.053060318	-7.28933610423e-07
436.367219584	-7.24992692121e-07
436.681378849	-7.57810876603e-07
436.995538114	-8.06221810495e-07
437.30969738	-8.57190733569e-07
437.623856645	-9.00296584433e-07
437.93801591	-9.26668331012e-07
438.252175176	-9.40842318308e-07
438.566334441	-9.39327003365e-07
438.880493707	-9.29779602212e-07
439.194652972	-9.02686203846e-07
439.508812237	-8.65064547814e-07
439.822971503	-8.22985168192e-07
440.137130768	-7.69222933185e-07
440.451290033	-7.1616081889e-07
440.765449299	-6.6448674553e-07
441.079608564	-6.18453966079e-07
441.393767829	-5.79128137279e-07
441.707927095	-5.5914207999e-07
442.02208636	-5.5755796533e-07
442.336245625	-5.72802010988e-07
442.650404891	-6.13545427244e-07
442.964564156	-6.68489751613e-07
443.278723422	-7.40282242932e-07
443.592882687	-8.21455272862e-07
443.907041952	-9.1149726666e-07
444.221201218	-1.0046712804e-06
444.535360483	-1.09555515595e-06
444.849519748	-1.18724857594e-06
445.163679014	-1.26594437824e-06
445.477838279	-1.3373815678e-06
445.791997544	-1.39605061826e-06
446.10615681	-1.44024283798e-06
446.420316075	-1.47440391297e-06
446.73447534	-1.50114344918e-06
447.048634606	-1.52531050042e-06
447.362793871	-1.54978757213e-06
447.676953137	-1.58263814673e-06
447.991112402	-1.61804109675e-06
448.305271667	-1.6599507922e-06
448.619430933	-1.69951539867e-06
448.933590198	-1.73478788996e-06
449.247749463	-1.77323282879e-06
449.561908729	-1.81090935159e-06
449.876067994	-1.86081325797e-06
450.190227259	-1.92102168922e-06
450.504386525	-1.98356773741e-06
450.81854579	-2.03673417607e-06
451.132705056	-2.07215044297e-06
451.446864321	-2.08658632406e-06
451.761023586	-2.08113379318e-06
452.075182852	-2.06544087169e-06
452.389342117	-2.03601712703e-06
452.703501382	-1.9867181296e-06
453.017660648	-1.8960783848e-06
453.331819913	-1.75712613773e-06
453.645979178	-1.57140186426e-06
453.960138444	-1.34185718755e-06
454.274297709	-1.10321014327e-06
454.588456974	-8.84048405089e-07
454.90261624	-7.0620234837e-07
455.216775505	-5.83402003598e-07
455.530934771	-5.23805017424e-07
455.845094036	-5.15092751393e-07
456.159253301	-5.37059040557e-07
456.473412567	-5.81463362584e-07
456.787571832	-6.26940901809e-07
457.101731097	-6.65585141496e-07
457.415890363	-6.94473074487e-07
457.730049628	-7.12550727544e-07
458.044208893	-7.18365334726e-07
458.358368159	-7.17258703996e-07
458.672527424	-7.17412535626e-07
458.986686689	-7.11016389917e-07
459.300845955	-7.1030248685e-07
459.61500522	-7.1485841622e-07
459.929164486	-7.18187116204e-07
460.243323751	-7.27295702334e-07
460.557483016	-7.44226910643e-07
460.871642282	-7.64676476644e-07
461.185801547	-7.88715220487e-07
461.499960812	-8.25306269771e-07
461.814120078	-8.65211984687e-07
462.128279343	-9.11543117315e-07
462.442438608	-9.65005570225e-07
462.756597874	-1.02380813241e-06
463.070757139	-1.08817911196e-06
463.384916405	-1.15067712819e-06
463.69907567	-1.22134864597e-06
464.013234935	-1.29026400261e-06
464.327394201	-1.35478986726e-06
464.641553466	-1.41901423326e-06
464.955712731	-1.47933302513e-06
465.269871997	-1.53168146231e-06
465.584031262	-1.57801859164e-06
465.898190527	-1.62625215878e-06
466.212349793	-1.66658741421e-06
466.526509058	-1.70926671401e-06
466.840668323	-1.75013181579e-06
467.154827589	-1.78400266574e-06
467.468986854	-1.81235762442e-06
467.78314612	-1.82434900478e-06
468.097305385	-1.82710938153e-06
468.41146465	-1.81878261697e-06
468.725623916	-1.80930776444e-06
469.039783181	-1.80230924276e-06
469.353942446	-1.80587565143e-06
469.668101712	-1.81947940509e-06
469.982260977	-1.83086514717e-06
470.296420242	-1.84333116803e-06
470.610579508	-1.83962101576e-06
470.924738773	-1.82606941293e-06
471.238898039	-1.80673003345e-06
471.553057304	-1.78458310084e-06
471.867216569	-1.75660590045e-06
472.181375835	-1.70540252447e-06
472.4955351	-1.6237766585e-06
472.809694365	-1.48643098928e-06
473.123853631	-1.30122653164e-06
473.438012896	-1.08141453343e-06
473.752172161	-8.48989263846e-07
474.066331427	-6.38233745442e-07
474.380490692	-4.7385126477e-07
474.694649957	-3.73087437966e-07
475.008809223	-3.27925305532e-07
475.322968488	-3.39120882749e-07
475.637127754	-3.84678228367e-07
475.951287019	-4.4696616361e-07
476.265446284	-5.14871442616e-07
476.57960555	-5.78615104374e-07
476.893764815	-6.38252284979e-07
477.20792408	-6.86828258943e-07
477.522083346	-7.40302713653e-07
477.836242611	-7.90363841285e-07
478.150401876	-8.36397922506e-07
478.464561142	-8.8643651978e-07
478.778720407	-9.34954594457e-07
479.092879672	-9.81134794637e-07
479.407038938	-1.02705776809e-06
479.721198203	-1.07862062769e-06
480.035357469	-1.11983249274e-06
480.349516734	-1.16017566752e-06
480.663675999	-1.19532580715e-06
480.977835265	-1.21764665676e-06
481.29199453	-1.23705893859e-06
481.606153795	-1.2486599287e-06
481.920313061	-1.26070058777e-06
482.234472326	-1.26972646912e-06
482.548631591	-1.28601251654e-06
482.862790857	-1.30604798592e-06
483.176950122	-1.3306671899e-06
483.491109388	-1.3657447574e-06
483.805268653	-1.40111259844e-06
484.119427918	-1.44408786965e-06
484.433587184	-1.48226789511e-06
484.747746449	-1.52314041969e-06
485.061905714	-1.5611420015e-06
485.37606498	-1.59429662758e-06
485.690224245	-1.63210530899e-06
486.00438351	-1.66301952568e-06
486.318542776	-1.69363366216e-06
486.632702041	-1.71457038565e-06
486.946861306	-1.72769009007e-06
487.261020572	-1.72528001789e-06
487.575179837	-1.70863013572e-06
487.889339103	-1.68413483879e-06
488.203498368	-1.64709859206e-06
488.517657633	-1.61775612008e-06
488.831816899	-1.5907798363e-06
489.145976164	-1.57190349394e-06
489.460135429	-1.55793379038e-06
489.774294695	-1.54434424563e-06
490.08845396	-1.53157967385e-06
490.402613225	-1.52021785983e-06
490.716772491	-1.52629094816e-06
491.030931756	-1.53437556561e-06
491.345091021	-1.54307921488e-06
491.659250287	-1.53251120053e-06
491.973409552	-1.47821807367e-06
492.287568818	-1.37325136856e-06
492.601728083	-1.21343219553e-06
492.915887348	-1.01507621857e-06
493.230046614	-7.99306996638e-07
493.544205879	-6.08686823868e-07
493.858365144	-4.62770065841e-07
494.17252441	-3.80218404049e-07
494.486683675	-3.65702075991e-07
494.80084294	-4.01790639818e-07
495.115002206	-4.78123409665e-07
495.429161471	-5.68976842893e-07
495.743320737	-6.66189369759e-07
496.057480002	-7.57406334471e-07
496.371639267	-8.4348262568e-07
496.685798533	-9.24508510665e-07
496.999957798	-9.9856025935e-07
497.314117063	-1.0677180606e-06
497.628276329	-1.1267253149e-06
497.942435594	-1.18460033902e-06
498.256594859	-1.22930382696e-06
498.570754125	-1.27087880956e-06
498.88491339	-1.30956642201e-06
499.199072655	-1.33484588795e-06
499.513231921	-1.3572206343e-06
499.827391186	-1.37235348424e-06
500.141550452	-1.37996695845e-06
500.455709717	-1.37831690053e-06
500.769868982	-1.37817240547e-06
501.084028248	-1.36998514191e-06
501.398187513	-1.35685874921e-06
501.712346778	-1.34838779769e-06
502.026506044	-1.33604516388e-06
502.340665309	-1.32956472927e-06
502.654824574	-1.32455506059e-06
502.96898384	-1.32735800497e-06
503.283143105	-1.33102523691e-06
503.59730237	-1.33607134934e-06
503.911461636	-1.34542242517e-06
504.225620901	-1.34997650235e-06
504.539780167	-1.35721345209e-06
504.853939432	-1.3624763004e-06
505.168098697	-1.37243674661e-06
505.482257963	-1.38229827271e-06
505.796417228	-1.39721432137e-06
506.110576493	-1.41661581888e-06
506.424735759	-1.43210214373e-06
506.738895024	-1.44968583532e-06
507.053054289	-1.46199149028e-06
507.367213555	-1.47643351381e-06
507.68137282	-1.48858759641e-06
507.995532086	-1.50776319033e-06
508.309691351	-1.53096977779e-06
508.623850616	-1.54516296057e-06
508.938009882	-1.55356117283e-06
509.252169147	-1.54583045318e-06
509.566328412	-1.53257211307e-06
509.880487678	-1.51980864814e-06
510.194646943	-1.5225313168e-06
510.508806208	-1.53600872154e-06
510.822965474	-1.5487086554e-06
511.137124739	-1.55323039346e-06
511.451284004	-1.52074518988e-06
511.76544327	-1.44649353733e-06
512.079602535	-1.3172904515e-06
512.393761801	-1.14772354491e-06
512.707921066	-9.61999090159e-07
513.022080331	-7.83511370952e-07
513.336239597	-6.486256393e-07
513.650398862	-5.68695657231e-07
513.964558127	-5.49511426164e-07
514.278717393	-5.82867675817e-07
514.592876658	-6.6282650186e-07
514.907035923	-7.6027447014e-07
515.221195189	-8.62318572408e-07
515.535354454	-9.66292057262e-07
515.849513719	-1.05012421122e-06
516.163672985	-1.12240146448e-06
516.47783225	-1.17877113663e-06
516.791991516	-1.2227877964e-06
517.106150781	-1.25522078768e-06
517.420310046	-1.27904903886e-06
517.734469312	-1.30014626256e-06
518.048628577	-1.31056970538e-06
518.362787842	-1.31901165436e-06
518.676947108	-1.32152680427e-06
518.991106373	-1.32130647526e-06
519.305265638	-1.31498068269e-06
519.619424904	-1.30689281014e-06
519.933584169	-1.29803975044e-06
520.247743435	-1.28186919997e-06
520.5619027	-1.26883945045e-06
520.876061965	-1.25373354743e-06
521.190221231	-1.24275702879e-06
521.504380496	-1.23160282046e-06
521.818539761	-1.2230220226e-06
522.132699027	-1.21893642005e-06
522.446858292	-1.20854531541e-06
522.761017557	-1.20076664002e-06
523.075176823	-1.19206990937e-06
523.389336088	-1.1812669479e-06
523.703495353	-1.16957054074e-06
524.017654619	-1.16585844883e-06
524.331813884	-1.1667762055e-06
524.64597315	-1.17486552435e-06
524.960132415	-1.19944415474e-06
525.27429168	-1.22863130345e-06
525.588450946	-1.26812560997e-06
525.902610211	-1.31000094665e-06
526.216769476	-1.35486952015e-06
526.530928742	-1.40696139339e-06
526.845088007	-1.46119786102e-06
527.159247272	-1.52903855654e-06
527.473406538	-1.60836018151e-06
527.787565803	-1.68847907237e-06
528.101725068	-1.75356914824e-06
528.415884334	-1.79641238249e-06
528.730043599	-1.80360531584e-06
529.044202865	-1.78160651188e-06
529.35836213	-1.75351115892e-06
529.672521395	-1.72019308581e-06
529.986680661	-1.69453277597e-06
530.300839926	-1.67235269722e-06
530.614999191	-1.64097835892e-06
530.929158457	-1.58948515477e-06
531.243317722	-1.50846179463e-06
531.557476987	-1.39371761207e-06
531.871636253	-1.2462145952e-06
532.185795518	-1.09216439205e-06
532.499954784	-9.45283873342e-07
532.814114049	-8.2028042707e-07
533.128273314	-7.36093681024e-07
533.44243258	-7.00263346527e-07
533.756591845	-7.09348993185e-07
534.07075111	-7.54258125962e-07
534.384910376	-8.2779594197e-07
534.699069641	-9.05064920128e-07
535.013228906	-9.77766906802e-07
535.327388172	-1.03930213019e-06
535.641547437	-1.08493006203e-06
535.955706702	-1.11692379288e-06
536.269865968	-1.13252973957e-06
536.584025233	-1.14208968004e-06
536.898184499	-1.14412816325e-06
537.212343764	-1.13985096508e-06
537.526503029	-1.13622327216e-06
537.840662295	-1.13681632672e-06
538.15482156	-1.1374802666e-06
538.468980825	-1.13947453117e-06
538.783140091	-1.14917027366e-06
539.097299356	-1.15572499899e-06
539.411458621	-1.16446226141e-06
539.725617887	-1.17431153994e-06
540.039777152	-1.18390934859e-06
540.353936417	-1.19684007082e-06
540.668095683	-1.20655644938e-06
540.982254948	-1.21714760537e-06
541.296414214	-1.22754185798e-06
541.610573479	-1.23407462704e-06
541.924732744	-1.23459298875e-06
542.23889201	-1.23542512095e-06
542.553051275	-1.23134622376e-06
542.86721054	-1.22170251584e-06
543.181369806	-1.22137426562e-06
543.495529071	-1.22292138809e-06
543.809688336	-1.23205123932e-06
544.123847602	-1.25364238179e-06
544.438006867	-1.28223183844e-06
544.752166133	-1.31723882677e-06
545.066325398	-1.35864990886e-06
545.380484663	-1.40728310213e-06
545.694643929	-1.45607350711e-06
546.008803194	-1.51298747432e-06
546.322962459	-1.57888520701e-06
546.637121725	-1.65079666665e-06
546.95128099	-1.73285385694e-06
547.265440255	-1.81639109636e-06
547.579599521	-1.88741980778e-06
547.893758786	-1.93366217755e-06
548.207918051	-1.95489676779e-06
548.522077317	-1.94577131266e-06
548.836236582	-1.91502652964e-06
549.150395848	-1.87570995609e-06
549.464555113	-1.82299332611e-06
549.778714378	-1.75734680753e-06
550.092873644	-1.67487540602e-06
550.407032909	-1.57378805219e-06
550.721192174	-1.4508215785e-06
551.03535144	-1.31290815938e-06
551.349510705	-1.17198216544e-06
551.66366997	-1.03611760632e-06
551.977829236	-9.16379681516e-07
552.291988501	-8.21508174036e-07
552.606147766	-7.59853806033e-07
552.920307032	-7.23311283172e-07
553.234466297	-7.15977196899e-07
553.548625563	-7.31466150626e-07
553.862784828	-7.55783971523e-07
554.176944093	-7.90965270822e-07
554.491103359	-8.28113362109e-07
554.805262624	-8.63979057991e-07
555.119421889	-8.97191542145e-07
555.433581155	-9.29838149653e-07
555.74774042	-9.54641294832e-07
556.061899685	-9.77785507203e-07
556.376058951	-1.00356709543e-06
556.690218216	-1.02320865528e-06
557.004377482	-1.05125127412e-06
557.318536747	-1.0809134015e-06
557.632696012	-1.11174355107e-06
557.946855278	-1.14585950715e-06
558.261014543	-1.1795434117e-06
558.575173808	-1.21418568311e-06
558.889333074	-1.24480866048e-06
559.203492339	-1.27820577539e-06
559.517651604	-1.3064867768e-06
559.83181087	-1.33278739296e-06
560.145970135	-1.35597762153e-06
560.4601294	-1.37438800467e-06
560.774288666	-1.38885033055e-06
561.088447931	-1.39547345727e-06
561.402607197	-1.4027012597e-06
561.716766462	-1.40168945248e-06
562.030925727	-1.40227636278e-06
562.345084993	-1.40575689822e-06
562.659244258	-1.40959596396e-06
562.973403523	-1.41835118024e-06
563.287562789	-1.42950322587e-06
563.601722054	-1.44452328971e-06
563.915881319	-1.45731325797e-06
564.230040585	-1.47710691918e-06
564.54419985	-1.49494084151e-06
564.858359115	-1.51460917895e-06
565.172518381	-1.54133164348e-06
565.486677646	-1.56816035789e-06
565.800836912	-1.60373659138e-06
566.114996177	-1.64443206678e-06
566.429155442	-1.69357225783e-06
566.743314708	-1.73890544158e-06
567.057473973	-1.78148509707e-06
567.371633238	-1.8173577408e-06
567.685792504	-1.83921715764e-06
567.999951769	-1.85863315154e-06
568.314111034	-1.86833219726e-06
568.6282703	-1.86726388019e-06
568.942429565	-1.83746643477e-06
569.256588831	-1.77490195782e-06
569.570748096	-1.66985820867e-06
569.884907361	-1.51862278537e-06
570.199066627	-1.34475401299e-06
570.513225892	-1.15650292199e-06
570.827385157	-9.83321325963e-07
571.141544423	-8.39368419089e-07
571.455703688	-7.41283260903e-07
571.769862953	-6.88367835811e-07
572.084022219	-6.65718562698e-07
572.398181484	-6.74454868349e-07
572.712340749	-6.94470716917e-07
573.026500015	-7.191056815e-07
573.34065928	-7.44814417614e-07
573.654818546	-7.77743826106e-07
573.968977811	-8.08799154611e-07
574.283137076	-8.4191919421e-07
574.597296342	-8.87734173978e-07
574.911455607	-9.28984397604e-07
575.225614872	-9.78176257637e-07
575.539774138	-1.03005139178e-06
575.853933403	-1.08181828231e-06
576.168092668	-1.13372051181e-06
576.482251934	-1.18305301945e-06
576.796411199	-1.23097335427e-06
577.110570464	-1.27136352149e-06
577.42472973	-1.3129276139e-06
577.738888995	-1.34714134552e-06
578.053048261	-1.38210719984e-06
578.367207526	-1.41363183181e-06
578.681366791	-1.4414819296e-06
578.995526057	-1.47203171496e-06
579.309685322	-1.4927001858e-06
579.623844587	-1.51445762381e-06
579.938003853	-1.53053652653e-06
580.252163118	-1.54019023494e-06
580.566322383	-1.54393688411e-06
580.880481649	-1.54442493062e-06
581.194640914	-1.54311175098e-06
581.50880018	-1.53465563327e-06
581.822959445	-1.53078030993e-06
582.13711871	-1.52307310791e-06
582.451277976	-1.51510062837e-06
582.765437241	-1.50547745415e-06
583.079596506	-1.49704947202e-06
583.393755772	-1.48770940528e-06
583.707915037	-1.47126519428e-06
584.022074302	-1.46342869703e-06
584.336233568	-1.45447211977e-06
584.650392833	-1.45178044149e-06
584.964552098	-1.46028556216e-06
585.278711364	-1.479566813e-06
585.592870629	-1.50931075503e-06
585.907029895	-1.53908965241e-06
586.22118916	-1.57469885896e-06
586.535348425	-1.60759534484e-06
586.849507691	-1.63815579641e-06
587.163666956	-1.67317354092e-06
587.477826221	-1.71895569312e-06
587.791985487	-1.76473963917e-06
588.106144752	-1.79767111581e-06
588.420304017	-1.81253014601e-06
588.734463283	-1.77361092074e-06
589.048622548	-1.67661784904e-06
589.362781813	-1.52332937516e-06
589.676941079	-1.31975159905e-06
589.991100344	-1.10192276986e-06
590.30525961	-9.04324533651e-07
590.619418875	-7.53544947643e-07
590.93357814	-6.62205196355e-07
591.247737406	-6.39490286851e-07
591.561896671	-6.64353675569e-07
591.876055936	-7.19996834489e-07
592.190215202	-7.93028302862e-07
592.504374467	-8.6276436203e-07
592.818533732	-9.2631722385e-07
593.132692998	-9.77589187102e-07
593.446852263	-1.02566474571e-06
593.761011529	-1.06717032991e-06
594.075170794	-1.10244474465e-06
594.389330059	-1.14133389473e-06
594.703489325	-1.17966518172e-06
595.01764859	-1.21596310733e-06
595.331807855	-1.2504866321e-06
595.645967121	-1.28731061707e-06
595.960126386	-1.31546753273e-06
596.274285651	-1.33855332302e-06
596.588444917	-1.36308277282e-06
596.902604182	-1.38323243243e-06
597.216763447	-1.40234057917e-06
597.530922713	-1.42168687972e-06
597.845081978	-1.44736223768e-06
598.159241244	-1.47121022664e-06
598.473400509	-1.49517704493e-06
598.787559774	-1.52235221988e-06
599.10171904	-1.54374059503e-06
599.415878305	-1.55960807051e-06
599.73003757	-1.56803012089e-06
600.044196836	-1.57090513078e-06
600.358356101	-1.56381381446e-06
600.672515366	-1.54767891148e-06
600.986674632	-1.52491244885e-06
601.300833897	-1.49881300281e-06
601.614993162	-1.4706662997e-06
601.929152428	-1.44261202399e-06
602.243311693	-1.42399293486e-06
602.557470959	-1.40362178564e-06
602.871630224	-1.3855357805e-06
603.185789489	-1.37271072468e-06
603.499948755	-1.35870589861e-06
603.81410802	-1.35170702573e-06
604.128267285	-1.35741715044e-06
604.442426551	-1.37884780154e-06
604.756585816	-1.41332313641e-06
605.070745081	-1.46058302108e-06
605.384904347	-1.50638155311e-06
605.699063612	-1.54693147438e-06
606.013222878	-1.58578401793e-06
606.327382143	-1.62425929493e-06
606.641541408	-1.67160702172e-06
606.955700674	-1.72137423743e-06
607.269859939	-1.77305311797e-06
607.584019204	-1.81299222291e-06
607.89817847	-1.82658984973e-06
608.212337735	-1.79937950906e-06
608.526497	-1.7136537803e-06
608.840656266	-1.56636109633e-06
609.154815531	-1.37058113156e-06
609.468974796	-1.16315843802e-06
609.783134062	-9.67186240565e-07
610.097293327	-8.17346989214e-07
610.411452593	-7.3561923233e-07
610.725611858	-7.19285862343e-07
611.039771123	-7.63659223797e-07
611.353930389	-8.4378587182e-07
611.668089654	-9.41008048844e-07
611.982248919	-1.03099504918e-06
612.296408185	-1.10636805495e-06
612.61056745	-1.16390878953e-06
612.924726715	-1.20119945075e-06
613.238885981	-1.22666874662e-06
613.553045246	-1.23908128793e-06
613.867204511	-1.24837658043e-06
614.181363777	-1.25185817561e-06
614.495523042	-1.2557327138e-06
614.809682308	-1.26027215539e-06
615.123841573	-1.26320607425e-06
615.438000838	-1.26769356557e-06
615.752160104	-1.26983384415e-06
616.066319369	-1.2786747441e-06
616.380478634	-1.2850706206e-06
616.6946379	-1.29787950052e-06
617.008797165	-1.31854259611e-06
617.32295643	-1.33980776624e-06
617.637115696	-1.37109329865e-06
617.951274961	-1.40459638773e-06
618.265434227	-1.43803116909e-06
618.579593492	-1.46834428663e-06
618.893752757	-1.49681979387e-06
619.207912023	-1.51390015457e-06
619.522071288	-1.52104750028e-06
619.836230553	-1.52061774029e-06
620.150389819	-1.50401405307e-06
620.464549084	-1.48422841128e-06
620.778708349	-1.45920816012e-06
621.092867615	-1.43662155933e-06
621.40702688	-1.41952989046e-06
621.721186145	-1.40769075065e-06
622.035345411	-1.4025229903e-06
622.349504676	-1.39922881213e-06
622.663663942	-1.40264404697e-06
622.977823207	-1.40761009989e-06
623.291982472	-1.42635027814e-06
623.606141738	-1.45734718325e-06
623.920301003	-1.50204539283e-06
624.234460268	-1.55716691124e-06
624.548619534	-1.60175903954e-06
624.862778799	-1.6371095303e-06
625.176938064	-1.65933311469e-06
625.49109733	-1.67832231272e-06
625.805256595	-1.70083568968e-06
626.11941586	-1.73458223542e-06
626.433575126	-1.77477404352e-06
626.747734391	-1.80735454946e-06
627.061893657	-1.83458508652e-06
627.376052922	-1.83690636381e-06
627.690212187	-1.80461203572e-06
628.004371453	-1.72302800784e-06
628.318530718	-1.58886669895e-06
