0.287500000000000033
0.325000000000000011
0.362500000000000044
0.400000000000000022
0.437500000000000000
0.475000000000000033
0.512499999999999956
0.550000000000000044
0.587500000000000022
0.625000000000000000
0.662500000000000089
0.699999999999999956
0.737500000000000044
0.775000000000000022
0.812500000000000000
0.849999999999999978
0.887499999999999956
0.925000000000000044
0.962500000000000022
1.000000000000000000
1.037500000000000089
1.074999999999999956
1.112500000000000044
1.149999999999999911
1.187500000000000000
1.225000000000000089
1.262499999999999956
1.299999999999999822
1.337499999999999911
1.375000000000000000
1.412500000000000089
1.450000000000000178
1.487499999999999822
1.524999999999999911
1.562500000000000000
1.600000000000000089
1.637500000000000178
1.674999999999999822
1.712499999999999911
1.750000000000000000
1.787500000000000089
1.825000000000000178
1.862499999999999822
1.899999999999999911
1.937500000000000000
1.975000000000000089
2.012500000000000178
2.049999999999999822
2.087499999999999911
2.125000000000000000
2.162500000000000089
2.199999999999999734
2.237499999999999822
2.274999999999999911
2.312500000000000000
2.350000000000000089
2.387499999999999734
2.424999999999999822
2.462499999999999911
2.500000000000000000
2.537499999999999645
2.574999999999999734
2.612499999999999822
2.649999999999999911
2.687500000000000000
2.724999999999999645
2.762499999999999734
2.799999999999999822
2.837499999999999911
2.875000000000000000
2.912499999999999645
2.949999999999999734
2.987499999999999822
3.024999999999999911
3.062500000000000000
3.099999999999999645
3.137499999999999734
3.174999999999999822
3.212499999999999911
3.250000000000000000
3.287499999999999645
3.324999999999999734
3.362499999999999822
3.399999999999999911
3.437500000000000000
3.474999999999999645
3.512499999999999734
3.549999999999999822
3.587499999999999911
3.625000000000000000
3.662499999999999645
3.699999999999999734
3.737499999999999822
3.774999999999999911
3.812500000000000000
3.849999999999999645
3.887499999999999734
3.924999999999999822
3.962499999999999911
3.999999999999999556
4.037499999999999645
4.075000000000000178
4.112499999999999822
4.150000000000000355
4.187500000000000000
4.224999999999999645
4.262500000000000178
4.299999999999999822
4.337500000000000355
4.375000000000000000
4.412500000000000533
4.450000000000000178
4.487499999999999822
4.525000000000000355
4.562500000000000000
4.600000000000000533
4.637500000000000178
4.674999999999999822
4.712500000000000355
4.750000000000000000
4.787500000000000533
4.825000000000000178
4.862499999999999822
4.900000000000000355
4.937500000000000000
4.975000000000000533
5.012500000000000178
5.049999999999999822
5.087500000000000355
5.125000000000000000
5.162500000000000533
5.200000000000000178
5.237499999999999822
5.275000000000000355
5.312500000000000000
5.350000000000000533
5.387500000000000178
5.424999999999999822
5.462500000000000355
5.500000000000000000
5.537500000000000533
5.575000000000000178
5.612499999999999822
5.650000000000000355
5.687500000000000000
5.725000000000000533
5.762500000000000178
5.799999999999999822
5.837500000000000355
5.875000000000000000
5.912500000000000533
5.950000000000000178
5.987499999999999822
6.025000000000000355
6.062500000000000000
6.100000000000000533
6.137500000000000178
6.174999999999999822
6.212500000000000355
6.250000000000000000
6.287500000000000533
6.325000000000000178
6.362499999999999822
6.400000000000000355
6.437500000000000000
6.475000000000000533
6.512500000000000178
6.549999999999999822
6.587500000000000355
6.625000000000000000
6.662500000000000533
6.700000000000000178
6.737499999999999822
6.775000000000000355
6.812500000000000000
6.850000000000000533
6.887500000000000178
6.924999999999999822
6.962500000000000355
7.000000000000000000
7.037500000000000533
7.075000000000000178
7.112499999999999822
7.150000000000000355
7.187500000000000000
7.225000000000000533
7.262500000000000178
7.299999999999999822
7.337500000000000355
7.375000000000000000
7.412500000000000533
7.450000000000000178
7.487499999999999822
7.525000000000000355
7.562500000000000000
7.599999999999999645
7.637500000000000178
7.674999999999999822
7.712500000000000355
7.750000000000000000
7.787499999999999645
7.825000000000000178
7.862499999999999822
7.900000000000000355
7.937500000000000000
7.974999999999999645
8.012499999999999289
8.049999999999998934
8.087500000000000355
8.125000000000000000
8.162499999999999645
8.199999999999999289
8.237499999999998934
8.275000000000000355
8.312500000000000000
8.349999999999999645
8.387499999999999289
8.425000000000000711
8.462500000000000355
8.500000000000000000
8.537499999999999645
8.574999999999999289
8.612500000000000711
8.650000000000000355
8.687500000000000000
8.724999999999999645
8.762499999999999289
8.800000000000000711
8.837500000000000355
8.875000000000000000
8.912499999999999645
8.949999999999999289
8.987500000000000711
9.025000000000000355
9.062500000000000000
9.099999999999999645
9.137499999999999289
9.175000000000000711
9.212500000000000355
9.250000000000000000
9.287499999999999645
9.324999999999999289
9.362500000000000711
9.400000000000000355
9.437500000000000000
9.474999999999999645
9.512499999999999289
9.550000000000000711
9.587500000000000355
9.625000000000000000
9.662499999999999645
9.699999999999999289
9.737500000000000711
9.775000000000000355
9.812500000000000000
9.849999999999999645
9.887499999999999289
9.925000000000000711
9.962500000000000355
10.000000000000000000
10.037499999999999645
10.074999999999999289
10.112500000000000711
