0	6.10799999999999965	0.00000000000000000	0.00000000000000000	-0.00000000000000000	0.405506870315354262	0.00000000000000000	0.00437400000000000028	0.00000000000000000	0.00000000000000000
1	-2.15316444562105680	6.21955533132360827	0.00000000000000000	-0.414052179413821442	-0.0744237622251348041	0.00000000000000000	0.00437400000000000028	27.6460153515919664	0.00000000000000000
2	-8.38889803527196953	-0.934001052572018375	0.00000000000000000	-0.0129817707931313992	-0.330637672668079308	0.00000000000000000	0.00437400000000000028	55.2920307031839613	0.00000000000000000
3	-4.23566355831630048	-7.97028434640467864	0.00000000000000000	0.272251926431368585	-0.134373548980605245	0.00000000000000000	0.00437400000000000028	82.9380460547759384	0.00000000000000000
4	3.98971335130111093	-6.81243617051613271	0.00000000000000000	0.257613911021089326	0.233206899422356811	0.00000000000000000	0.00437400000000000028	110.584061406367923	0.00000000000000000
5	4.86959788805589611	3.09500966139112910	0.00000000000000000	-0.287262243415945084	0.344439062043571220	0.00000000000000000	0.00437400000000000028	138.230076757959836	0.00000000000000000
6	-5.65306917660987285	1.93917318721340060	0.00000000000000000	-0.189937538229810576	-0.376343756016110920	0.00000000000000000	0.00437400000000000028	165.876092109551990	0.00000000000000000
7	-2.48584035388854696	-6.81277100682950021	0.00000000000000000	0.321474396210375657	-0.134764988784475376	0.00000000000000000	0.00437400000000000028	193.522107461144685	0.00000000000000000
8	5.72814929391704020	-3.49005854666946780	0.00000000000000000	0.152173072239037893	0.348301926921406269	0.00000000000000000	0.00437400000000000028	221.168122812736556	0.00000000000000000
9	0.699459448041618859	5.20849965636689038	0.00000000000000000	-0.460858211461288803	0.0358702345929988731	0.00000000000000000	0.00437400000000000028	248.814138164328085	0.00000000000000000
10	-4.76891896075178057	-3.26784847610693463	0.00000000000000000	0.201565196440911171	-0.359535337818564671	0.00000000000000000	0.00437400000000000028	276.460153515920069	0.00000000000000000
11	4.42365323573694003	-4.09370754421771554	0.00000000000000000	0.249069609192116154	0.305792167766995082	0.00000000000000000	0.00437400000000000028	304.106168867512281	0.00000000000000000
12	0.704395886711062125	4.85647517110958749	0.00000000000000000	-0.468586324376766894	0.0357454431696662134	0.00000000000000000	0.00437400000000000028	331.752184219104947	0.00000000000000000
13	-2.94400604340988536	-4.10787449465922982	0.00000000000000000	0.345716869859161946	-0.274292180919876616	0.00000000000000000	0.00437400000000000028	359.398199570696534	0.00000000000000000
14	4.78504377175761419	0.772448274942520108	0.00000000000000000	-0.108380255478812776	0.439751902519535331	0.00000000000000000	0.00437400000000000028	387.044214922287665	0.00000000000000000
15	-4.22620607938570103	-0.355810523120802413	0.00000000000000000	0.0286237597906102703	-0.494885480103874509	0.00000000000000000	0.00437400000000000028	414.690230273880388	0.00000000000000000
16	4.31956437225821688	-0.392677368142201666	0.00000000000000000	0.0156350450247589486	0.472915704754252819	0.00000000000000000	0.00437400000000000028	442.336245625472088	0.00000000000000000
17	-3.45065532935416375	-1.41473454459102088	0.00000000000000000	0.190188568725911972	-0.489884109374508214	0.00000000000000000	0.00437400000000000028	469.982260977063731	0.00000000000000000
18	2.00949405477425946	2.98296949272675471	0.00000000000000000	-0.454776639447584230	0.269891005882590795	0.00000000000000000	0.00437400000000000028	497.628276328654692	0.00000000000000000
19	2.27679825035558991	-2.52903391492871465	0.00000000000000000	0.398336641495968369	0.358668228002925582	0.00000000000000000	0.00437400000000000028	525.274291680245710	0.00000000000000000
20	-1.91542651677574605	-2.34774247929390301	0.00000000000000000	0.445618067631418424	-0.369856525928923041	0.00000000000000000	0.00437400000000000028	552.920307031838547	0.00000000000000000
21	-2.79924936200785845	0.0282157276700615196	0.00000000000000000	-0.000327114348475214057	-0.605420321199148126	0.00000000000000000	0.00437400000000000028	580.566322383430361	0.00000000000000000
22	-2.51125792734635445	0.730994168810257583	0.00000000000000000	-0.165675412421074281	-0.603580548714000131	0.00000000000000000	0.00437400000000000028	608.212337735023539	0.00000000000000000
23	-2.45032440463045642	-0.255996096281316643	0.00000000000000000	0.0712531017077147610	-0.640192738088308233	0.00000000000000000	0.00437400000000000028	635.858353086615352	0.00000000000000000
24	-1.04618165541327213	-2.10643248670426475	0.00000000000000000	0.585715629562421625	-0.296085388629546364	0.00000000000000000	0.00437400000000000028	663.504368438208985	0.00000000000000000
25	2.01583507349473345	-1.08501742645964039	0.00000000000000000	0.314881416453709262	0.579138111931193134	0.00000000000000000	0.00437400000000000028	691.150383789800230	0.00000000000000000
26	0.0843253667763021603	2.19235306084292869	0.00000000000000000	-0.674315870822611574	0.0154050176251162418	0.00000000000000000	0.00437400000000000028	718.796399141393067	0.00000000000000000
27	-1.17335845580543796	-1.72606377311956316	0.00000000000000000	0.575229873686553761	-0.392395703849823807	0.00000000000000000	0.00437400000000000028	746.442414492985449	0.00000000000000000
28	1.39993651105392836	1.50921143589769913	0.00000000000000000	-0.512397140857802413	0.468901326101983540	0.00000000000000000	0.00437400000000000028	774.088429844575899	0.00000000000000000
29	-0.775688587893754278	-1.79648042775381778	0.00000000000000000	0.659589951947018971	-0.287060555041678600	0.00000000000000000	0.00437400000000000028	801.734445196165780	0.00000000000000000
30	-0.593077596171396992	1.83891664716875725	0.00000000000000000	-0.680976868030546578	-0.229601356262075146	0.00000000000000000	0.00437400000000000028	829.380460547757252	0.00000000000000000
31	1.88920072935411798	-0.146896202239155699	0.00000000000000000	0.0609755133259013427	0.721760255554217189	0.00000000000000000	0.00437400000000000028	857.026475899350203	0.00000000000000000
32	-0.281703919389141577	-1.80151647162359807	0.00000000000000000	0.735313663981367771	-0.120201351990135902	0.00000000000000000	0.00437400000000000028	884.672491250941221	0.00000000000000000
33	-1.78500639529761007	-0.0886031934729209908	0.00000000000000000	0.0438457213031735737	-0.751928667397012807	0.00000000000000000	0.00437400000000000028	912.318506602533716	0.00000000000000000
34	-0.945462229749239991	1.50851284785389828	0.00000000000000000	-0.629143766046663666	-0.408461126605059677	0.00000000000000000	0.00437400000000000028	939.964521954123938	0.00000000000000000
35	0.381161124467696344	1.73195301958926073	0.00000000000000000	-0.732002248851894133	0.151971844160043890	0.00000000000000000	0.00437400000000000028	967.610537305713933	0.00000000000000000
36	1.18570194027551001	1.29532387678972394	0.00000000000000000	-0.555729954559516126	0.503262384052439060	0.00000000000000000	0.00437400000000000028	995.256552657307793	0.00000000000000000
37	1.48170317804881524	0.901064482212134310	0.00000000000000000	-0.392815795043704119	0.643813361592959432	0.00000000000000000	0.00437400000000000028	1022.90256800889756	0.00000000000000000
38	1.51089552226170398	0.806508692476565203	0.00000000000000000	-0.358060405388346104	0.669136665593815017	0.00000000000000000	0.00437400000000000028	1050.54858336049006	0.00000000000000000
39	1.34524102153487046	1.02805128939065171	0.00000000000000000	-0.466002288613381777	0.604538691101279557	0.00000000000000000	0.00437400000000000028	1078.19459871208869	0.00000000000000000
40	0.879340699734881270	1.42190937410036455	0.00000000000000000	-0.657870536897615543	0.398152835245603132	0.00000000000000000	0.00437400000000000028	1105.84061406368141	0.00000000000000000
41	-0.00452962628004337491	1.64475149507061102	0.00000000000000000	-0.777904062734447344	-0.0138987673589068654	0.00000000000000000	0.00437400000000000028	1133.48662941527436	0.00000000000000000
42	-1.08164230196346423	1.19628225038518443	0.00000000000000000	-0.578426959755089065	-0.538582508076678734	0.00000000000000000	0.00437400000000000028	1161.13264476686663	0.00000000000000000
43	-1.58375399238583814	-0.104023010173899241	0.00000000000000000	0.0550925275508822795	-0.798398054275738733	0.00000000000000000	0.00437400000000000028	1188.77866011845663	0.00000000000000000
44	-0.701737740077586158	-1.42360756859955440	0.00000000000000000	0.711122785490925557	-0.361731469482897527	0.00000000000000000	0.00437400000000000028	1216.42467547005049	0.00000000000000000
45	1.00485799014935262	-1.25645820594775759	0.00000000000000000	0.619317968214208814	0.482284843977203725	0.00000000000000000	0.00437400000000000028	1244.07069082164230	0.00000000000000000
46	1.54026962230874842	0.473450828732675688	0.00000000000000000	-0.234299984984943449	0.745780289807981167	0.00000000000000000	0.00437400000000000028	1271.71670617323821	0.00000000000000000
47	-0.0382381072302095948	1.57562945712429592	0.00000000000000000	-0.797075471482108888	-0.0334394405399252026	0.00000000000000000	0.00437400000000000028	1299.36272152482957	0.00000000000000000
48	-1.53645409196533245	0.176548040878983542	0.00000000000000000	-0.0928880701339769715	-0.806245710288070461	0.00000000000000000	0.00437400000000000028	1327.00873687642024	0.00000000000000000
49	-0.292077572260496132	-1.54280305225336889	0.00000000000000000	0.781639146175149957	-0.162676658767315407	0.00000000000000000	0.00437400000000000028	1354.65475222801160	0.00000000000000000
50	1.53518419776298742	-0.433836220005054618	0.00000000000000000	0.212700076925031956	0.755100570823268313	0.00000000000000000	0.00437400000000000028	1382.30076757960410	0.00000000000000000
