0	1.00000000000000000	0.00000000000000000	0.00000000000000000	-0.00000000000000000	1.00049987506246096	0.00000000000000000	0.00100000000000000002	0.00000000000000000	0.00000000000000000
1	0.999324133092632128	-0.00276615707966709626	0.00000000000000000	0.00280918990128242686	1.00093379051007436	0.00000000000000000	0.00100000000000000002	6.28318530718000101	0.00000000000000000
2	0.998912246635350165	-0.00111336165053840179	0.00000000000000000	0.00114140856747961669	1.00113446043578302	0.00000000000000000	0.00100000000000000002	12.5663706143600198	0.00000000000000000
3	0.998431355290804734	0.00483219913446121443	0.00000000000000000	-0.00481856230010494022	1.00138002376670610	0.00000000000000000	0.00100000000000000002	18.8495559215399950	0.00000000000000000
4	0.998152543328537978	0.0143745179421559312	0.00000000000000000	-0.0143154152068524151	1.00132697568807050	0.00000000000000000	0.00100000000000000002	25.1327412287199827	0.00000000000000000
5	0.997570421366339111	0.0263248738820674802	0.00000000000000000	-0.0262588835859431033	1.00127898861153275	0.00000000000000000	0.00100000000000000002	31.4159265359000059	0.00000000000000000
6	0.996923761907504535	0.0407738190081735410	0.00000000000000000	-0.0407241743697491082	1.00086791004505726	0.00000000000000000	0.00100000000000000002	37.6991118430800469	0.00000000000000000
7	0.995991636465070163	0.0566082596147636577	0.00000000000000000	-0.0566368312154657202	1.00015644475895904	0.00000000000000000	0.00100000000000000002	43.9822971502599884	0.00000000000000000
8	0.994479859440755898	0.0737583670927128149	0.00000000000000000	-0.0740848704472610309	0.999239399288806673	0.00000000000000000	0.00100000000000000002	50.2654824574399939	0.00000000000000000
9	0.992189777706249276	0.0953039852562513889	0.00000000000000000	-0.0958128823003909780	0.997636967335693403	0.00000000000000000	0.00100000000000000002	56.5486677646199993	0.00000000000000000
10	0.988959086737383308	0.120952638273814597	0.00000000000000000	-0.121665236286642969	0.995039735339232290	0.00000000000000000	0.00100000000000000002	62.8318530717999266	0.00000000000000000
11	0.984854759294954474	0.149721841959598451	0.00000000000000000	-0.150569983988993378	0.991068966324407552	0.00000000000000000	0.00100000000000000002	69.1150383789799321	0.00000000000000000
12	0.978947131895748779	0.182643655515453696	0.00000000000000000	-0.183709519643039221	0.985542942555898693	0.00000000000000000	0.00100000000000000002	75.3982236861599660	0.00000000000000000
13	0.970945869838741649	0.219629286419049330	0.00000000000000000	-0.221027322093734130	0.978011843265367165	0.00000000000000000	0.00100000000000000002	81.6814089933400851	0.00000000000000000
14	0.960816349454399088	0.259493970491922465	0.00000000000000000	-0.261198400653621376	0.968145100094661260	0.00000000000000000	0.00100000000000000002	87.9645943005202042	0.00000000000000000
15	0.947404156186475555	0.302762120627603826	0.00000000000000000	-0.304826010147778659	0.955752851159107908	0.00000000000000000	0.00100000000000000002	94.2477796077002807	0.00000000000000000
16	0.930976838713647448	0.348827664323039854	0.00000000000000000	-0.351334163848467496	0.939878447156558994	0.00000000000000000	0.00100000000000000002	100.530964914880315	0.00000000000000000
17	0.911005006181374144	0.397341553407076165	0.00000000000000000	-0.400352956146038164	0.920219330688654247	0.00000000000000000	0.00100000000000000002	106.814150222060462	0.00000000000000000
18	0.886525820399690301	0.447474801549095802	0.00000000000000000	-0.451591511440610049	0.896846909416817883	0.00000000000000000	0.00100000000000000002	113.097335529240624	0.00000000000000000
19	0.857755578142929020	0.499298052431284667	0.00000000000000000	-0.504538861662348070	0.868626365856563165	0.00000000000000000	0.00100000000000000002	119.380520836420573	0.00000000000000000
20	0.824123359956574486	0.552293366259595575	0.00000000000000000	-0.558523245853960737	0.835264601184300903	0.00000000000000000	0.00100000000000000002	125.663706143600663	0.00000000000000000
21	0.785410610766974715	0.604742349519413747	0.00000000000000000	-0.612706883380835343	0.797098956181624074	0.00000000000000000	0.00100000000000000002	131.946891450780441	0.00000000000000000
22	0.741047356447708916	0.657883032386835209	0.00000000000000000	-0.667103318619179264	0.752376477388367992	0.00000000000000000	0.00100000000000000002	138.230076757960205	0.00000000000000000
23	0.691166608494982793	0.709811737155252476	0.00000000000000000	-0.720144487176824444	0.701892862243759352	0.00000000000000000	0.00100000000000000002	144.513262065140026	0.00000000000000000
24	0.634915571750632957	0.759612514462771227	0.00000000000000000	-0.771790695220591072	0.645398303322684885	0.00000000000000000	0.00100000000000000002	150.796447372319847	0.00000000000000000
25	0.572080114908711135	0.807922825466179884	0.00000000000000000	-0.820968110470958967	0.581426919696782063	0.00000000000000000	0.00100000000000000002	157.079632679499895	0.00000000000000000
26	0.502947371969068913	0.852729147678602195	0.00000000000000000	-0.866312022580402186	0.511100703736693029	0.00000000000000000	0.00100000000000000002	163.362817986680028	0.00000000000000000
27	0.427509731209837762	0.892326841503730317	0.00000000000000000	-0.907385987868830846	0.434671978751005827	0.00000000000000000	0.00100000000000000002	169.646003293860502	0.00000000000000000
28	0.345092253103754465	0.927368577391841531	0.00000000000000000	-0.942827602147219168	0.350783987221357174	0.00000000000000000	0.00100000000000000002	175.929188601040522	0.00000000000000000
29	0.256555147762879854	0.955655810287326934	0.00000000000000000	-0.971396653661471321	0.260984120463179758	0.00000000000000000	0.00100000000000000002	182.212373908220400	0.00000000000000000
30	0.163341930487748421	0.975162764496166679	0.00000000000000000	-0.992449456634969418	0.166382342363533831	0.00000000000000000	0.00100000000000000002	188.495559215400164	0.00000000000000000
31	0.0640094003660494487	0.986733760786186243	0.00000000000000000	-1.00401667226408486	0.0653260517573625438	0.00000000000000000	0.00100000000000000002	194.778744522580240	0.00000000000000000
32	-0.0390756102817295253	0.987840813894034109	0.00000000000000000	-1.00542466338263803	-0.0392795758757264052	0.00000000000000000	0.00100000000000000002	201.061929829760231	0.00000000000000000
33	-0.143302011571651455	0.977398615187984321	0.00000000000000000	-0.996064524554165942	-0.145750384580482034	0.00000000000000000	0.00100000000000000002	207.345115136940109	0.00000000000000000
34	-0.251365324232249887	0.955399198724168008	0.00000000000000000	-0.973476086444538979	-0.255757542516451220	0.00000000000000000	0.00100000000000000002	213.628300444120384	0.00000000000000000
35	-0.358683093213955528	0.920110496432197889	0.00000000000000000	-0.938187984273576747	-0.365087172591271103	0.00000000000000000	0.00100000000000000002	219.911485751300290	0.00000000000000000
36	-0.462608116078849330	0.871795986983526339	0.00000000000000000	-0.889758419730287686	-0.471731031332754458	0.00000000000000000	0.00100000000000000002	226.194671058480225	0.00000000000000000
37	-0.565236562705793588	0.809053838884139509	0.00000000000000000	-0.825716483493381226	-0.576343154862175688	0.00000000000000000	0.00100000000000000002	232.477856365660443	0.00000000000000000
38	-0.660668060738535234	0.732615953742734360	0.00000000000000000	-0.748359964054110649	-0.674152436002440680	0.00000000000000000	0.00100000000000000002	238.761041672840463	0.00000000000000000
39	-0.747351720302852129	0.643109836872954421	0.00000000000000000	-0.657416926836757565	-0.763500793724706361	0.00000000000000000	0.00100000000000000002	245.044226980020312	0.00000000000000000
40	-0.825539478528090176	0.539031844847423391	0.00000000000000000	-0.551107010089475935	-0.843351957873962776	0.00000000000000000	0.00100000000000000002	251.327412287200616	0.00000000000000000
41	-0.889651372177647004	0.424100623785359676	0.00000000000000000	-0.433890926290140921	-0.909455927849165291	0.00000000000000000	0.00100000000000000002	257.610597594380408	0.00000000000000000
42	-0.938799528469288935	0.298527051264183996	0.00000000000000000	-0.305536890674216077	-0.960441713479898596	0.00000000000000000	0.00100000000000000002	263.893782901561565	0.00000000000000000
43	-0.971588350184408922	0.162364886199636294	0.00000000000000000	-0.166285784405872605	-0.993996720106515186	0.00000000000000000	0.00100000000000000002	270.176968208742551	0.00000000000000000
44	-0.984529012971076201	0.0216436398465237288	0.00000000000000000	-0.0222486097151579493	-1.00769504846923175	0.00000000000000000	0.00100000000000000002	276.460153515922855	0.00000000000000000
45	-0.976644940964468855	-0.123239213220389901	0.00000000000000000	0.126249942510220120	-1.00015375342944091	0.00000000000000000	0.00100000000000000002	282.743338823103272	0.00000000000000000
46	-0.946514626298322170	-0.270043635845481356	0.00000000000000000	0.276583639096562861	-0.969387808898592884	0.00000000000000000	0.00100000000000000002	289.026524130283292	0.00000000000000000
47	-0.893780726630341027	-0.411638201184383712	0.00000000000000000	0.421832371256754268	-0.915700330909067106	0.00000000000000000	0.00100000000000000002	295.309709437463709	0.00000000000000000
48	-0.817613597553539684	-0.546803096499902996	0.00000000000000000	0.560675166284263171	-0.838125502477786388	0.00000000000000000	0.00100000000000000002	301.592894744644070	0.00000000000000000
49	-0.718289941634162155	-0.671769197267371609	0.00000000000000000	0.688857228753612771	-0.736405446648640716	0.00000000000000000	0.00100000000000000002	307.876080051824715	0.00000000000000000
50	-0.598900515087338658	-0.779731507684451430	0.00000000000000000	0.799929592216992780	-0.614174241734615545	0.00000000000000000	0.00100000000000000002	314.159265359004564	0.00000000000000000
51	-0.459761666764337384	-0.868471731038074179	0.00000000000000000	0.891677031302705925	-0.471834721149919700	0.00000000000000000	0.00100000000000000002	320.442450666185664	0.00000000000000000
52	-0.303722603355024989	-0.934355256197358153	0.00000000000000000	0.959484771158922944	-0.311741298009831025	0.00000000000000000	0.00100000000000000002	326.725635973364831	0.00000000000000000
53	-0.137207171859646648	-0.972549541580120969	0.00000000000000000	0.999155180439565083	-0.140733484452491536	0.00000000000000000	0.00100000000000000002	333.008821280544510	0.00000000000000000
54	0.0371837611809642948	-0.980892798816040856	0.00000000000000000	1.00865056317478485	0.0385148394751394854	0.00000000000000000	0.00100000000000000002	339.292006587723165	0.00000000000000000
55	0.214701321346011637	-0.957582203494173112	0.00000000000000000	0.984987010176753830	0.221050528214961711	0.00000000000000000	0.00100000000000000002	345.575191894903355	0.00000000000000000
56	0.386432559789797181	-0.901743306489446117	0.00000000000000000	0.927920792067708167	0.397937346710455719	0.00000000000000000	0.00100000000000000002	351.858377202083716	0.00000000000000000
57	0.547733873011195471	-0.813246901712562198	0.00000000000000000	0.837514083927712982	0.564497844004492100	0.00000000000000000	0.00100000000000000002	358.141562509262542	0.00000000000000000
58	0.693049983440558126	-0.693150084698752278	0.00000000000000000	0.714164315025365481	0.714427656721477677	0.00000000000000000	0.00100000000000000002	364.424747816441482	0.00000000000000000
59	0.813599714303123167	-0.546099001539719242	0.00000000000000000	0.562834637805124327	0.839050969145215597	0.00000000000000000	0.00100000000000000002	370.707933123621558	0.00000000000000000
60	0.904537094818779530	-0.375517994427059798	0.00000000000000000	0.387170418250941450	0.933529722101943182	0.00000000000000000	0.00100000000000000002	376.991118430800725	0.00000000000000000
61	0.961209284400590946	-0.186009410892638255	0.00000000000000000	0.191761273457388359	0.992478802614660149	0.00000000000000000	0.00100000000000000002	383.274303737981313	0.00000000000000000
62	0.978644875820773197	0.0128577433112904514	0.00000000000000000	-0.0135812491791645097	1.01092466403835179	0.00000000000000000	0.00100000000000000002	389.557489045161219	0.00000000000000000
63	0.954586064660306710	0.214075503502852094	0.00000000000000000	-0.221598290666247394	0.986680174045003744	0.00000000000000000	0.00100000000000000002	395.840674352341352	0.00000000000000000
64	0.887837930356561333	0.410098373659229631	0.00000000000000000	-0.424345334157148923	0.918096542416767747	0.00000000000000000	0.00100000000000000002	402.123859659521145	0.00000000000000000
65	0.780161630479829338	0.589276912425411470	0.00000000000000000	-0.609887560531395367	0.807035374849994769	0.00000000000000000	0.00100000000000000002	408.407044966700255	0.00000000000000000
66	0.634547390815373480	0.743294573076774934	0.00000000000000000	-0.769662240553315335	0.656746657130262368	0.00000000000000000	0.00100000000000000002	414.690230273880900	0.00000000000000000
67	0.455284400600165340	0.864446612317640639	0.00000000000000000	-0.895375609079950174	0.471458543630553673	0.00000000000000000	0.00100000000000000002	420.973415581061431	0.00000000000000000
68	0.251852351822256681	0.943766651345823937	0.00000000000000000	-0.977810951755064384	0.260843409540322257	0.00000000000000000	0.00100000000000000002	427.256600888241451	0.00000000000000000
69	0.0330810247778408478	0.975884943837565300	0.00000000000000000	-1.01160311074500009	0.0342170549810579330	0.00000000000000000	0.00100000000000000002	433.539786195421925	0.00000000000000000
70	-0.191638024396118323	0.957128082724376883	0.00000000000000000	-0.992651538748688278	-0.198660298943336089	0.00000000000000000	0.00100000000000000002	439.822971502601547	0.00000000000000000
71	-0.407942968838700293	0.886565665900668654	0.00000000000000000	-0.919763539088950033	-0.423101505038767423	0.00000000000000000	0.00100000000000000002	446.106156809781169	0.00000000000000000
72	-0.604056314882556289	0.766110604424087294	0.00000000000000000	-0.795195109642109266	-0.626850788417562033	0.00000000000000000	0.00100000000000000002	452.389342116960336	0.00000000000000000
73	-0.769078735050839568	0.599686725581588309	0.00000000000000000	-0.622945155150102736	-0.798502708697787500	0.00000000000000000	0.00100000000000000002	458.672527424140810	0.00000000000000000
74	-0.890609546672509578	0.396903668372248997	0.00000000000000000	-0.412493932923645334	-0.925018879701523300	0.00000000000000000	0.00100000000000000002	464.955712731320602	0.00000000000000000
75	-0.960125848031479601	0.168355513348621005	0.00000000000000000	-0.175131088352943637	-0.997689701666429563	0.00000000000000000	0.00100000000000000002	471.238898038501361	0.00000000000000000
76	-0.971539777777763125	-0.0742232167047632146	0.00000000000000000	0.0769250890204770110	-1.01026000645879810	0.00000000000000000	0.00100000000000000002	477.522083345680358	0.00000000000000000
77	-0.922144707685579879	-0.314130441098919633	0.00000000000000000	0.326535477310242128	-0.959192947544589503	0.00000000000000000	0.00100000000000000002	483.805268652860548	0.00000000000000000
78	-0.813082255855947067	-0.536162110775569523	0.00000000000000000	0.557740693348262817	-0.846038685703746629	0.00000000000000000	0.00100000000000000002	490.088453960040567	0.00000000000000000
79	-0.648660212219927979	-0.725912557066024422	0.00000000000000000	0.755751692889783500	-0.675467902716802682	0.00000000000000000	0.00100000000000000002	496.371639267220473	0.00000000000000000
80	-0.439230645240600848	-0.868555155356840469	0.00000000000000000	0.904592830215441901	-0.457498762991618180	0.00000000000000000	0.00100000000000000002	502.654824574400777	0.00000000000000000
81	-0.197571252672543191	-0.952788218122457953	0.00000000000000000	0.992689684145370399	-0.205840474892213021	0.00000000000000000	0.00100000000000000002	508.938009881581081	0.00000000000000000
82	0.0611556801326356217	-0.970661176241945367	0.00000000000000000	1.01209049879156643	0.0638219958948499644	0.00000000000000000	0.00100000000000000002	515.221195188762522	0.00000000000000000
83	0.317895830943023150	-0.918939265504127745	0.00000000000000000	0.958435194993611961	0.331687480887370545	0.00000000000000000	0.00100000000000000002	521.504380495942883	0.00000000000000000
84	0.553592364821851479	-0.799044424419341204	0.00000000000000000	0.833734757155108364	0.577774869762319065	0.00000000000000000	0.00100000000000000002	527.787565803123584	0.00000000000000000
85	0.750113065848240779	-0.617491132799938947	0.00000000000000000	0.644763730124966461	0.783498149651083997	0.00000000000000000	0.00100000000000000002	534.070751110305196	0.00000000000000000
86	0.891071358019195459	-0.386739003242125789	0.00000000000000000	0.403845037665026996	0.930964442050231877	0.00000000000000000	0.00100000000000000002	540.353936417483624	0.00000000000000000
87	0.963143595154859034	-0.123612389290089303	0.00000000000000000	0.129048143305354773	1.00674625221229408	0.00000000000000000	0.00100000000000000002	546.637121724665008	0.00000000000000000
88	0.958597453529589139	0.151984143777195907	0.00000000000000000	-0.159187010410262120	1.00272617991749913	0.00000000000000000	0.00100000000000000002	552.920307031843208	0.00000000000000000
89	0.875649154316752498	0.418204429315139348	0.00000000000000000	-0.437740974554290341	0.916154611143035869	0.00000000000000000	0.00100000000000000002	559.203492339024137	0.00000000000000000
90	0.718795032398704015	0.651413738505439599	0.00000000000000000	-0.682062166845884166	0.752429160097155769	0.00000000000000000	0.00100000000000000002	565.486677646203816	0.00000000000000000
91	0.499314335754380390	0.831243941997777291	0.00000000000000000	-0.870832102378431783	0.522904224232128678	0.00000000000000000	0.00100000000000000002	571.769862953384859	0.00000000000000000
92	0.233877887653711813	0.940875338072423184	0.00000000000000000	-0.985853664136942864	0.244948979497539021	0.00000000000000000	0.00100000000000000002	578.053048260565220	0.00000000000000000
93	-0.0540564067284569835	0.967687709206887070	0.00000000000000000	-1.01441764393717726	-0.0567350399496576591	0.00000000000000000	0.00100000000000000002	584.336233567745694	0.00000000000000000
94	-0.339697583619913590	0.907405999718398415	0.00000000000000000	-0.951605205283821309	-0.356328813572967251	0.00000000000000000	0.00100000000000000002	590.619418874926396	0.00000000000000000
95	-0.597270995521605230	0.762711931688068057	0.00000000000000000	-0.800032839563758591	-0.626541394528474793	0.00000000000000000	0.00100000000000000002	596.902604182106188	0.00000000000000000
96	-0.800214879795611567	0.545506403368706483	0.00000000000000000	-0.572421285349601794	-0.839785248628347469	0.00000000000000000	0.00100000000000000002	603.185789489286776	0.00000000000000000
97	-0.928555163465817790	0.274173659608320019	0.00000000000000000	-0.287784944951244959	-0.974849878172435735	0.00000000000000000	0.00100000000000000002	609.468974796466227	0.00000000000000000
98	-0.967629740588002440	-0.0269997275644131840	0.00000000000000000	0.0283609139405847192	-1.01608957031062697	0.00000000000000000	0.00100000000000000002	615.752160103646929	0.00000000000000000
99	-0.910794364765677211	-0.327114176373818732	0.00000000000000000	0.343691425738022527	-0.956749159511388392	0.00000000000000000	0.00100000000000000002	622.035345410826721	0.00000000000000000
100	-0.761370126636098599	-0.596889784226221964	0.00000000000000000	0.627385534332072226	-0.800119393988604766	0.00000000000000000	0.00100000000000000002	628.318530718004467	0.00000000000000000
