0.314159265359	0.00161826465625
0.628318530718	0.00161825903141
0.942477796077	0.00161828289736
1.25663706144	0.00161829373379
1.57079632679	0.00161833113785
1.88495559215	0.00161836576236
2.19911485751	0.00161841575618
2.51327412287	0.00161847257058
2.82743338823	0.0016185384622
3.14159265359	0.00161861419811
3.45575191895	0.00161869684926
3.76991118431	0.00161878883692
4.08407044967	0.00161888786972
4.39822971503	0.00161899475065
4.71238898039	0.00161910806901
5.02654824574	0.00161922791997
5.3407075111	0.00161935359428
5.65486677646	0.00161948468284
5.96902604182	0.00161962071039
6.28318530718	0.00161976081912
6.59734457254	0.00161990474863
6.9115038379	0.00162005153439
7.22566310326	0.00162020095521
7.53982236862	0.00162035187066
7.85398163398	0.00162050371423
8.16814089933	0.00162065518847
8.48230016469	0.00162080384479
8.79645943005	0.00162094486956
9.11061869541	0.00162107703277
9.42477796077	0.00162118321736
9.73893722613	0.00162127351149
0.314159265359	0.00161826465625
0.628318530718	0.00161825903141
0.942477796077	0.00161828289736
1.25663706144	0.00161829373379
1.57079632679	0.00161833113785
1.88495559215	0.00161836576236
2.19911485751	0.00161841575618
2.51327412287	0.00161847257058
2.82743338823	0.0016185384622
3.14159265359	0.00161861419811
3.45575191895	0.00161869684926
3.76991118431	0.00161878883692
4.08407044967	0.00161888786972
4.39822971503	0.00161899475065
4.71238898039	0.00161910806901
5.02654824574	0.00161922791997
5.3407075111	0.00161935359428
5.65486677646	0.00161948468284
5.96902604182	0.00161962071039
6.28318530718	0.00161976081912
6.59734457254	0.00161990474863
6.9115038379	0.00162005153439
7.22566310326	0.00162020095521
7.53982236862	0.00162035187066
7.85398163398	0.00162050371423
8.16814089933	0.00162065518847
8.48230016469	0.00162080384479
8.79645943005	0.00162094486956
9.11061869541	0.00162107703277
9.42477796077	0.00162118321736
9.73893722613	0.00162127351149
10.0530964915	0.00162133329516
10.3672557568	0.00162136927372
10.6814150222	0.00162139750757
10.9955742876	0.00162141090181
11.3097335529	0.00162142764094
11.6238928183	0.00162145327663
11.9380520836	0.00162149307781
12.252211349	0.0016215510918
12.5663706144	0.00162162499559
12.8805298797	0.00162170523131
13.1946891451	0.00162178493662
13.5088484104	0.00162185752935
13.8230076758	0.0016219201949
14.1371669412	0.00162197087916
14.4513262065	0.00162200882903
14.7654854719	0.0016220334684
15.0796447372	0.00162204646678
15.3938040026	0.00162204686166
15.707963268	0.00162203593792
16.0221225333	0.00162201403558
16.3362817987	0.00162198217923
16.650441064	0.00162193907164
16.9646003294	0.00162188827886
17.2787595947	0.00162182773881
17.5929188601	0.00162175719089
17.9070781255	0.00162168126765
18.2212373908	0.00162159873888
18.5353966562	0.00162151154056
18.8495559215	0.00162142315623
19.1637151869	0.00162133339576
19.4778744523	0.00162124497276
19.7920337176	0.00162115922358
20.106192983	0.00162107383701
20.4203522483	0.00162099575087
20.7345115137	0.00162091792127
21.0486707791	0.00162084609503
21.3628300444	0.00162078044749
21.6769893098	0.00162071425119
21.9911485751	0.00162065776307
22.3053078405	0.0016206036683
22.6194671058	0.00162055616855
22.9336263712	0.00162051640786
23.2477856366	0.00162048313612
23.5619449019	0.00162045951137
23.8761041673	0.00162044395894
24.1902634326	0.00162043971096
24.504422698	0.00162044607016
24.8185819634	0.00162046052991
25.1327412287	0.00162048452518
25.4469004941	0.00162051991878
25.7610597594	0.00162056026473
26.0752190248	0.00162060935291
26.3893782902	0.00162066157019
26.7035375555	0.00162071656297
27.0176968209	0.00162077719569
27.3318560862	0.00162083587522
27.6460153516	0.00162089507021
27.960174617	0.00162095573497
28.2743338823	0.00162101296835
28.5884931477	0.00162106539773
28.902652413	0.00162111915405
29.2168116784	0.00162116954405
29.5309709437	0.00162121828358
29.8451302091	0.00162126727257
30.1592894745	0.00162130885647
30.4734487398	0.00162135136888
30.7876080052	0.00162138956176
31.1017672705	0.00162142569055
31.4159265359	0.00162146219132
31.7300858013	0.00162149036648
32.0442450666	0.00162151706767
32.358404332	0.00162153312541
32.6725635973	0.00162154084274
32.9867228627	0.00162153233725
33.3008821281	0.00162151598675
33.6150413934	0.00162147718232
33.9292006588	0.00162142237841
34.2433599241	0.00162134373259
34.5575191895	0.00162124636484
34.8716784548	0.00162112645284
35.1858377202	0.00162098810073
35.4999969856	0.0016208351045
35.8141562509	0.00162067542663
36.1283155163	0.00162051142795
36.4424747816	0.00162035125024
36.756634047	0.00162020402084
37.0707933124	0.00162007417941
37.3849525777	0.0016199643017
37.6991118431	0.00161988532808
38.0132711084	0.0016198370043
38.3274303738	0.00161982492099
38.6415896392	0.00161985060454
38.9557489045	0.00161990944882
39.2699081699	0.00162000721171
39.5840674352	0.00162013324121
39.8982267006	0.0016202842558
40.212385966	0.00162046006036
40.5265452313	0.00162064944281
40.8407044967	0.00162084661403
41.154863762	0.00162104555643
41.4690230274	0.00162123930126
41.7831822927	0.00162142788697
42.0973415581	0.00162159532733
42.4115008235	0.00162174910841
42.7256600888	0.00162187721412
43.0398193542	0.00162198278681
43.3539786195	0.00162206157308
43.6681378849	0.00162211454267
43.9822971503	0.00162214960716
44.2964564156	0.0016221593071
44.610615681	0.00162214810608
44.9247749463	0.00162212189955
45.2389342117	0.0016220807133
45.5530934771	0.00162203013053
45.8672527424	0.00162197443062
46.1814120078	0.00162191485519
46.4955712731	0.00162185842188
46.8097305385	0.00162180764816
47.1238898039	0.00162176187056
47.4380490692	0.0016217283026
47.7522083346	0.001621707383
48.0663675999	0.0016216958664
48.3805268653	0.00162169591226
48.6946861306	0.00162170498976
49.008845396	0.00162172482511
49.3230046614	0.00162174433627
49.6371639267	0.00162177266535
49.9513231921	0.00162179671231
50.2654824574	0.00162181797139
50.5796417228	0.00162183362241
50.8938009882	0.00162184000048
51.2079602535	0.00162184358553
51.5221195189	0.00162183532414
51.8362787842	0.00162182106977
52.1504380496	0.00162179967293
52.464597315	0.00162177366429
52.7787565803	0.00162174544219
53.0929158457	0.0016217160256
53.407075111	0.00162169114066
53.7212343764	0.00162166718574
54.0353936417	0.0016216538822
54.3495529071	0.0016216438725
54.6637121725	0.0016216436275
54.9778714378	0.00162165515959
55.2920307032	0.00162167132798
55.6061899685	0.00162169622703
55.9203492339	0.00162172437145
56.2345084993	0.00162175900825
56.5486677646	0.00162179238313
56.86282703	0.00162183215185
57.1769862953	0.00162186657262
57.4911455607	0.00162190015846
57.8053048261	0.0016219309597
58.1194640914	0.00162195609965
58.4336233568	0.0016219821771
58.7477826221	0.00162200411554
59.0619418875	0.00162202621632
59.3761011529	0.00162204677416
59.6902604182	0.00162207040801
60.0044196836	0.00162209674232
60.3185789489	0.00162212400427
60.6327382143	0.00162216028645
60.9468974796	0.00162219475274
61.261056745	0.00162224029117
61.5752160104	0.00162228243205
61.8893752757	0.0016223302179
62.2035345411	0.00162238204525
62.5176938064	0.00162243051784
62.8318530718	0.00162247650707
63.1460123372	0.00162251762753
63.4601716025	0.00162255530029
63.7743308679	0.00162258907133
64.0884901332	0.00162261903133
64.4026493986	0.00162264339852
64.716808664	0.00162266066
65.0309679293	0.00162267236092
65.3451271947	0.00162267585703
65.65928646	0.00162267640042
65.9734457254	0.00162267072242
66.2876049907	0.00162266312848
66.6017642561	0.00162265134324
66.9159235215	0.00162263638025
67.2300827868	0.00162262189959
67.5442420522	0.00162260032854
67.8584013175	0.00162258120898
68.1725605829	0.0016225564113
68.4867198483	0.00162253327164
68.8008791136	0.00162250266156
69.115038379	0.00162247029912
69.4291976443	0.00162244324848
69.7433569097	0.00162241452718
70.0575161751	0.00162238144521
70.3716754404	0.00162234900705
70.6858347058	0.00162231915171
70.9999939711	0.00162229538363
71.3141532365	0.00162227759253
71.6283125019	0.0016222715727
71.9424717672	0.00162226975931
72.2566310326	0.00162227968257
72.5707902979	0.00162229473356
72.8849495633	0.00162231956197
73.1991088286	0.00162234340146
73.513268094	0.0016223727063
73.8274273594	0.00162240408676
74.1415866247	0.00162243274263
74.4557458901	0.00162246467639
74.7699051554	0.00162248935662
75.0840644208	0.00162251434559
75.3982236862	0.00162253576613
75.7123829515	0.00162255599094
76.0265422169	0.00162257174159
76.3407014822	0.00162257947554
76.6548607476	0.00162259210614
76.969020013	0.00162260758516
77.2831792783	0.00162262342838
77.5973385437	0.00162264174971
77.911497809	0.00162265697782
78.2256570744	0.00162268143269
78.5398163398	0.00162270044442
78.8539756051	0.00162273228255
79.1681348705	0.00162275717955
79.4822941358	0.00162278922291
79.7964534012	0.00162281671876
80.1106126665	0.00162284635476
80.4247719319	0.00162287024333
80.7389311973	0.00162288757426
81.0530904626	0.00162289829056
81.367249728	0.00162289978964
81.6814089933	0.00162289716728
81.9955682587	0.00162288804944
82.3097275241	0.00162287284539
82.6238867894	0.00162285889082
82.9380460548	0.00162284551399
83.2522053201	0.0016228366078
83.5663645855	0.00162282167227
83.8805238509	0.00162281293293
84.1946831162	0.00162280705951
84.5088423816	0.00162280611283
84.8230016469	0.00162281232427
85.1371609123	0.00162281715259
85.4513201776	0.00162282770323
85.765479443	0.00162283259883
86.0796387084	0.00162283964924
86.3937979737	0.00162283969858
86.7079572391	0.00162283762867
87.0221165044	0.00162282661013
87.3362757698	0.00162280813711
87.6504350352	0.00162278763859
87.9645943005	0.00162276136376
88.2787535659	0.00162273644101
88.5929128312	0.00162270767459
88.9070720966	0.00162268116506
89.221231362	0.00162265605949
89.5353906273	0.0016226295594
89.8495498927	0.00162261108024
90.163709158	0.00162259298918
90.4778684234	0.00162258153528
90.7920276888	0.00162257560987
91.1061869541	0.00162258049735
91.4203462195	0.00162258253025
91.7345054848	0.0016225914064
92.0486647502	0.00162260334033
92.3628240155	0.00162262113075
92.6769832809	0.001622644025
92.9911425463	0.00162267140054
93.3053018116	0.00162270034143
93.619461077	0.00162273190034
93.9336203423	0.00162276529312
94.2477796077	0.00162280143338
94.5619388731	0.00162283503696
94.8760981384	0.00162287169018
95.1902574038	0.00162290415312
95.5044166691	0.00162294032169
95.8185759345	0.00162297062113
96.1327351999	0.00162300692078
96.4468944652	0.00162303956581
96.7610537306	0.00162306951961
97.0752129959	0.00162309912152
97.3893722613	0.00162312842182
97.7035315266	0.00162315211289
98.017690792	0.00162317016342
98.3318500574	0.00162318830459
98.6460093227	0.00162320302639
98.9601685881	0.00162321676743
99.2743278534	0.00162322556722
99.5884871188	0.00162323197912
99.9026463842	0.00162323731428
100.21680565	0.00162323756094
100.530964915	0.00162323885786
100.84512418	0.00162323197663
101.159283446	0.00162322349345
101.473442711	0.00162320894246
101.787601976	0.00162318916273
102.101761242	0.001623167436
102.415920507	0.00162314014114
102.730079772	0.00162311483376
103.044239038	0.00162308295816
103.358398303	0.00162305973261
103.672557568	0.00162304067437
103.986716834	0.00162302611863
104.300876099	0.00162300940046
104.615035365	0.00162300378129
104.92919463	0.00162300929794
105.243353895	0.00162301817955
105.557513161	0.00162303666848
105.871672426	0.00162306072128
106.185831691	0.00162309239822
106.499990957	0.00162313077703
106.814150222	0.00162317017252
107.128309487	0.00162321312402
107.442468753	0.00162325133492
107.756628018	0.00162329148927
108.070787283	0.00162332245007
108.384946549	0.00162335152431
108.699105814	0.00162337257755
109.01326508	0.00162338836196
109.327424345	0.00162340027368
109.64158361	0.0016234052311
109.955742876	0.0016234115255
110.269902141	0.00162340878665
110.584061406	0.00162340413189
110.898220672	0.00162340062825
111.212379937	0.001623402445
111.526539202	0.00162340438835
111.840698468	0.00162340124338
112.154857733	0.00162340094528
112.469016999	0.00162340052657
112.783176264	0.00162340612421
113.097335529	0.00162340994162
113.411494795	0.00162341625969
113.72565406	0.00162342430251
114.039813325	0.00162343419744
114.353972591	0.0016234516791
114.668131856	0.00162346298972
114.982291121	0.00162347936364
115.296450387	0.00162348908556
115.610609652	0.00162350220139
115.924768917	0.00162351290679
116.238928183	0.00162352267442
116.553087448	0.00162353309426
116.867246714	0.00162354131291
117.181405979	0.00162355720775
117.495565244	0.00162357059612
117.80972451	0.00162358510221
118.123883775	0.00162359056718
118.43804304	0.00162358970289
118.752202306	0.00162358986043
119.066361571	0.0016235860447
119.380520836	0.00162358625266
119.694680102	0.00162358169343
120.008839367	0.00162357969321
120.322998632	0.00162357887965
120.637157898	0.00162357580263
120.951317163	0.00162357264982
121.265476429	0.00162355824202
121.579635694	0.00162355068874
121.893794959	0.00162354198918
122.207954225	0.0016235357559
122.52211349	0.00162352448923
122.836272755	0.00162350857293
123.150432021	0.0016234906862
123.464591286	0.00162346523712
123.778750551	0.00162344214415
124.092909817	0.00162341213337
124.407069082	0.00162338610712
124.721228348	0.00162336464266
125.035387613	0.00162335320564
125.349546878	0.0016233573153
125.663706144	0.00162336997697
125.977865409	0.00162339650825
126.292024674	0.00162342621885
126.60618394	0.00162346754275
126.920343205	0.00162351066943
127.23450247	0.00162355768459
127.548661736	0.00162360852289
127.862821001	0.00162365695301
128.176980266	0.00162370200408
128.491139532	0.00162373049061
128.805298797	0.00162374937772
129.119458063	0.00162374857068
129.433617328	0.00162373671587
129.747776593	0.00162371404409
130.061935859	0.00162367920835
130.376095124	0.00162364218876
130.690254389	0.00162359698235
131.004413655	0.00162355670176
131.31857292	0.00162351350587
131.632732185	0.0016234761294
131.946891451	0.0016234422135
132.261050716	0.00162341137871
132.575209981	0.00162339225763
132.889369247	0.0016233697671
133.203528512	0.00162336365805
133.517687778	0.00162335535886
133.831847043	0.00162335769011
134.146006308	0.00162336052569
134.460165574	0.00162336217503
134.774324839	0.00162336713192
135.088484104	0.00162336946842
135.40264337	0.00162337848598
135.716802635	0.00162338067979
136.0309619	0.00162338418998
136.345121166	0.00162338643657
136.659280431	0.00162338965088
136.973439697	0.0016233968881
137.287598962	0.00162340029928
137.601758227	0.00162340968345
137.915917493	0.00162341557797
138.230076758	0.00162342741091
138.544236023	0.00162343933959
138.858395289	0.00162345279376
139.172554554	0.00162346653344
139.486713819	0.00162347667667
139.800873085	0.00162349170873
140.11503235	0.00162350043595
140.429191615	0.00162351120096
140.743350881	0.0016235149139
141.057510146	0.00162351712682
141.371669412	0.00162351441171
141.685828677	0.00162350442996
141.999987942	0.00162349452113
142.314147208	0.00162347564302
142.628306473	0.00162346006608
142.942465738	0.00162343824115
143.256625004	0.00162342179135
143.570784269	0.00162340355899
143.884943534	0.0016233892788
144.1991028	0.00162338145578
144.513262065	0.00162337828569
144.82742133	0.00162338967694
145.141580596	0.00162340734488
145.455739861	0.00162344259258
145.769899127	0.00162348770447
146.084058392	0.00162354808736
146.398217657	0.00162362062656
146.712376923	0.00162369534288
147.026536188	0.00162377943351
147.340695453	0.00162385337671
147.654854719	0.00162392925215
147.969013984	0.00162398824441
148.283173249	0.00162403949059
148.597332515	0.00162407396882
148.91149178	0.00162408911249
149.225651046	0.00162408609667
149.539810311	0.00162406356666
149.853969576	0.00162403052565
150.168128842	0.00162397834775
150.482288107	0.00162391760644
150.796447372	0.00162385019676
151.110606638	0.00162377968448
151.424765903	0.00162371724866
151.738925168	0.00162365430514
152.053084434	0.00162361062419
152.367243699	0.00162357037356
152.681402964	0.00162355179218
152.99556223	0.00162354229601
153.309721495	0.00162354842391
153.623880761	0.00162356749735
153.938040026	0.00162359218876
154.252199291	0.00162363082333
154.566358557	0.00162366753567
154.880517822	0.00162371232956
155.194677087	0.00162375135695
155.508836353	0.00162379131019
155.822995618	0.00162383424304
156.137154883	0.0016238701312
156.451314149	0.00162390384833
156.765473414	0.00162392101368
157.079632679	0.00162393708427
157.393791945	0.00162394414192
157.70795121	0.00162395074382
158.022110476	0.00162395582916
158.336269741	0.00162395500271
158.650429006	0.00162395862079
158.964588272	0.00162395294406
159.278747537	0.00162395471448
159.592906802	0.00162395057977
159.907066068	0.00162395091434
160.221225333	0.00162394776049
160.535384598	0.00162393987647
160.849543864	0.00162393157718
161.163703129	0.00162391339019
161.477862395	0.00162389621615
161.79202166	0.00162387086612
162.106180925	0.00162384565838
162.420340191	0.00162381628845
162.734499456	0.00162378062134
163.048658721	0.0016237473893
163.362817987	0.00162371140774
163.676977252	0.00162368791225
163.991136517	0.00162366738303
164.305295783	0.00162366056654
164.619455048	0.0016236606629
164.933614313	0.00162367036872
165.247773579	0.00162369335397
165.561932844	0.00162372348824
165.87609211	0.00162377089484
166.190251375	0.00162382315328
166.50441064	0.00162388730954
166.818569906	0.0016239509837
167.132729171	0.00162401382907
167.446888436	0.00162407291153
167.761047702	0.00162411887289
168.075206967	0.00162415853161
168.389366232	0.00162417825759
168.703525498	0.00162418633821
169.017684763	0.00162417346578
169.331844029	0.00162414640084
169.646003294	0.00162410640297
169.960162559	0.00162405101
170.274321825	0.00162398755391
170.58848109	0.00162390840993
170.902640355	0.00162382848852
171.216799621	0.00162373756025
171.530958886	0.00162364894719
171.845118151	0.00162356596979
172.159277417	0.00162349007242
172.473436682	0.00162343336928
172.787595947	0.00162338796262
173.101755213	0.00162336431047
173.415914478	0.00162335438052
173.730073744	0.00162336320687
174.044233009	0.00162338933617
174.358392274	0.00162343164194
174.67255154	0.00162348991792
174.986710805	0.00162355445547
175.30087007	0.00162362695418
175.615029336	0.00162369626281
175.929188601	0.00162376480514
176.243347866	0.00162382500649
176.557507132	0.00162387397236
176.871666397	0.00162391396398
177.185825662	0.00162393876753
177.499984928	0.00162395315505
177.814144193	0.00162395277111
178.128303459	0.0016239450807
178.442462724	0.00162392925315
178.756621989	0.00162390772662
179.070781255	0.00162388156128
179.38494052	0.00162384798323
179.699099785	0.0016238151091
180.013259051	0.00162377956518
180.327418316	0.00162374877508
180.641577581	0.0016237183196
180.955736847	0.00162368854427
181.269896112	0.00162365967383
181.584055378	0.00162362670647
181.898214643	0.00162360007129
182.212373908	0.00162357158934
182.526533174	0.00162355155759
182.840692439	0.00162353601155
183.154851704	0.00162353112693
183.46901097	0.00162353574762
183.783170235	0.00162354622409
184.0973295	0.00162356704198
184.411488766	0.00162359160264
184.725648031	0.00162363014553
185.039807296	0.00162366806419
185.353966562	0.00162371270489
185.668125827	0.0016237585819
185.982285093	0.00162380428689
186.296444358	0.00162385388531
186.610603623	0.00162389585113
186.924762889	0.00162393704286
187.238922154	0.00162396465921
187.553081419	0.00162398633289
187.867240685	0.00162399849199
188.18139995	0.00162399901799
188.495559215	0.00162398982758
188.809718481	0.00162396094275
189.123877746	0.00162392384118
189.438037011	0.00162386610029
189.752196277	0.00162380221468
190.066355542	0.00162372534214
190.380514808	0.0016236438855
190.694674073	0.00162356388
191.008833338	0.00162348638121
191.322992604	0.00162342199157
191.637151869	0.00162336362529
191.951311134	0.00162332374254
192.2654704	0.00162329783071
192.579629665	0.00162329287996
192.89378893	0.00162331088644
193.207948196	0.00162334738182
193.522107461	0.00162341084095
193.836266727	0.00162348879805
194.150425992	0.00162358651651
194.464585257	0.00162368762986
194.778744523	0.0016237910231
195.092903788	0.0016238918831
195.407063053	0.0016239809029
195.721222319	0.0016240660741
196.035381584	0.00162413137798
196.349540849	0.00162418529913
196.663700115	0.00162421562308
196.97785938	0.00162422970571
197.292018645	0.00162422455751
197.606177911	0.00162419865774
197.920337176	0.00162416028074
198.234496442	0.00162410033299
198.548655707	0.00162403742996
198.862814972	0.00162396343065
199.176974238	0.00162389278403
199.491133503	0.00162382347775
199.805292768	0.00162375564695
200.119452034	0.00162369956884
200.433611299	0.0016236443033
200.747770564	0.00162360490465
201.06192983	0.00162357298179
201.376089095	0.00162355628331
201.69024836	0.00162355344556
202.004407626	0.00162356216398
202.318566891	0.00162358442619
202.632726157	0.00162360786328
202.946885422	0.00162364350646
203.261044687	0.00162367641583
203.575203953	0.00162371705421
203.889363218	0.00162375755184
204.203522483	0.00162379928963
204.517681749	0.00162384660273
204.831841014	0.00162389070042
205.146000279	0.00162394070898
205.460159545	0.00162398586577
205.77431881	0.00162403184662
206.088478076	0.00162406775239
206.402637341	0.00162409712131
206.716796606	0.00162411503151
207.030955872	0.00162411693618
207.345115137	0.00162410977562
207.659274402	0.00162408181233
207.973433668	0.00162404437504
208.287592933	0.0016239872079
208.601752198	0.00162392002051
208.915911464	0.00162384352852
209.230070729	0.00162375510242
209.544229994	0.00162366918134
209.85838926	0.00162357561634
210.172548525	0.00162349356517
210.486707791	0.00162341445877
210.800867056	0.0016233533168
211.115026321	0.00162330624926
211.429185587	0.00162327918586
211.743344852	0.00162327634077
212.057504117	0.0016232936643
212.371663383	0.00162333956795
212.685822648	0.00162340254422
212.999981913	0.00162348888835
213.314141179	0.00162359154536
213.628300444	0.00162370423736
213.942459709	0.00162382853712
214.256618975	0.00162394762266
214.57077824	0.00162406930378
214.884937506	0.00162417714925
215.199096771	0.0016242781499
215.513256036	0.0016243535843
215.827415302	0.00162440812556
216.141574567	0.00162443597972
216.455733832	0.0016244368561
216.769893098	0.0016244184719
217.084052363	0.00162437208706
217.398211628	0.00162431271664
217.712370894	0.00162423235454
218.026530159	0.0016241435678
218.340689425	0.00162404712894
218.65484869	0.00162394781727
218.969007955	0.00162385511707
219.283167221	0.0016237626346
219.597326486	0.00162368602147
219.911485751	0.00162361774552
220.225645017	0.00162356845852
220.539804282	0.00162353623716
220.853963547	0.00162352093016
221.168122813	0.00162353109281
221.482282078	0.00162355512243
221.796441343	0.00162360166441
222.110600609	0.0016236523007
222.424759874	0.00162372004645
222.73891914	0.00162379425862
223.053078405	0.0016238787678
223.36723767	0.0016239685853
223.681396936	0.0016240553106
223.995556201	0.00162414242549
224.309715466	0.00162421665939
224.623874732	0.00162428460684
224.938033997	0.00162433858312
225.252193262	0.00162437868301
225.566352528	0.00162440447035
225.880511793	0.00162440608163
226.194671058	0.00162439429137
226.508830324	0.00162435719308
226.822989589	0.00162430711708
227.137148855	0.00162423777215
227.45130812	0.00162415332087
227.765467385	0.00162405967433
228.079626651	0.0016239491867
228.393785916	0.00162384041527
228.707945181	0.00162372680046
229.022104447	0.00162362394798
229.336263712	0.00162352811284
229.650422977	0.00162344737557
229.964582243	0.00162337898817
230.278741508	0.00162332582617
230.592900774	0.00162329290223
230.907060039	0.00162327572958
231.221219304	0.00162328351001
231.53537857	0.00162331048211
231.849537835	0.00162335872861
232.1636971	0.00162342650302
232.477856366	0.00162350265675
232.792015631	0.00162359827244
233.106174896	0.00162369560242
233.420334162	0.00162380665949
233.734493427	0.0016239102449
234.048652692	0.00162401340109
234.362811958	0.00162410741045
234.676971223	0.00162418799171
234.991130489	0.00162425812019
235.305289754	0.00162430595867
235.619449019	0.00162433524287
235.933608285	0.00162433492244
236.24776755	0.00162431178706
236.561926815	0.00162426308336
236.876086081	0.00162419030826
237.190245346	0.00162410433093
237.504404611	0.00162400106919
237.818563877	0.00162389494195
238.132723142	0.00162377984392
238.446882407	0.00162366868058
238.761041673	0.00162356186415
239.075200938	0.00162346729202
239.389360204	0.00162339040573
239.703519469	0.00162332888238
240.017678734	0.00162329282599
240.331838	0.00162327163608
240.645997265	0.0016232748886
240.96015653	0.00162329475223
241.274315796	0.00162333328683
241.588475061	0.00162339046609
241.902634326	0.00162345730197
0.314159265359	0.00161826465625
0.628318530718	0.00161825903141
0.942477796077	0.00161828289736
1.25663706144	0.00161829373379
1.57079632679	0.00161833113785
1.88495559215	0.00161836576236
2.19911485751	0.00161841575618
2.51327412287	0.00161847257058
2.82743338823	0.0016185384622
3.14159265359	0.00161861419811
3.45575191895	0.00161869684926
3.76991118431	0.00161878883692
4.08407044967	0.00161888786972
4.39822971503	0.00161899475065
4.71238898039	0.00161910806901
5.02654824574	0.00161922791997
5.3407075111	0.00161935359428
5.65486677646	0.00161948468284
5.96902604182	0.00161962071039
6.28318530718	0.00161976081912
6.59734457254	0.00161990474863
6.9115038379	0.00162005153439
7.22566310326	0.00162020095521
7.53982236862	0.00162035187066
7.85398163398	0.00162050371423
8.16814089933	0.00162065518847
8.48230016469	0.00162080384479
8.79645943005	0.00162094486956
9.11061869541	0.00162107703277
9.42477796077	0.00162118321736
9.73893722613	0.00162127351149
10.0530964915	0.00162133329516
10.3672557568	0.00162136927372
10.6814150222	0.00162139750757
10.9955742876	0.00162141090181
11.3097335529	0.00162142764094
11.6238928183	0.00162145327663
11.9380520836	0.00162149307781
12.252211349	0.0016215510918
12.5663706144	0.00162162499559
12.8805298797	0.00162170523131
13.1946891451	0.00162178493662
13.5088484104	0.00162185752935
13.8230076758	0.0016219201949
14.1371669412	0.00162197087916
14.4513262065	0.00162200882903
14.7654854719	0.0016220334684
15.0796447372	0.00162204646678
15.3938040026	0.00162204686166
15.707963268	0.00162203593792
16.0221225333	0.00162201403558
16.3362817987	0.00162198217923
16.650441064	0.00162193907164
16.9646003294	0.00162188827886
17.2787595947	0.00162182773881
17.5929188601	0.00162175719089
17.9070781255	0.00162168126765
18.2212373908	0.00162159873888
18.5353966562	0.00162151154056
18.8495559215	0.00162142315623
19.1637151869	0.00162133339576
19.4778744523	0.00162124497276
19.7920337176	0.00162115922358
20.106192983	0.00162107383701
20.4203522483	0.00162099575087
20.7345115137	0.00162091792127
21.0486707791	0.00162084609503
21.3628300444	0.00162078044749
21.6769893098	0.00162071425119
21.9911485751	0.00162065776307
22.3053078405	0.0016206036683
22.6194671058	0.00162055616855
22.9336263712	0.00162051640786
23.2477856366	0.00162048313612
23.5619449019	0.00162045951137
23.8761041673	0.00162044395894
24.1902634326	0.00162043971096
24.504422698	0.00162044607016
24.8185819634	0.00162046052991
25.1327412287	0.00162048452518
25.4469004941	0.00162051991878
25.7610597594	0.00162056026473
26.0752190248	0.00162060935291
26.3893782902	0.00162066157019
26.7035375555	0.00162071656297
27.0176968209	0.00162077719569
27.3318560862	0.00162083587522
27.6460153516	0.00162089507021
27.960174617	0.00162095573497
28.2743338823	0.00162101296835
28.5884931477	0.00162106539773
28.902652413	0.00162111915405
29.2168116784	0.00162116954405
29.5309709437	0.00162121828358
29.8451302091	0.00162126727257
30.1592894745	0.00162130885647
30.4734487398	0.00162135136888
30.7876080052	0.00162138956176
31.1017672705	0.00162142569055
31.4159265359	0.00162146219132
31.7300858013	0.00162149036648
32.0442450666	0.00162151706767
32.358404332	0.00162153312541
32.6725635973	0.00162154084274
32.9867228627	0.00162153233725
33.3008821281	0.00162151598675
33.6150413934	0.00162147718232
33.9292006588	0.00162142237841
34.2433599241	0.00162134373259
34.5575191895	0.00162124636484
34.8716784548	0.00162112645284
35.1858377202	0.00162098810073
35.4999969856	0.0016208351045
35.8141562509	0.00162067542663
36.1283155163	0.00162051142795
36.4424747816	0.00162035125024
36.756634047	0.00162020402084
37.0707933124	0.00162007417941
37.3849525777	0.0016199643017
37.6991118431	0.00161988532808
38.0132711084	0.0016198370043
38.3274303738	0.00161982492099
38.6415896392	0.00161985060454
38.9557489045	0.00161990944882
39.2699081699	0.00162000721171
39.5840674352	0.00162013324121
39.8982267006	0.0016202842558
40.212385966	0.00162046006036
40.5265452313	0.00162064944281
40.8407044967	0.00162084661403
41.154863762	0.00162104555643
41.4690230274	0.00162123930126
41.7831822927	0.00162142788697
42.0973415581	0.00162159532733
42.4115008235	0.00162174910841
42.7256600888	0.00162187721412
43.0398193542	0.00162198278681
43.3539786195	0.00162206157308
43.6681378849	0.00162211454267
43.9822971503	0.00162214960716
44.2964564156	0.0016221593071
44.610615681	0.00162214810608
44.9247749463	0.00162212189955
45.2389342117	0.0016220807133
45.5530934771	0.00162203013053
45.8672527424	0.00162197443062
46.1814120078	0.00162191485519
46.4955712731	0.00162185842188
46.8097305385	0.00162180764816
47.1238898039	0.00162176187056
47.4380490692	0.0016217283026
47.7522083346	0.001621707383
48.0663675999	0.0016216958664
48.3805268653	0.00162169591226
48.6946861306	0.00162170498976
49.008845396	0.00162172482511
49.3230046614	0.00162174433627
49.6371639267	0.00162177266535
49.9513231921	0.00162179671231
50.2654824574	0.00162181797139
50.5796417228	0.00162183362241
50.8938009882	0.00162184000048
51.2079602535	0.00162184358553
51.5221195189	0.00162183532414
51.8362787842	0.00162182106977
52.1504380496	0.00162179967293
52.464597315	0.00162177366429
52.7787565803	0.00162174544219
53.0929158457	0.0016217160256
53.407075111	0.00162169114066
53.7212343764	0.00162166718574
54.0353936417	0.0016216538822
54.3495529071	0.0016216438725
54.6637121725	0.0016216436275
54.9778714378	0.00162165515959
55.2920307032	0.00162167132798
55.6061899685	0.00162169622703
55.9203492339	0.00162172437145
56.2345084993	0.00162175900825
56.5486677646	0.00162179238313
56.86282703	0.00162183215185
57.1769862953	0.00162186657262
57.4911455607	0.00162190015846
57.8053048261	0.0016219309597
58.1194640914	0.00162195609965
58.4336233568	0.0016219821771
58.7477826221	0.00162200411554
59.0619418875	0.00162202621632
59.3761011529	0.00162204677416
59.6902604182	0.00162207040801
60.0044196836	0.00162209674232
60.3185789489	0.00162212400427
60.6327382143	0.00162216028645
60.9468974796	0.00162219475274
61.261056745	0.00162224029117
61.5752160104	0.00162228243205
61.8893752757	0.0016223302179
62.2035345411	0.00162238204525
62.5176938064	0.00162243051784
62.8318530718	0.00162247650707
63.1460123372	0.00162251762753
63.4601716025	0.00162255530029
63.7743308679	0.00162258907133
64.0884901332	0.00162261903133
64.4026493986	0.00162264339852
64.716808664	0.00162266066
65.0309679293	0.00162267236092
65.3451271947	0.00162267585703
65.65928646	0.00162267640042
65.9734457254	0.00162267072242
66.2876049907	0.00162266312848
66.6017642561	0.00162265134324
66.9159235215	0.00162263638025
67.2300827868	0.00162262189959
67.5442420522	0.00162260032854
67.8584013175	0.00162258120898
68.1725605829	0.0016225564113
68.4867198483	0.00162253327164
68.8008791136	0.00162250266156
69.115038379	0.00162247029912
69.4291976443	0.00162244324848
69.7433569097	0.00162241452718
70.0575161751	0.00162238144521
70.3716754404	0.00162234900705
70.6858347058	0.00162231915171
70.9999939711	0.00162229538363
71.3141532365	0.00162227759253
71.6283125019	0.0016222715727
71.9424717672	0.00162226975931
72.2566310326	0.00162227968257
72.5707902979	0.00162229473356
72.8849495633	0.00162231956197
73.1991088286	0.00162234340146
73.513268094	0.0016223727063
73.8274273594	0.00162240408676
74.1415866247	0.00162243274263
74.4557458901	0.00162246467639
74.7699051554	0.00162248935662
75.0840644208	0.00162251434559
75.3982236862	0.00162253576613
75.7123829515	0.00162255599094
76.0265422169	0.00162257174159
76.3407014822	0.00162257947554
76.6548607476	0.00162259210614
76.969020013	0.00162260758516
77.2831792783	0.00162262342838
77.5973385437	0.00162264174971
77.911497809	0.00162265697782
78.2256570744	0.00162268143269
78.5398163398	0.00162270044442
78.8539756051	0.00162273228255
79.1681348705	0.00162275717955
79.4822941358	0.00162278922291
79.7964534012	0.00162281671876
80.1106126665	0.00162284635476
80.4247719319	0.00162287024333
80.7389311973	0.00162288757426
81.0530904626	0.00162289829056
81.367249728	0.00162289978964
81.6814089933	0.00162289716728
81.9955682587	0.00162288804944
82.3097275241	0.00162287284539
82.6238867894	0.00162285889082
82.9380460548	0.00162284551399
83.2522053201	0.0016228366078
83.5663645855	0.00162282167227
83.8805238509	0.00162281293293
84.1946831162	0.00162280705951
84.5088423816	0.00162280611283
84.8230016469	0.00162281232427
85.1371609123	0.00162281715259
85.4513201776	0.00162282770323
85.765479443	0.00162283259883
86.0796387084	0.00162283964924
86.3937979737	0.00162283969858
86.7079572391	0.00162283762867
87.0221165044	0.00162282661013
87.3362757698	0.00162280813711
87.6504350352	0.00162278763859
87.9645943005	0.00162276136376
88.2787535659	0.00162273644101
88.5929128312	0.00162270767459
88.9070720966	0.00162268116506
89.221231362	0.00162265605949
89.5353906273	0.0016226295594
89.8495498927	0.00162261108024
90.163709158	0.00162259298918
90.4778684234	0.00162258153528
90.7920276888	0.00162257560987
91.1061869541	0.00162258049735
91.4203462195	0.00162258253025
91.7345054848	0.0016225914064
92.0486647502	0.00162260334033
92.3628240155	0.00162262113075
92.6769832809	0.001622644025
92.9911425463	0.00162267140054
93.3053018116	0.00162270034143
93.619461077	0.00162273190034
93.9336203423	0.00162276529312
94.2477796077	0.00162280143338
94.5619388731	0.00162283503696
94.8760981384	0.00162287169018
95.1902574038	0.00162290415312
95.5044166691	0.00162294032169
95.8185759345	0.00162297062113
96.1327351999	0.00162300692078
96.4468944652	0.00162303956581
96.7610537306	0.00162306951961
97.0752129959	0.00162309912152
97.3893722613	0.00162312842182
97.7035315266	0.00162315211289
98.017690792	0.00162317016342
98.3318500574	0.00162318830459
98.6460093227	0.00162320302639
98.9601685881	0.00162321676743
99.2743278534	0.00162322556722
99.5884871188	0.00162323197912
99.9026463842	0.00162323731428
100.21680565	0.00162323756094
100.530964915	0.00162323885786
100.84512418	0.00162323197663
101.159283446	0.00162322349345
101.473442711	0.00162320894246
101.787601976	0.00162318916273
102.101761242	0.001623167436
102.415920507	0.00162314014114
102.730079772	0.00162311483376
103.044239038	0.00162308295816
103.358398303	0.00162305973261
103.672557568	0.00162304067437
103.986716834	0.00162302611863
104.300876099	0.00162300940046
104.615035365	0.00162300378129
104.92919463	0.00162300929794
105.243353895	0.00162301817955
105.557513161	0.00162303666848
105.871672426	0.00162306072128
106.185831691	0.00162309239822
106.499990957	0.00162313077703
106.814150222	0.00162317017252
107.128309487	0.00162321312402
107.442468753	0.00162325133492
107.756628018	0.00162329148927
108.070787283	0.00162332245007
108.384946549	0.00162335152431
108.699105814	0.00162337257755
109.01326508	0.00162338836196
109.327424345	0.00162340027368
109.64158361	0.0016234052311
109.955742876	0.0016234115255
110.269902141	0.00162340878665
110.584061406	0.00162340413189
110.898220672	0.00162340062825
111.212379937	0.001623402445
111.526539202	0.00162340438835
111.840698468	0.00162340124338
112.154857733	0.00162340094528
112.469016999	0.00162340052657
112.783176264	0.00162340612421
113.097335529	0.00162340994162
113.411494795	0.00162341625969
113.72565406	0.00162342430251
114.039813325	0.00162343419744
114.353972591	0.0016234516791
114.668131856	0.00162346298972
114.982291121	0.00162347936364
115.296450387	0.00162348908556
115.610609652	0.00162350220139
115.924768917	0.00162351290679
116.238928183	0.00162352267442
116.553087448	0.00162353309426
116.867246714	0.00162354131291
117.181405979	0.00162355720775
117.495565244	0.00162357059612
117.80972451	0.00162358510221
118.123883775	0.00162359056718
118.43804304	0.00162358970289
118.752202306	0.00162358986043
119.066361571	0.0016235860447
119.380520836	0.00162358625266
119.694680102	0.00162358169343
120.008839367	0.00162357969321
120.322998632	0.00162357887965
120.637157898	0.00162357580263
120.951317163	0.00162357264982
121.265476429	0.00162355824202
121.579635694	0.00162355068874
121.893794959	0.00162354198918
122.207954225	0.0016235357559
122.52211349	0.00162352448923
122.836272755	0.00162350857293
123.150432021	0.0016234906862
123.464591286	0.00162346523712
123.778750551	0.00162344214415
124.092909817	0.00162341213337
124.407069082	0.00162338610712
124.721228348	0.00162336464266
125.035387613	0.00162335320564
125.349546878	0.0016233573153
125.663706144	0.00162336997697
125.977865409	0.00162339650825
126.292024674	0.00162342621885
126.60618394	0.00162346754275
126.920343205	0.00162351066943
127.23450247	0.00162355768459
127.548661736	0.00162360852289
127.862821001	0.00162365695301
128.176980266	0.00162370200408
128.491139532	0.00162373049061
128.805298797	0.00162374937772
129.119458063	0.00162374857068
129.433617328	0.00162373671587
129.747776593	0.00162371404409
130.061935859	0.00162367920835
130.376095124	0.00162364218876
130.690254389	0.00162359698235
131.004413655	0.00162355670176
131.31857292	0.00162351350587
131.632732185	0.0016234761294
131.946891451	0.0016234422135
132.261050716	0.00162341137871
132.575209981	0.00162339225763
132.889369247	0.0016233697671
133.203528512	0.00162336365805
133.517687778	0.00162335535886
133.831847043	0.00162335769011
134.146006308	0.00162336052569
134.460165574	0.00162336217503
134.774324839	0.00162336713192
135.088484104	0.00162336946842
135.40264337	0.00162337848598
135.716802635	0.00162338067979
136.0309619	0.00162338418998
136.345121166	0.00162338643657
136.659280431	0.00162338965088
136.973439697	0.0016233968881
137.287598962	0.00162340029928
137.601758227	0.00162340968345
137.915917493	0.00162341557797
138.230076758	0.00162342741091
138.544236023	0.00162343933959
138.858395289	0.00162345279376
139.172554554	0.00162346653344
139.486713819	0.00162347667667
139.800873085	0.00162349170873
140.11503235	0.00162350043595
140.429191615	0.00162351120096
140.743350881	0.0016235149139
141.057510146	0.00162351712682
141.371669412	0.00162351441171
141.685828677	0.00162350442996
141.999987942	0.00162349452113
142.314147208	0.00162347564302
142.628306473	0.00162346006608
142.942465738	0.00162343824115
143.256625004	0.00162342179135
143.570784269	0.00162340355899
143.884943534	0.0016233892788
144.1991028	0.00162338145578
144.513262065	0.00162337828569
144.82742133	0.00162338967694
145.141580596	0.00162340734488
145.455739861	0.00162344259258
145.769899127	0.00162348770447
146.084058392	0.00162354808736
146.398217657	0.00162362062656
146.712376923	0.00162369534288
147.026536188	0.00162377943351
147.340695453	0.00162385337671
147.654854719	0.00162392925215
147.969013984	0.00162398824441
148.283173249	0.00162403949059
148.597332515	0.00162407396882
148.91149178	0.00162408911249
149.225651046	0.00162408609667
149.539810311	0.00162406356666
149.853969576	0.00162403052565
150.168128842	0.00162397834775
150.482288107	0.00162391760644
150.796447372	0.00162385019676
151.110606638	0.00162377968448
151.424765903	0.00162371724866
151.738925168	0.00162365430514
152.053084434	0.00162361062419
152.367243699	0.00162357037356
152.681402964	0.00162355179218
152.99556223	0.00162354229601
153.309721495	0.00162354842391
153.623880761	0.00162356749735
153.938040026	0.00162359218876
154.252199291	0.00162363082333
154.566358557	0.00162366753567
154.880517822	0.00162371232956
155.194677087	0.00162375135695
155.508836353	0.00162379131019
155.822995618	0.00162383424304
156.137154883	0.0016238701312
156.451314149	0.00162390384833
156.765473414	0.00162392101368
157.079632679	0.00162393708427
157.393791945	0.00162394414192
157.70795121	0.00162395074382
158.022110476	0.00162395582916
158.336269741	0.00162395500271
158.650429006	0.00162395862079
158.964588272	0.00162395294406
159.278747537	0.00162395471448
159.592906802	0.00162395057977
159.907066068	0.00162395091434
160.221225333	0.00162394776049
160.535384598	0.00162393987647
160.849543864	0.00162393157718
161.163703129	0.00162391339019
161.477862395	0.00162389621615
161.79202166	0.00162387086612
162.106180925	0.00162384565838
162.420340191	0.00162381628845
162.734499456	0.00162378062134
163.048658721	0.0016237473893
163.362817987	0.00162371140774
163.676977252	0.00162368791225
163.991136517	0.00162366738303
164.305295783	0.00162366056654
164.619455048	0.0016236606629
164.933614313	0.00162367036872
165.247773579	0.00162369335397
165.561932844	0.00162372348824
165.87609211	0.00162377089484
166.190251375	0.00162382315328
166.50441064	0.00162388730954
166.818569906	0.0016239509837
167.132729171	0.00162401382907
167.446888436	0.00162407291153
167.761047702	0.00162411887289
168.075206967	0.00162415853161
168.389366232	0.00162417825759
168.703525498	0.00162418633821
169.017684763	0.00162417346578
169.331844029	0.00162414640084
169.646003294	0.00162410640297
169.960162559	0.00162405101
170.274321825	0.00162398755391
170.58848109	0.00162390840993
170.902640355	0.00162382848852
171.216799621	0.00162373756025
171.530958886	0.00162364894719
171.845118151	0.00162356596979
172.159277417	0.00162349007242
172.473436682	0.00162343336928
172.787595947	0.00162338796262
173.101755213	0.00162336431047
173.415914478	0.00162335438052
173.730073744	0.00162336320687
174.044233009	0.00162338933617
174.358392274	0.00162343164194
174.67255154	0.00162348991792
174.986710805	0.00162355445547
175.30087007	0.00162362695418
175.615029336	0.00162369626281
175.929188601	0.00162376480514
176.243347866	0.00162382500649
176.557507132	0.00162387397236
176.871666397	0.00162391396398
177.185825662	0.00162393876753
177.499984928	0.00162395315505
177.814144193	0.00162395277111
178.128303459	0.0016239450807
178.442462724	0.00162392925315
178.756621989	0.00162390772662
179.070781255	0.00162388156128
179.38494052	0.00162384798323
179.699099785	0.0016238151091
180.013259051	0.00162377956518
180.327418316	0.00162374877508
180.641577581	0.0016237183196
180.955736847	0.00162368854427
181.269896112	0.00162365967383
181.584055378	0.00162362670647
181.898214643	0.00162360007129
182.212373908	0.00162357158934
182.526533174	0.00162355155759
182.840692439	0.00162353601155
183.154851704	0.00162353112693
183.46901097	0.00162353574762
183.783170235	0.00162354622409
184.0973295	0.00162356704198
184.411488766	0.00162359160264
184.725648031	0.00162363014553
185.039807296	0.00162366806419
185.353966562	0.00162371270489
185.668125827	0.0016237585819
185.982285093	0.00162380428689
186.296444358	0.00162385388531
186.610603623	0.00162389585113
186.924762889	0.00162393704286
187.238922154	0.00162396465921
187.553081419	0.00162398633289
187.867240685	0.00162399849199
188.18139995	0.00162399901799
188.495559215	0.00162398982758
188.809718481	0.00162396094275
189.123877746	0.00162392384118
189.438037011	0.00162386610029
189.752196277	0.00162380221468
190.066355542	0.00162372534214
190.380514808	0.0016236438855
190.694674073	0.00162356388
191.008833338	0.00162348638121
191.322992604	0.00162342199157
191.637151869	0.00162336362529
191.951311134	0.00162332374254
192.2654704	0.00162329783071
192.579629665	0.00162329287996
192.89378893	0.00162331088644
193.207948196	0.00162334738182
193.522107461	0.00162341084095
193.836266727	0.00162348879805
194.150425992	0.00162358651651
194.464585257	0.00162368762986
194.778744523	0.0016237910231
195.092903788	0.0016238918831
195.407063053	0.0016239809029
195.721222319	0.0016240660741
196.035381584	0.00162413137798
196.349540849	0.00162418529913
196.663700115	0.00162421562308
196.97785938	0.00162422970571
197.292018645	0.00162422455751
197.606177911	0.00162419865774
197.920337176	0.00162416028074
198.234496442	0.00162410033299
198.548655707	0.00162403742996
198.862814972	0.00162396343065
199.176974238	0.00162389278403
199.491133503	0.00162382347775
199.805292768	0.00162375564695
200.119452034	0.00162369956884
200.433611299	0.0016236443033
200.747770564	0.00162360490465
201.06192983	0.00162357298179
201.376089095	0.00162355628331
201.69024836	0.00162355344556
202.004407626	0.00162356216398
202.318566891	0.00162358442619
202.632726157	0.00162360786328
202.946885422	0.00162364350646
203.261044687	0.00162367641583
203.575203953	0.00162371705421
203.889363218	0.00162375755184
204.203522483	0.00162379928963
204.517681749	0.00162384660273
204.831841014	0.00162389070042
205.146000279	0.00162394070898
205.460159545	0.00162398586577
205.77431881	0.00162403184662
206.088478076	0.00162406775239
206.402637341	0.00162409712131
206.716796606	0.00162411503151
207.030955872	0.00162411693618
207.345115137	0.00162410977562
207.659274402	0.00162408181233
207.973433668	0.00162404437504
208.287592933	0.0016239872079
208.601752198	0.00162392002051
208.915911464	0.00162384352852
209.230070729	0.00162375510242
209.544229994	0.00162366918134
209.85838926	0.00162357561634
210.172548525	0.00162349356517
210.486707791	0.00162341445877
210.800867056	0.0016233533168
211.115026321	0.00162330624926
211.429185587	0.00162327918586
211.743344852	0.00162327634077
212.057504117	0.0016232936643
212.371663383	0.00162333956795
212.685822648	0.00162340254422
212.999981913	0.00162348888835
213.314141179	0.00162359154536
213.628300444	0.00162370423736
213.942459709	0.00162382853712
214.256618975	0.00162394762266
214.57077824	0.00162406930378
214.884937506	0.00162417714925
215.199096771	0.0016242781499
215.513256036	0.0016243535843
215.827415302	0.00162440812556
216.141574567	0.00162443597972
216.455733832	0.0016244368561
216.769893098	0.0016244184719
217.084052363	0.00162437208706
217.398211628	0.00162431271664
217.712370894	0.00162423235454
218.026530159	0.0016241435678
218.340689425	0.00162404712894
218.65484869	0.00162394781727
218.969007955	0.00162385511707
219.283167221	0.0016237626346
219.597326486	0.00162368602147
219.911485751	0.00162361774552
220.225645017	0.00162356845852
220.539804282	0.00162353623716
220.853963547	0.00162352093016
221.168122813	0.00162353109281
221.482282078	0.00162355512243
221.796441343	0.00162360166441
222.110600609	0.0016236523007
222.424759874	0.00162372004645
222.73891914	0.00162379425862
223.053078405	0.0016238787678
223.36723767	0.0016239685853
223.681396936	0.0016240553106
223.995556201	0.00162414242549
224.309715466	0.00162421665939
224.623874732	0.00162428460684
224.938033997	0.00162433858312
225.252193262	0.00162437868301
225.566352528	0.00162440447035
225.880511793	0.00162440608163
226.194671058	0.00162439429137
226.508830324	0.00162435719308
226.822989589	0.00162430711708
227.137148855	0.00162423777215
227.45130812	0.00162415332087
227.765467385	0.00162405967433
228.079626651	0.0016239491867
228.393785916	0.00162384041527
228.707945181	0.00162372680046
229.022104447	0.00162362394798
229.336263712	0.00162352811284
229.650422977	0.00162344737557
229.964582243	0.00162337898817
230.278741508	0.00162332582617
230.592900774	0.00162329290223
230.907060039	0.00162327572958
231.221219304	0.00162328351001
231.53537857	0.00162331048211
231.849537835	0.00162335872861
232.1636971	0.00162342650302
232.477856366	0.00162350265675
232.792015631	0.00162359827244
233.106174896	0.00162369560242
233.420334162	0.00162380665949
233.734493427	0.0016239102449
234.048652692	0.00162401340109
234.362811958	0.00162410741045
234.676971223	0.00162418799171
234.991130489	0.00162425812019
235.305289754	0.00162430595867
235.619449019	0.00162433524287
235.933608285	0.00162433492244
236.24776755	0.00162431178706
236.561926815	0.00162426308336
236.876086081	0.00162419030826
237.190245346	0.00162410433093
237.504404611	0.00162400106919
237.818563877	0.00162389494195
238.132723142	0.00162377984392
238.446882407	0.00162366868058
238.761041673	0.00162356186415
239.075200938	0.00162346729202
239.389360204	0.00162339040573
239.703519469	0.00162332888238
240.017678734	0.00162329282599
240.331838	0.00162327163608
240.645997265	0.0016232748886
240.96015653	0.00162329475223
241.274315796	0.00162333328683
241.588475061	0.00162339046609
241.902634326	0.00162345730197
242.216793592	0.00162354002847
242.530952857	0.00162362896699
242.845112123	0.00162372616587
243.159271388	0.00162382130823
243.473430653	0.00162391267009
243.787589919	0.00162399698158
244.101749184	0.00162406512863
244.415908449	0.00162411783619
244.730067715	0.00162414371822
245.04422698	0.00162414760647
245.358386245	0.00162412483822
245.672545511	0.00162407911442
245.986704776	0.00162401085451
246.300864041	0.00162391876856
246.615023307	0.00162381376956
246.929182572	0.00162369246956
247.243341838	0.00162356777714
247.557501103	0.00162344061048
247.871660368	0.00162331912504
248.185819634	0.00162320943661
248.499978899	0.00162311070675
248.814138164	0.00162303093158
249.12829743	0.00162296567776
249.442456695	0.00162292228906
249.75661596	0.00162289773837
250.070775226	0.00162289845106
250.384934491	0.00162292290749
250.699093756	0.0016229641286
251.013253022	0.00162302982177
251.327412287	0.00162310671397
251.641571553	0.00162320579745
251.955730818	0.00162330972884
252.269890083	0.00162342576146
252.584049349	0.00162354103091
252.898208614	0.00162365608458
253.212367879	0.00162376882498
253.526527145	0.00162386949
253.84068641	0.00162395845225
254.154845675	0.00162402897571
254.469004941	0.00162407881154
254.783164206	0.00162410498438
255.097323472	0.0016241054136
255.411482737	0.00162408532413
255.725642002	0.00162403806954
256.039801268	0.00162397769418
256.353960533	0.00162390007597
256.668119798	0.00162381451008
256.982279064	0.00162371463154
257.296438329	0.0016236080093
257.610597594	0.00162350038838
257.92475686	0.00162339260075
258.238916125	0.00162329822059
258.55307539	0.00162320890695
258.867234656	0.00162314144514
259.181393921	0.00162308885478
259.495553187	0.00162306021068
259.809712452	0.00162305275113
260.123871717	0.00162306386165
260.438030983	0.00162310290693
260.752190248	0.00162316239729
261.066349513	0.00162324744303
261.380508779	0.00162334778413
261.694668044	0.00162345961963
262.008827309	0.00162357902271
262.322986575	0.0016236931912
262.63714584	0.0016238059949
262.951305105	0.00162389785769
263.265464371	0.00162397850347
263.579623636	0.00162402944519
263.893782902	0.00162406387263
264.207942167	0.00162407339406
264.522101432	0.00162406040242
264.836260698	0.00162402645943
265.150419963	0.00162396580216
265.464579228	0.00162389069165
265.778738494	0.00162379446112
266.092897759	0.00162368989213
266.407057024	0.00162358027494
266.72121629	0.00162346961114
267.035375555	0.00162336581068
267.349534821	0.00162326322219
267.663694086	0.00162317574278
267.977853351	0.00162309410799
268.292012617	0.00162303194025
268.606171882	0.00162298588079
268.920331147	0.00162295741053
269.234490413	0.00162295468818
269.548649678	0.00162296757819
269.862808943	0.00162301053646
270.176968209	0.00162306793003
270.491127474	0.00162314980124
270.805286739	0.00162324184436
271.119446005	0.00162334844354
271.43360527	0.00162346060577
271.747764536	0.00162357208014
272.061923801	0.00162368623034
272.376083066	0.00162378794276
272.690242332	0.00162388584254
273.004401597	0.00162396526617
273.318560862	0.00162402975265
273.632720128	0.00162407568966
273.946879393	0.00162410091
274.261038658	0.00162411314053
274.575197924	0.00162409742332
274.889357189	0.0016240683409
275.203516454	0.00162401387086
275.51767572	0.00162394579964
275.831834985	0.00162386168238
276.145994251	0.00162376438395
276.460153516	0.00162366309864
276.774312781	0.00162355274362
277.088472047	0.00162344974737
277.402631312	0.00162334835424
277.716790577	0.00162326276842
278.030949843	0.00162318824208
278.345109108	0.00162313097707
278.659268373	0.00162309644974
278.973427639	0.00162308098587
279.287586904	0.00162309303001
279.60174617	0.00162312443637
279.915905435	0.00162317991071
280.2300647	0.00162325370087
280.544223966	0.00162333983602
280.858383231	0.00162343921933
281.172542496	0.00162353437148
281.486701762	0.00162363658463
281.800861027	0.00162372658194
282.115020292	0.00162381609161
282.429179558	0.00162388633195
282.743338823	0.00162394377228
283.057498088	0.00162398073076
283.371657354	0.00162399513786
283.685816619	0.00162399292909
283.999975885	0.00162396594977
284.31413515	0.00162392490172
284.628294415	0.00162386201149
284.942453681	0.00162378529339
285.256612946	0.00162369913972
285.570772211	0.0016236032703
285.884931477	0.00162351229013
286.199090742	0.00162341715516
286.513250007	0.00162333566972
286.827409273	0.00162325924847
287.141568538	0.00162320139096
287.455727803	0.0016231566199
287.769887069	0.00162312526637
288.084046334	0.0016231153379
288.3982056	0.00162311874034
288.712364865	0.0016231450301
289.02652413	0.00162317891598
289.340683396	0.00162323048643
289.654842661	0.00162328846687
289.969001926	0.00162335558147
290.283161192	0.00162343049217
290.597320457	0.00162350708806
290.911479722	0.0016235919157
291.225638988	0.00162367027593
291.539798253	0.0016237491777
291.853957519	0.00162382034105
292.168116784	0.00162388461384
292.482276049	0.0016239419164
292.796435315	0.00162398212965
293.11059458	0.00162401593358
293.424753845	0.00162402704715
293.738913111	0.00162402929452
294.053072376	0.00162400857935
294.367231641	0.00162397683788
294.681390907	0.00162393330599
294.995550172	0.00162387582675
295.309709437	0.00162381059994
295.623868703	0.00162372874532
295.938027968	0.00162364643061
296.252187234	0.00162355561356
296.566346499	0.00162347057397
296.880505764	0.00162339032296
297.19466503	0.00162331845153
297.508824295	0.00162326361113
297.82298356	0.00162321725823
298.137142826	0.0016231940125
298.451302091	0.00162318485724
298.765461356	0.00162319847702
299.079620622	0.00162322765414
299.393779887	0.00162326846127
299.707939152	0.0016233248956
300.022098418	0.00162338380203
300.336257683	0.00162345430914
300.650416949	0.00162352451561
300.964576214	0.00162359920084
301.278735479	0.00162366537391
301.592894745	0.00162372126192
301.90705401	0.0016237624833
302.221213275	0.00162378422815
302.535372541	0.00162379365964
302.849531806	0.00162378362591
303.163691071	0.00162376272689
303.477850337	0.00162372684399
303.792009602	0.0016236783098
304.106168868	0.00162362120268
304.420328133	0.00162355273736
304.734487398	0.00162348709426
305.048646664	0.00162341610741
305.362805929	0.00162335291186
305.676965194	0.00162328965434
305.99112446	0.00162323386224
306.305283725	0.00162318757206
306.61944299	0.00162314709681
306.933602256	0.0016231233799
307.247761521	0.00162310598679
307.561920786	0.00162310581509
307.876080052	0.00162311034947
308.190239317	0.00162312678498
308.504398583	0.00162315599943
308.818557848	0.00162319263114
309.132717113	0.00162323965911
309.446876379	0.00162329017498
309.761035644	0.00162334702662
310.075194909	0.00162339993514
310.389354175	0.00162345046606
310.70351344	0.00162349620363
311.017672705	0.00162353275891
311.331831971	0.00162356771571
311.645991236	0.00162358763115
311.960150501	0.00162360360849
312.274309767	0.00162360250223
312.588469032	0.00162359413727
312.902628298	0.00162357392191
313.216787563	0.00162354464219
313.530946828	0.00162351142356
313.845106094	0.0016234676506
314.159265359	0.00162342467541
314.473424624	0.00162337609325
314.78758389	0.00162332823839
315.101743155	0.00162327701296
315.41590242	0.00162322213418
315.730061686	0.00162316886174
316.044220951	0.00162311108077
316.358380217	0.00162306001624
316.672539482	0.00162300744971
316.986698747	0.00162296276363
317.300858013	0.00162292752284
317.615017278	0.00162290037798
317.929176543	0.00162288936516
318.243335809	0.00162288220127
318.557495074	0.00162289270879
318.871654339	0.0016229111035
319.185813605	0.00162294073165
319.49997287	0.00162297872171
319.814132135	0.00162302078492
320.128291401	0.00162306551955
320.442450666	0.00162310290124
320.756609932	0.00162313617878
321.070769197	0.00162315634913
321.384928462	0.0016231677748
321.699087728	0.00162316671993
322.013246993	0.00162315476605
322.327406258	0.00162313929608
322.641565524	0.0016231141119
322.955724789	0.00162308207533
323.269884054	0.00162304025076
323.58404332	0.00162299457737
323.898202585	0.00162294613587
324.21236185	0.00162289388213
324.526521116	0.00162284488812
324.840680381	0.00162279277809
325.154839647	0.0016227496802
325.468998912	0.00162271010583
325.783158177	0.00162268000973
326.097317443	0.00162265793484
326.411476708	0.00162264397665
326.725635973	0.00162264367168
327.039795239	0.00162265249374
327.353954504	0.00162267509631
327.668113769	0.00162270795809
327.982273035	0.00162274696192
328.2964323	0.00162279310456
328.610591566	0.00162283829175
328.924750831	0.00162288322933
329.238910096	0.00162291886185
329.553069362	0.0016229528161
329.867228627	0.00162297841729
330.181387892	0.00162300327973
330.495547158	0.00162301968156
330.809706423	0.00162303067461
331.123865688	0.00162303797996
331.438024954	0.00162303732353
331.752184219	0.00162303775355
332.066343484	0.00162302783799
332.38050275	0.00162302177986
332.694662015	0.001623013624
333.008821281	0.00162300720115
333.322980546	0.0016229980682
333.637139811	0.00162298304211
333.951299077	0.0016229680604
334.265458342	0.00162294385507
334.579617607	0.00162292316177
334.893776873	0.0016228963687
335.207936138	0.00162287150777
335.522095403	0.00162284987299
335.836254669	0.00162283001594
336.150413934	0.00162282274469
336.464573199	0.00162281228921
336.778732465	0.00162281498497
337.09289173	0.00162281269047
337.407050996	0.00162282223066
337.721210261	0.00162283221392
338.035369526	0.0016228477249
338.349528792	0.00162287104971
338.663688057	0.00162289188371
338.977847322	0.00162292179332
339.292006588	0.00162294432007
339.606165853	0.00162297203614
339.920325118	0.00162299653911
340.234484384	0.0016230175134
340.548643649	0.00162304043784
340.862802915	0.00162305083241
341.17696218	0.00162306436863
341.491121445	0.00162306168321
341.805280711	0.00162305866103
342.119439976	0.00162304457427
342.433599241	0.00162302472288
342.747758507	0.00162300319736
343.061917772	0.00162297296668
343.376077037	0.00162294885554
343.690236303	0.00162291789176
344.004395568	0.00162289722209
344.318554833	0.00162287529523
344.632714099	0.00162286092644
344.946873364	0.00162285516269
345.26103263	0.00162285242825
345.575191895	0.00162286490499
345.88935116	0.00162287829181
346.203510426	0.00162290655448
346.517669691	0.00162293614734
346.831828956	0.00162297486736
347.145988222	0.00162301880655
347.460147487	0.00162305969251
347.774306752	0.00162310562512
348.088466018	0.00162313958644
348.402625283	0.00162317788226
348.716784548	0.00162320246752
349.030943814	0.00162322544757
349.345103079	0.00162323913464
349.659262345	0.00162324444393
349.97342161	0.00162324733901
350.287580875	0.00162323985563
350.601740141	0.00162323571112
350.915899406	0.00162321937449
351.230058671	0.00162320441744
351.544217937	0.00162318357336
351.858377202	0.0016231602443
352.172536467	0.00162313976506
352.486695733	0.00162311213413
352.800854998	0.00162309305269
353.115014264	0.00162306867203
353.429173529	0.00162305384729
353.743332794	0.00162303648453
354.05749206	0.00162301801929
354.371651325	0.00162300229338
354.68581059	0.00162298179181
354.999969856	0.00162297113067
355.314129121	0.00162295470245
355.628288386	0.00162294749186
355.942447652	0.00162293715144
356.256606917	0.00162293141951
356.570766182	0.00162292998619
356.884925448	0.0016229300774
357.199084713	0.00162293903819
357.513243979	0.00162294235331
357.827403244	0.0016229527364
358.141562509	0.00162295837752
358.455721775	0.0016229659701
358.76988104	0.00162297444899
359.084040305	0.00162297759628
359.398199571	0.00162298568594
359.712358836	0.00162298511631
360.026518101	0.00162298878701
360.340677367	0.00162298023276
360.654836632	0.00162296975007
360.968995897	0.0016229577978
361.283155163	0.00162294380967
361.597314428	0.00162293127335
361.911473694	0.00162291029351
362.225632959	0.00162289223412
362.539792224	0.0016228654905
362.85395149	0.00162284089002
363.168110755	0.00162281551657
363.48227002	0.00162279171076
363.796429286	0.00162277499641
364.110588551	0.00162275549078
364.424747816	0.00162274691111
364.738907082	0.00162273903809
365.053066347	0.00162274336549
365.367225613	0.00162275142117
365.681384878	0.00162276471168
365.995544143	0.00162278547131
366.309703409	0.00162280445022
366.623862674	0.00162283208975
366.938021939	0.00162285743731
367.252181205	0.00162289092693
367.56634047	0.00162292095942
367.880499735	0.00162294741388
368.194659001	0.00162296770136
368.508818266	0.0016229744072
368.822977531	0.00162297704488
369.137136797	0.00162296613339
369.451296062	0.00162295253964
369.765455328	0.00162293138829
370.079614593	0.00162290675066
370.393773858	0.00162287991969
370.707933124	0.00162284931959
371.022092389	0.00162282474474
371.336251654	0.00162279672311
371.65041092	0.00162277547464
371.964570185	0.00162275155051
372.27872945	0.00162272946688
372.592888716	0.00162271037967
372.907047981	0.00162268725376
373.221207246	0.00162267058471
373.535366512	0.0016226493434
373.849525777	0.00162263411365
374.163685043	0.00162261434743
374.477844308	0.00162259677814
374.792003573	0.00162258435796
375.106162839	0.00162257300325
375.420322104	0.00162256708275
375.734481369	0.00162256181792
376.048640635	0.00162256360318
376.3627999	0.00162256336057
376.676959165	0.00162256440481
376.991118431	0.00162256414384
377.305277696	0.00162256094865
377.619436962	0.00162255978196
377.933596227	0.0016225514477
378.247755492	0.00162254392038
378.561914758	0.00162252787638
378.876074023	0.00162251024554
379.190233288	0.00162249035344
379.504392554	0.0016224676697
379.818551819	0.001622448862
380.132711084	0.00162242516151
380.44687035	0.00162240642542
380.761029615	0.00162238921322
381.07518888	0.00162237545162
381.389348146	0.00162236283901
381.703507411	0.00162234700843
382.017666677	0.00162233153514
382.331825942	0.00162231228525
382.645985207	0.00162229737563
382.960144473	0.00162228020053
383.274303738	0.00162226745554
383.588463003	0.00162225887341
383.902622269	0.00162225365579
384.216781534	0.00162225519631
384.530940799	0.00162225711807
384.845100065	0.00162226871771
385.15925933	0.00162228369576
385.473418595	0.00162230376174
385.787577861	0.00162232623434
386.101737126	0.00162234849498
386.415896392	0.00162237353461
386.730055657	0.00162239109948
387.044214922	0.00162240986223
387.358374188	0.00162241863774
387.672533453	0.0016224251334
387.986692718	0.00162242255094
388.300851984	0.00162241490166
388.615011249	0.00162240905045
388.929170514	0.00162239918093
389.24332978	0.00162239101681
389.557489045	0.00162237303145
389.871648311	0.00162235525388
390.185807576	0.0016223327885
390.499966841	0.00162230796974
390.814126107	0.00162228633912
391.128285372	0.00162225895051
391.442444637	0.00162224059339
391.756603903	0.00162221652767
392.070763168	0.0016222000388
392.384922433	0.00162218089152
392.699081699	0.0016221660379
393.013240964	0.00162215708607
393.327400229	0.00162214846973
393.641559495	0.00162215103394
393.95571876	0.00162215254672
394.269878026	0.0016221620719
394.584037291	0.00162217180606
394.898196556	0.00162218412157
395.212355822	0.00162219621549
395.526515087	0.001622200917
395.840674352	0.00162220856288
396.154833618	0.00162220615216
396.468992883	0.00162221018143
396.783152148	0.00162220940636
397.097311414	0.00162220955722
397.411470679	0.00162220837629
397.725629944	0.0016222026348
398.03978921	0.00162219962673
398.353948475	0.00162218960869
398.668107741	0.00162218843049
398.982267006	0.00162218404545
399.296426271	0.00162218282979
399.610585537	0.00162218000352
399.924744802	0.00162217141816
400.238904067	0.00162216676378
400.553063333	0.00162215105051
400.867222598	0.00162214338716
401.181381863	0.00162212815634
401.495541129	0.00162211913275
401.809700394	0.00162211288704
402.12385966	0.00162210963643
402.438018925	0.00162211617556
402.75217819	0.00162211884355
403.066337456	0.0016221326433
403.380496721	0.00162214061774
403.694655986	0.00162215900328
404.008815252	0.00162217470039
404.322974517	0.00162219300771
404.637133782	0.00162221486125
404.951293048	0.00162223114008
405.265452313	0.00162225429771
405.579611578	0.00162226888083
405.893770844	0.00162228817987
406.207930109	0.00162230361715
406.522089375	0.00162231854634
406.83624864	0.00162233387485
407.150407905	0.00162233964603
407.464567171	0.00162234962981
407.778726436	0.00162234511311
408.092885701	0.00162234412124
408.407044967	0.00162233110168
408.721204232	0.00162231719601
409.035363497	0.00162229909798
409.349522763	0.0016222769458
409.663682028	0.0016222595655
409.977841293	0.00162223573943
410.292000559	0.00162222091313
410.606159824	0.00162220159266
410.92031909	0.00162218897082
411.234478355	0.0016221787936
411.54863762	0.00162216996269
411.862796886	0.00162217041304
412.176956151	0.00162216867662
412.491115416	0.00162218043748
412.805274682	0.00162218783755
413.119433947	0.00162220252612
413.433593212	0.00162221547832
413.747752478	0.00162222666085
414.061911743	0.00162224248782
414.376071009	0.00162224959549
414.690230274	0.00162226402107
415.004389539	0.00162226783042
415.318548805	0.00162227579491
415.63270807	0.00162227810219
415.946867335	0.00162227960099
416.261026601	0.00162228024871
416.575185866	0.00162227278855
416.889345131	0.00162227164362
417.203504397	0.001622261407
417.517663662	0.0016222562035
417.831822927	0.0016222443257
418.145982193	0.00162223200387
418.460141458	0.00162222072701
418.774300724	0.00162220362749
419.088459989	0.00162219461568
419.402619254	0.00162217713162
419.71677852	0.00162216760367
420.030937785	0.0016221576275
420.34509705	0.00162215305041
420.659256316	0.00162215074849
420.973415581	0.00162214439361
421.287574846	0.00162214594067
421.601734112	0.00162213857619
421.915893377	0.00162214103558
422.230052642	0.00162213734154
422.544211908	0.00162214019801
422.858371173	0.00162214384617
423.172530439	0.00162214744577
423.486689704	0.00162216009707
423.800848969	0.00162216892509
424.115008235	0.00162218436655
424.4291675	0.00162219374092
424.743326765	0.0016222045583
425.057486031	0.00162221418797
425.371645296	0.00162221869333
425.685804561	0.00162222755529
425.999963827	0.00162222727276
426.314123092	0.00162223495523
426.628282358	0.00162223503523
426.942441623	0.00162223697422
427.256600888	0.0016222296112
427.570760154	0.00162221491373
427.884919419	0.00162219975108
428.199078684	0.00162217583119
428.51323795	0.00162215655661
428.827397215	0.0016221304951
429.14155648	0.00162210732798
429.455715746	0.00162208245416
429.769875011	0.00162205908174
430.084034276	0.00162204204271
430.398193542	0.00162202105426
430.712352807	0.00162200944265
431.026512073	0.00162199134665
431.340671338	0.00162198228158
431.654830603	0.00162197359044
431.968989869	0.00162196799313
432.283149134	0.00162197016491
432.597308399	0.00162196891102
432.911467665	0.0016219788313
433.22562693	0.00162198131478
433.539786195	0.00162198775097
433.853945461	0.00162198999054
434.168104726	0.00162199437504
434.482263991	0.00162200074351
434.796423257	0.00162200391998
435.110582522	0.00162200847655
435.424741788	0.00162200315819
435.738901053	0.00162199702584
436.053060318	0.00162198246438
436.367219584	0.00162196533642
436.681378849	0.00162194663098
436.995538114	0.00162192103383
437.30969738	0.00162189746822
437.623856645	0.00162186518486
437.93801591	0.00162183916311
438.252175176	0.00162181141134
438.566334441	0.00162178958103
438.880493707	0.0016217705917
439.194652972	0.00162175345867
439.508812237	0.00162174402875
439.822971503	0.00162173322475
440.137130768	0.00162173456751
440.451290033	0.00162173869083
440.765449299	0.00162174968548
441.079608564	0.00162175941889
441.393767829	0.00162176685117
441.707927095	0.00162177538093
442.02208636	0.00162177653061
442.336245625	0.00162178103475
442.650404891	0.00162178132692
442.964564156	0.00162178384082
443.278723422	0.00162178556375
443.592882687	0.00162178629953
443.907041952	0.00162179054903
444.221201218	0.00162179249179
444.535360483	0.00162180021845
444.849519748	0.00162180272443
445.163679014	0.00162180702393
445.477838279	0.00162180699343
445.791997544	0.00162180279724
446.10615681	0.00162179827015
446.420316075	0.00162178616984
446.73447534	0.00162177738177
447.048634606	0.00162176107962
447.362793871	0.00162174289064
447.676953137	0.00162171976254
447.991112402	0.00162169683505
448.305271667	0.00162167414525
448.619430933	0.00162164931068
448.933590198	0.00162162929199
449.247749463	0.00162160724477
449.561908729	0.00162158998701
449.876067994	0.00162157059224
450.190227259	0.00162155287261
450.504386525	0.00162153878469
450.81854579	0.00162152565271
451.132705056	0.00162151836742
451.446864321	0.00162150747909
451.761023586	0.00162150371937
452.075182852	0.00162149731823
452.389342117	0.00162149610314
452.703501382	0.00162149693442
453.017660648	0.00162149842304
453.331819913	0.00162150382489
453.645979178	0.00162150643373
453.960138444	0.0016215150434
454.274297709	0.00162152217756
454.588456974	0.00162152739881
454.90261624	0.0016215258921
455.216775505	0.00162151574573
455.530934771	0.00162150403308
455.845094036	0.00162147960608
456.159253301	0.00162145507546
456.473412567	0.00162142361361
456.787571832	0.00162139341154
457.101731097	0.00162136289717
457.415890363	0.00162133297947
457.730049628	0.00162130690262
458.044208893	0.0016212816714
458.358368159	0.0016212664323
458.672527424	0.0016212542273
458.986686689	0.00162124953912
459.300845955	0.00162125169924
459.61500522	0.00162125695088
459.929164486	0.00162126981027
460.243323751	0.00162127983559
460.557483016	0.00162129535472
460.871642282	0.00162130732151
461.185801547	0.00162131934222
461.499960812	0.00162133120839
461.814120078	0.00162134411921
462.128279343	0.00162136212853
462.442438608	0.00162137500625
462.756597874	0.00162139016577
463.070757139	0.00162139935855
463.384916405	0.00162140969169
463.69907567	0.00162141669817
464.013234935	0.00162141911467
464.327394201	0.00162142357836
464.641553466	0.00162142275987
464.955712731	0.00162142574631
465.269871997	0.00162142115051
465.584031262	0.00162141681327
465.898190527	0.00162140741523
466.212349793	0.00162139373976
466.526509058	0.00162138273515
466.840668323	0.00162136754853
467.154827589	0.00162135838806
467.468986854	0.00162134804688
467.78314612	0.00162134226156
468.097305385	0.00162133617831
468.41146465	0.00162132733787
468.725623916	0.00162131798572
469.039783181	0.00162130004581
469.353942446	0.00162128755009
469.668101712	0.00162126964844
469.982260977	0.00162125970019
470.296420242	0.00162124908702
470.610579508	0.0016212427493
470.924738773	0.00162124106638
471.238898039	0.00162123876249
471.553057304	0.00162124427228
471.867216569	0.00162124963055
472.181375835	0.00162126409236
472.4955351	0.00162128014028
472.809694365	0.00162129715874
473.123853631	0.00162131528096
473.438012896	0.00162132323409
473.752172161	0.00162133328801
474.066331427	0.00162132854822
474.380490692	0.0016213240361
474.694649957	0.00162130796249
475.008809223	0.00162128869779
475.322968488	0.00162127154274
475.637127754	0.00162124939452
475.951287019	0.00162123102875
476.265446284	0.00162120705655
476.57960555	0.00162118981387
476.893764815	0.00162116830845
477.20792408	0.00162115140339
477.522083346	0.00162113774812
477.836242611	0.00162112394819
478.150401876	0.00162112132536
478.464561142	0.0016211164644
478.778720407	0.00162112209113
479.092879672	0.00162112344134
479.407038938	0.0016211311184
479.721198203	0.0016211428038
480.035357469	0.00162115551719
480.349516734	0.00162117702542
480.663675999	0.00162119280456
480.977835265	0.0016212152778
481.29199453	0.00162122865794
481.606153795	0.00162124449377
481.920313061	0.00162125405857
482.234472326	0.00162125786228
482.548631591	0.00162126070735
482.862790857	0.00162125602588
483.176950122	0.00162125741805
483.491109388	0.0016212495488
483.805268653	0.00162124398477
484.119427918	0.00162123412441
484.433587184	0.00162122224665
484.747746449	0.0016212137911
485.061905714	0.00162119923554
485.37606498	0.00162119476565
485.690224245	0.00162118579394
486.00438351	0.00162118450059
486.318542776	0.00162117952699
486.632702041	0.00162117143319
486.946861306	0.00162116322145
487.261020572	0.00162114321057
487.575179837	0.00162112818099
487.889339103	0.00162110126589
488.203498368	0.00162108010684
488.517657633	0.00162105654024
488.831816899	0.00162103654787
489.145976164	0.00162102284317
489.460135429	0.00162100825342
489.774294695	0.00162100394905
490.08845396	0.00162099439727
490.402613225	0.00162099424844
490.716772491	0.00162099254448
491.030931756	0.00162099380467
491.345091021	0.00162100056566
491.659250287	0.00162100297345
491.973409552	0.00162101469925
492.287568818	0.00162101851045
492.601728083	0.00162102722647
492.915887348	0.00162103002508
493.230046614	0.00162103070247
493.544205879	0.00162102887842
493.858365144	0.00162102195943
494.17252441	0.00162101791827
494.486683675	0.0016210055498
494.80084294	0.00162099597961
495.115002206	0.00162097713113
495.429161471	0.00162095820771
495.743320737	0.00162093617201
496.057480002	0.00162091144226
496.371639267	0.00162089212673
496.685798533	0.00162086760716
496.999957798	0.00162085153673
497.314117063	0.00162083315379
497.628276329	0.00162082494108
497.942435594	0.00162082089407
498.256594859	0.00162082159162
498.570754125	0.00162083305482
498.88491339	0.00162084341224
499.199072655	0.00162086751252
499.513231921	0.00162088924616
499.827391186	0.00162091908313
500.141550452	0.00162094470033
500.455709717	0.00162097055928
500.769868982	0.00162099766966
501.084028248	0.00162101615332
501.398187513	0.00162103653145
501.712346778	0.00162104426461
502.026506044	0.0016210510285
502.340665309	0.00162104874112
502.654824574	0.0016210427688
502.96898384	0.00162103685791
503.283143105	0.0016210240756
503.59730237	0.00162101574879
503.911461636	0.00162099861165
504.225620901	0.00162098929269
504.539780167	0.00162097369263
504.853939432	0.00162096126615
505.168098697	0.00162095006574
505.482257963	0.00162093554596
505.796417228	0.00162092794062
506.110576493	0.00162091437931
506.424735759	0.00162090583256
506.738895024	0.00162089307521
507.053054289	0.00162088678886
507.367213555	0.00162088179582
507.68137282	0.0016208728081
507.995532086	0.00162086698769
508.309691351	0.00162085275433
508.623850616	0.00162084468987
508.938009882	0.00162083094958
509.252169147	0.00162082273924
509.566328412	0.00162081659657
509.880487678	0.00162081165615
510.194646943	0.0016208137159
510.508806208	0.00162081361609
510.822965474	0.00162082465313
511.137124739	0.00162083021601
511.451284004	0.00162084161335
511.76544327	0.00162084877825
512.079602535	0.00162085444438
512.393761801	0.00162086015501
512.707921066	0.00162085763029
513.022080331	0.00162085918948
513.336239597	0.00162085569747
513.650398862	0.00162085461707
513.964558127	0.00162084457118
514.278717393	0.00162082655186
514.592876658	0.00162080582915
514.907035923	0.00162077477818
515.221195189	0.0016207492491
515.535354454	0.00162071690906
515.849513719	0.00162069160967
516.163672985	0.00162066425426
516.47783225	0.00162064085044
516.791991516	0.00162062318924
517.106150781	0.00162060765953
517.420310046	0.0016206040791
517.734469312	0.00162059882385
518.048628577	0.00162060371303
518.362787842	0.00162060876851
518.676947108	0.00162061819381
518.991106373	0.00162063249706
519.305265638	0.00162064515311
519.619424904	0.00162066532562
519.933584169	0.00162068026974
520.247743435	0.00162069601136
520.5619027	0.00162070377794
520.876061965	0.00162071058597
521.190221231	0.00162071574589
521.504380496	0.00162071684133
521.818539761	0.00162071958189
522.132699027	0.00162071269767
522.446858292	0.00162070618473
522.761017557	0.00162069008615
523.075176823	0.00162067175923
523.389336088	0.00162065056757
523.703495353	0.00162062621496
524.017654619	0.00162060372035
524.331813884	0.00162057322725
524.64597315	0.00162054629851
524.960132415	0.001620513476
525.27429168	0.00162048410444
525.588450946	0.00162045594749
525.902610211	0.00162042779994
526.216769476	0.00162040606721
526.530928742	0.00162038210847
526.845088007	0.00162036697969
527.159247272	0.00162035567405
527.473406538	0.00162035041664
527.787565803	0.00162034712272
528.101725068	0.00162034385495
528.415884334	0.00162034509163
528.730043599	0.00162033842951
529.044202865	0.00162033749205
529.35836213	0.00162033006543
529.672521395	0.0016203280724
529.986680661	0.00162032600665
530.300839926	0.00162032651241
530.614999191	0.00162032964605
530.929158457	0.00162032795672
531.243317722	0.00162033063553
531.557476987	0.00162032927668
531.871636253	0.00162033087367
532.185795518	0.00162032990962
532.499954784	0.00162032657246
532.814114049	0.00162032196445
533.128273314	0.0016203109482
533.44243258	0.00162029852034
533.756591845	0.00162027979299
534.07075111	0.00162025849583
534.384910376	0.00162022984555
534.699069641	0.00162019962492
535.013228906	0.00162017181228
535.327388172	0.00162014141649
535.641547437	0.00162011665925
535.955706702	0.00162009422019
536.269865968	0.00162007981115
536.584025233	0.0016200682929
536.898184499	0.00162006096218
537.212343764	0.00162005781255
537.526503029	0.00162005837022
537.840662295	0.00162006685221
538.15482156	0.00162007514121
538.468980825	0.0016200881085
538.783140091	0.00162009781543
539.097299356	0.00162010614611
539.411458621	0.00162011362004
539.725617887	0.00162011555219
540.039777152	0.00162011924896
540.353936417	0.00162011906746
540.668095683	0.00162012043405
540.982254948	0.00162012222093
541.296414214	0.00162012014429
541.610573479	0.00162011454649
541.924732744	0.0016201016743
542.23889201	0.00162008859345
542.553051275	0.00162006665622
542.86721054	0.00162004308679
543.181369806	0.00162001231899
543.495529071	0.00161997882929
543.809688336	0.00161994591064
544.123847602	0.00161990961793
544.438006867	0.00161987775524
544.752166133	0.00161984053553
545.066325398	0.00161980633363
545.380484663	0.0016197742475
545.694643929	0.00161974644703
546.008803194	0.00161972696547
546.322962459	0.00161971147595
546.637121725	0.00161970318154
546.95128099	0.00161969659449
547.265440255	0.00161969350827
547.579599521	0.00161969093583
547.893758786	0.00161968964718
548.207918051	0.00161968864568
548.522077317	0.0016196879759
548.836236582	0.00161969484906
549.150395848	0.00161970141816
549.464555113	0.00161970927065
549.778714378	0.0016197172638
550.092873644	0.00161972700812
550.407032909	0.00161973943854
550.721192174	0.0016197483077
551.03535144	0.00161975776532
551.349510705	0.00161976282384
551.66366997	0.00161976976317
551.977829236	0.00161976993648
552.291988501	0.00161976587599
552.606147766	0.00161975338325
552.920307032	0.00161973226367
553.234466297	0.00161971185621
553.548625563	0.00161968428185
553.862784828	0.0016196609745
554.176944093	0.00161963678426
554.491103359	0.00161961576046
554.805262624	0.00161959981379
555.119421889	0.00161958360476
555.433581155	0.00161957436188
555.74774042	0.00161956051231
556.061899685	0.00161955671564
556.376058951	0.00161955221898
556.690218216	0.00161955692831
557.004377482	0.00161956512089
557.318536747	0.00161957413717
557.632696012	0.0016195919528
557.946855278	0.00161960398596
558.261014543	0.00161962432734
558.575173808	0.00161963949007
558.889333074	0.00161966231876
559.203492339	0.00161968449323
559.517651604	0.00161970495337
559.83181087	0.00161972566997
560.145970135	0.00161973669557
560.4601294	0.00161974903804
560.774288666	0.00161974978045
561.088447931	0.00161975014535
561.402607197	0.00161974323994
561.716766462	0.00161973145363
562.030925727	0.00161972139678
562.345084993	0.00161970636318
562.659244258	0.0016196983183
562.973403523	0.00161968223673
563.287562789	0.00161967325342
563.601722054	0.00161965885587
563.915881319	0.0016196448255
564.230040585	0.00161963374946
564.54419985	0.00161961724222
564.858359115	0.00161960982146
565.172518381	0.00161959595403
565.486677646	0.00161959124752
565.800836912	0.00161958128623
566.114996177	0.00161957521714
566.429155442	0.00161957479468
566.743314708	0.00161957472804
567.057473973	0.00161958358133
567.371633238	0.00161958689935
567.685792504	0.00161959828442
567.999951769	0.00161960539711
568.314111034	0.00161961580214
568.6282703	0.00161962847432
568.942429565	0.00161963855024
569.256588831	0.00161965461028
569.570748096	0.00161966200126
569.884907361	0.00161967767329
570.199066627	0.00161968425061
570.513225892	0.00161969227701
570.827385157	0.00161969455888
571.141544423	0.00161968961383
571.455703688	0.00161968541833
571.769862953	0.0016196691771
572.084022219	0.00161965523566
572.398181484	0.00161963176605
572.712340749	0.00161961272208
573.026500015	0.00161959252677
573.34065928	0.00161956761859
573.654818546	0.00161954315655
573.968977811	0.00161950908812
574.283137076	0.00161948329054
574.597296342	0.00161945288573
574.911455607	0.00161943181267
575.225614872	0.00161941265722
575.539774138	0.00161939704792
575.853933403	0.00161939092253
576.168092668	0.00161938667515
576.482251934	0.00161939562817
576.796411199	0.00161940297503
577.110570464	0.00161941791612
577.42472973	0.00161943119975
577.738888995	0.00161944439997
578.053048261	0.00161946031427
578.367207526	0.00161946894198
578.681366791	0.00161948236577
578.995526057	0.0016194883941
579.309685322	0.00161949516819
579.623844587	0.0016194935257
579.938003853	0.00161948499528
580.252163118	0.0016194788614
580.566322383	0.00161946631611
580.880481649	0.00161945947818
581.194640914	0.00161944568993
581.50880018	0.00161943380016
581.822959445	0.00161941624886
582.13711871	0.00161939421993
582.451277976	0.00161937208085
582.765437241	0.00161934348953
583.079596506	0.00161931920336
583.393755772	0.00161928606047
583.707915037	0.00161925649077
584.022074302	0.00161922002289
584.336233568	0.00161918423158
584.650392833	0.00161915148924
584.964552098	0.00161911638704
585.278711364	0.001619090077
585.592870629	0.00161906142158
585.907029895	0.00161904200443
586.22118916	0.00161902949628
586.535348425	0.00161902402135
586.849507691	0.00161902648047
587.163666956	0.00161902740044
587.477826221	0.00161903698263
587.791985487	0.00161903936607
588.106144752	0.00161904850642
588.420304017	0.00161904997957
588.734463283	0.00161905145187
589.048622548	0.00161905234897
589.362781813	0.00161904812842
589.676941079	0.00161904721704
589.991100344	0.00161903841406
590.30525961	0.00161903283088
590.619418875	0.00161902310476
590.93357814	0.00161901156483
591.247737406	0.00161899957415
591.561896671	0.0016189799032
591.876055936	0.00161896031924
592.190215202	0.00161892998545
592.504374467	0.0016188977717
592.818533732	0.0016188596799
593.132692998	0.0016188174416
593.446852263	0.00161877679121
593.761011529	0.00161873242784
594.075170794	0.00161870061093
594.389330059	0.00161866794282
594.703489325	0.00161864421772
595.01764859	0.0016186230125
595.331807855	0.00161860905523
595.645967121	0.00161860349458
595.960126386	0.00161860127632
596.274285651	0.00161860766745
596.588444917	0.00161861299421
596.902604182	0.00161862427937
597.216763447	0.00161863424637
597.530922713	0.00161864547201
597.845081978	0.00161865748159
598.159241244	0.00161866375146
598.473400509	0.00161867340865
598.787559774	0.00161867402816
599.10171904	0.00161867780867
599.415878305	0.00161867701507
599.73003757	0.00161867573306
600.044196836	0.00161867449291
600.358356101	0.00161866849296
600.672515366	0.00161866473313
600.986674632	0.00161865125196
601.300833897	0.00161864073683
601.614993162	0.00161862332164
601.929152428	0.00161861132511
602.243311693	0.00161859546067
602.557470959	0.00161857730971
602.871630224	0.0016185607335
603.185789489	0.0016185380826
603.499948755	0.00161852203539
603.81410802	0.0016185013923
604.128267285	0.00161848682239
604.442426551	0.00161847238687
604.756585816	0.00161845923873
605.070745081	0.00161845084705
605.384904347	0.00161843865048
605.699063612	0.00161843609399
606.013222878	0.00161842933548
606.327382143	0.00161843233596
606.641541408	0.00161843578073
606.955700674	0.00161844407728
607.269859939	0.00161845879805
607.584019204	0.00161847309472
607.89817847	0.00161849638924
608.212337735	0.00161851742227
608.526497	0.00161854587227
608.840656266	0.001618568333
609.154815531	0.00161858781067
609.468974796	0.0016186038756
609.783134062	0.00161861024936
610.097293327	0.00161861807072
610.411452593	0.00161861302161
610.725611858	0.00161861037485
611.039771123	0.00161859656646
611.353930389	0.0016185824668
611.668089654	0.00161856521559
611.982248919	0.00161854209492
612.296408185	0.00161852166689
612.61056745	0.00161849257356
612.924726715	0.00161846781886
613.238885981	0.00161843681376
613.553045246	0.00161841044109
613.867204511	0.00161838594094
614.181363777	0.00161836429129
614.495523042	0.0016183533674
614.809682308	0.00161834535819
615.123841573	0.00161835069593
615.438000838	0.00161835409853
615.752160104	0.00161836519702
616.066319369	0.00161837794868
616.380478634	0.00161839151393
616.6946379	0.00161841262154
617.008797165	0.00161842697784
617.32295643	0.00161844932946
617.637115696	0.00161846445435
617.951274961	0.00161848420469
618.265434227	0.00161849851619
618.579593492	0.00161850647101
618.893752757	0.00161851147944
619.207912023	0.00161850617989
619.522071288	0.00161850410369
619.836230553	0.00161849429727
620.150389819	0.00161848656361
620.464549084	0.00161847350351
620.778708349	0.00161845753949
621.092867615	0.00161844240094
621.40702688	0.00161842120211
621.721186145	0.0016184039665
622.035345411	0.00161837754625
622.349504676	0.00161835467938
622.663663942	0.00161832751484
622.977823207	0.00161830150809
623.291982472	0.00161827802185
623.606141738	0.0016182496922
623.920301003	0.00161822951298
624.234460268	0.00161820363481
624.548619534	0.00161818800546
624.862778799	0.00161816832492
625.176938064	0.00161815387945
625.49109733	0.00161814814534
625.805256595	0.00161814508069
626.11941586	0.00161815149155
626.433575126	0.00161815391435
626.747734391	0.00161816181612
627.061893657	0.00161816532782
627.376052922	0.0016181678166
627.690212187	0.00161817165444
628.004371453	0.00161816942095
628.318530718	0.0016181719808
