0.314159265359	0.00194725607772
0.628318530718	0.00194726547212
0.942477796077	0.00194729928497
1.25663706144	0.00194734109903
1.57079632679	0.00194740754725
1.88495559215	0.00194748184764
2.19911485751	0.00194757148752
2.51327412287	0.00194767308463
2.82743338823	0.00194778855273
3.14159265359	0.00194791899526
3.45575191895	0.00194806222922
3.76991118431	0.00194821780137
4.08407044967	0.00194838417951
4.39822971503	0.00194856149542
4.71238898039	0.00194874835173
5.02654824574	0.0019489440636
5.3407075111	0.0019491479708
5.65486677646	0.00194935965364
5.96902604182	0.00194957848331
6.28318530718	0.00194980353412
6.59734457254	0.00195003415722
6.9115038379	0.00195026940235
7.22566310326	0.0019505085957
7.53982236862	0.00195075051865
7.85398163398	0.00195099411653
8.16814089933	0.00195123805626
8.48230016469	0.00195148055399
8.79645943005	0.00195171877111
9.11061869541	0.00195195151068
9.42477796077	0.00195217012833
9.73893722613	0.00195237868418
0.314159265359	0.00194725607772
0.628318530718	0.00194726547212
0.942477796077	0.00194729928497
1.25663706144	0.00194734109903
1.57079632679	0.00194740754725
1.88495559215	0.00194748184764
2.19911485751	0.00194757148752
2.51327412287	0.00194767308463
2.82743338823	0.00194778855273
3.14159265359	0.00194791899526
3.45575191895	0.00194806222922
3.76991118431	0.00194821780137
4.08407044967	0.00194838417951
4.39822971503	0.00194856149542
4.71238898039	0.00194874835173
5.02654824574	0.0019489440636
5.3407075111	0.0019491479708
5.65486677646	0.00194935965364
5.96902604182	0.00194957848331
6.28318530718	0.00194980353412
6.59734457254	0.00195003415722
6.9115038379	0.00195026940235
7.22566310326	0.0019505085957
7.53982236862	0.00195075051865
7.85398163398	0.00195099411653
8.16814089933	0.00195123805626
8.48230016469	0.00195148055399
8.79645943005	0.00195171877111
9.11061869541	0.00195195151068
9.42477796077	0.00195217012833
9.73893722613	0.00195237868418
10.0530964915	0.00195256972476
10.3672557568	0.00195274578704
10.6814150222	0.00195291366659
10.9955742876	0.00195306926753
11.3097335529	0.00195322033153
11.6238928183	0.00195336883393
11.9380520836	0.00195351674306
12.252211349	0.00195366528559
12.5663706144	0.00195381282225
12.8805298797	0.00195395451331
13.1946891451	0.00195408666336
13.5088484104	0.00195420594865
13.8230076758	0.00195431098429
14.1371669412	0.0019544007814
14.4513262065	0.0019544751421
14.7654854719	0.00195453403355
15.0796447372	0.00195457829128
15.3938040026	0.00195460744212
15.707963268	0.00195462193319
16.0221225333	0.00195462169068
16.3362817987	0.00195460718865
16.650441064	0.00195457806618
16.9646003294	0.0019545364991
17.2787595947	0.00195448229899
17.5929188601	0.00195441632983
17.9070781255	0.00195434169789
18.2212373908	0.00195425880915
18.5353966562	0.00195416936811
18.8495559215	0.00195407566612
19.1637151869	0.00195397838585
19.4778744523	0.0019538795678
19.7920337176	0.00195378041695
20.106192983	0.00195368048136
20.4203522483	0.0019535838091
20.7345115137	0.00195348830841
21.0486707791	0.0019533976323
21.3628300444	0.00195331246408
21.6769893098	0.00195323054101
21.9911485751	0.00195315793094
22.3053078405	0.00195309240411
22.6194671058	0.0019530372863
22.9336263712	0.00195299431543
23.2477856366	0.00195296345506
23.5619449019	0.00195294616761
23.8761041673	0.00195294148257
24.1902634326	0.00195295076655
24.504422698	0.00195297365426
24.8185819634	0.00195300885476
25.1327412287	0.0019530569294
25.4469004941	0.00195311871048
25.7610597594	0.00195319094178
26.0752190248	0.00195327462856
26.3893782902	0.00195336564859
26.7035375555	0.00195346190514
27.0176968209	0.0019535627028
27.3318560862	0.00195366235547
27.6460153516	0.00195375994689
27.960174617	0.00195385444017
28.2743338823	0.00195394265088
28.5884931477	0.00195402309985
28.902652413	0.00195409772064
29.2168116784	0.00195416375669
29.5309709437	0.00195422183945
29.8451302091	0.00195427301052
30.1592894745	0.00195431416689
30.4734487398	0.0019543497447
30.7876080052	0.00195437769754
31.1017672705	0.00195439934722
31.4159265359	0.00195441569519
31.7300858013	0.00195442224462
32.0442450666	0.00195442100325
32.358404332	0.00195440595262
32.6725635973	0.0019543757629
32.9867228627	0.0019543239507
33.3008821281	0.00195425141052
33.6150413934	0.00195414836089
33.9292006588	0.00195401529872
34.2433599241	0.00195384695629
34.5575191895	0.00195364540349
34.8716784548	0.00195341020922
35.1858377202	0.00195314643934
35.4999969856	0.00195286070817
35.8141562509	0.0019525627502
36.1283155163	0.00195226048653
36.4424747816	0.00195196501172
36.756634047	0.00195168806901
37.0707933124	0.0019514390149
37.3849525777	0.00195122588742
37.6991118431	0.0019510595334
38.0132711084	0.00195094410977
38.3274303738	0.00195088512521
38.6415896392	0.00195088448072
38.9557489045	0.00195093951641
39.2699081699	0.00195105073818
39.5840674352	0.0019512095777
39.8982267006	0.0019514096183
40.212385966	0.00195164488447
40.5265452313	0.00195190353427
40.8407044967	0.00195217590059
41.154863762	0.00195245222117
41.4690230274	0.0019527226818
41.7831822927	0.00195298138704
42.0973415581	0.00195321578277
42.4115008235	0.00195342505297
42.7256600888	0.00195360026147
43.0398193542	0.00195374053241
43.3539786195	0.00195384263738
43.6681378849	0.00195390671277
43.9822971503	0.00195393708862
44.2964564156	0.00195393185578
44.610615681	0.00195389554535
44.9247749463	0.00195383420661
45.2389342117	0.00195375167617
45.5530934771	0.00195365476927
45.8672527424	0.00195354965159
46.1814120078	0.00195344107975
46.4955712731	0.00195333621624
46.8097305385	0.00195323976274
47.1238898039	0.00195315453255
47.4380490692	0.0019530863135
47.7522083346	0.00195303656525
48.0663675999	0.00195300406168
48.3805268653	0.00195298911724
48.6946861306	0.00195298895965
49.008845396	0.00195300198303
49.3230046614	0.00195302015218
49.6371639267	0.00195304467991
49.9513231921	0.00195306645838
50.2654824574	0.00195308349866
50.5796417228	0.00195309248895
50.8938009882	0.00195309022804
51.2079602535	0.00195307875181
51.5221195189	0.00195305345454
51.8362787842	0.00195301745253
52.1504380496	0.00195297140864
52.464597315	0.00195291823383
52.7787565803	0.00195286119385
53.0929158457	0.00195280314476
53.407075111	0.00195274926352
53.7212343764	0.00195270026335
54.0353936417	0.00195266280231
54.3495529071	0.00195263510552
54.6637121725	0.00195262124643
54.9778714378	0.0019526224754
55.2920307032	0.00195263524336
55.6061899685	0.00195266040823
55.9203492339	0.00195269399115
56.2345084993	0.00195273579719
56.5486677646	0.00195278036796
56.86282703	0.00195282925551
57.1769862953	0.00195287526153
57.4911455607	0.00195291901677
57.8053048261	0.00195295862762
58.1194640914	0.00195299228836
58.4336233568	0.00195302319344
58.7477826221	0.00195304964719
59.0619418875	0.00195307474772
59.3761011529	0.00195309910095
59.6902604182	0.00195312643805
60.0044196836	0.00195315806667
60.3185789489	0.00195319435659
60.6327382143	0.00195323981547
60.9468974796	0.00195328965143
61.261056745	0.00195334958643
61.5752160104	0.00195341215906
61.8893752757	0.00195348042972
62.2035345411	0.00195355219582
62.5176938064	0.00195362245294
62.8318530718	0.00195368985158
63.1460123372	0.00195375160441
63.4601716025	0.00195380679528
63.7743308679	0.00195385405853
64.0884901332	0.00195389270693
64.4026493986	0.00195392159541
64.716808664	0.00195393992106
65.0309679293	0.00195394877879
65.3451271947	0.00195394754619
65.65928646	0.00195393925833
65.9734457254	0.00195392301478
66.2876049907	0.0019539013616
66.6017642561	0.00195387359271
66.9159235215	0.00195384061494
67.2300827868	0.00195380467961
67.5442420522	0.00195376314723
67.8584013175	0.00195372145089
68.1725605829	0.00195367681173
68.4867198483	0.00195363328204
68.8008791136	0.00195358694112
69.115038379	0.00195354040025
69.4291976443	0.00195349665431
69.7433569097	0.00195345235037
70.0575161751	0.00195340636827
70.3716754404	0.00195336152036
70.6858347058	0.00195331924121
70.9999939711	0.0019532820641
71.3141532365	0.00195325134587
71.6283125019	0.00195323084273
71.9424717672	0.00195321813525
72.2566310326	0.00195321843038
72.5707902979	0.00195322996267
72.8849495633	0.00195325502328
73.1991088286	0.0019532875989
73.513268094	0.00195332926177
73.8274273594	0.00195337665286
74.1415866247	0.00195342580188
74.4557458901	0.00195347725255
74.7699051554	0.00195352408567
75.0840644208	0.00195356811052
75.3982236862	0.00195360649031
75.7123829515	0.00195363971805
76.0265422169	0.00195366639895
76.3407014822	0.00195368563042
76.6548607476	0.00195370471349
76.969020013	0.00195372440793
77.2831792783	0.00195374549361
77.5973385437	0.00195377069888
77.911497809	0.00195379865862
78.2256570744	0.00195383562328
78.5398163398	0.00195387469488
78.8539756051	0.00195392361966
79.1681348705	0.00195397197778
79.4822941358	0.00195402461112
79.7964534012	0.00195407421949
80.1106126665	0.00195412213916
80.4247719319	0.00195416307599
80.7389311973	0.001954195466
81.0530904626	0.00195421835986
81.367249728	0.00195423017078
81.6814089933	0.00195423330159
81.9955682587	0.0019542272452
82.3097275241	0.0019542129677
82.6238867894	0.0019541950451
82.9380460548	0.00195417465288
83.2522053201	0.00195415535776
83.5663645855	0.00195413393078
83.8805238509	0.00195411770115
84.1946831162	0.00195410631479
84.5088423816	0.00195410149064
84.8230016469	0.0019541042495
85.1371609123	0.00195411005408
85.4513201776	0.00195412098804
85.765479443	0.0019541302222
86.0796387084	0.00195413954169
86.3937979737	0.00195414305955
86.7079572391	0.00195414149151
87.0221165044	0.00195413047754
87.3362757698	0.00195410980417
87.6504350352	0.00195408164902
87.9645943005	0.00195404483298
88.2787535659	0.00195400418528
88.5929128312	0.00195395960745
88.9070720966	0.00195391677365
89.221231362	0.00195387784755
89.5353906273	0.00195384331748
89.8495498927	0.00195381828664
90.163709158	0.00195379939358
90.4778684234	0.00195378944121
90.7920276888	0.00195378782276
91.1061869541	0.00195379656454
91.4203462195	0.00195380813027
91.7345054848	0.00195382563901
92.0486647502	0.00195384697027
92.3628240155	0.00195387249982
92.6769832809	0.00195390095767
92.9911425463	0.00195393277661
93.3053018116	0.00195396750107
93.619461077	0.00195400551555
93.9336203423	0.00195404583692
94.2477796077	0.00195408903901
94.5619388731	0.00195413337175
94.8760981384	0.00195418182902
95.1902574038	0.00195423077159
95.5044166691	0.00195428322688
95.8185759345	0.0019543338638
96.1327351999	0.00195438724939
96.4468944652	0.00195443774632
96.7610537306	0.00195448466728
97.0752129959	0.00195452789038
97.3893722613	0.00195456675406
97.7035315266	0.00195459872541
98.017690792	0.00195462357521
98.3318500574	0.0019546442423
98.6460093227	0.00195466058308
98.9601685881	0.00195467486106
99.2743278534	0.0019546853498
99.5884871188	0.00195469271637
99.9026463842	0.00195469726877
100.21680565	0.00195469674449
100.530964915	0.00195469311198
100.84512418	0.0019546811185
101.159283446	0.00195466329788
101.473442711	0.00195463747536
101.787601976	0.00195460446635
102.101761242	0.00195456656407
102.415920507	0.00195452320716
102.730079772	0.0019544791994
103.044239038	0.00195443192693
103.358398303	0.00195438986161
103.672557568	0.00195435238657
103.986716834	0.00195432112408
104.300876099	0.00195429437575
104.615035365	0.0019542795334
104.92919463	0.00195427742009
105.243353895	0.00195428482699
105.557513161	0.00195430457519
105.871672426	0.00195433428357
106.185831691	0.0019543738649
106.499990957	0.00195442155423
106.814150222	0.00195447309389
107.128309487	0.00195452793105
107.442468753	0.0019545803461
107.756628018	0.00195463166961
108.070787283	0.00195467530065
108.384946549	0.00195471383565
108.699105814	0.00195474439704
109.01326508	0.00195476895943
109.327424345	0.00195478891705
109.64158361	0.00195480338452
109.955742876	0.00195481647665
110.269902141	0.00195482345427
110.584061406	0.00195482754981
110.898220672	0.00195483032334
111.212379937	0.00195483381271
111.526539202	0.00195483539051
111.840698468	0.00195483241485
112.154857733	0.00195482908801
112.469016999	0.00195482450979
112.783176264	0.00195482193236
113.097335529	0.00195481924825
113.411494795	0.00195481990795
113.72565406	0.00195482335972
114.039813325	0.00195482882481
114.353972591	0.00195483916587
114.668131856	0.00195484926167
114.982291121	0.00195486528958
115.296450387	0.00195488195232
115.610609652	0.00195490364535
115.924768917	0.00195492714038
116.238928183	0.00195495229349
116.553087448	0.00195497854333
116.867246714	0.00195500309273
117.181405979	0.0019550291382
117.495565244	0.00195505090203
117.80972451	0.00195506910048
118.123883775	0.00195507832112
118.43804304	0.00195507994232
118.752202306	0.00195507764799
119.066361571	0.0019550701237
119.380520836	0.00195506333621
119.694680102	0.00195505517284
120.008839367	0.00195504945887
120.322998632	0.00195504515627
120.637157898	0.00195504067711
120.951317163	0.00195503707048
121.265476429	0.00195502869951
121.579635694	0.00195502306989
121.893794959	0.00195501541606
122.207954225	0.00195500661784
122.52211349	0.00195499250222
122.836272755	0.00195497286058
123.150432021	0.00195494893222
123.464591286	0.0019549188578
123.778750551	0.00195488851116
124.092909817	0.0019548552839
124.407069082	0.00195482622919
124.721228348	0.0019548041304
125.035387613	0.00195479399388
125.349546878	0.00195480020041
125.663706144	0.00195482051925
125.977865409	0.00195485779969
126.292024674	0.00195490688896
126.60618394	0.0019549707925
126.920343205	0.00195504298929
127.23450247	0.00195512134683
127.548661736	0.00195520206644
127.862821001	0.00195527919209
128.176980266	0.00195534978377
128.491139532	0.00195540571626
128.805298797	0.00195544852563
129.119458063	0.00195547213478
129.433617328	0.00195547947068
129.747776593	0.00195547009009
130.061935859	0.00195544360529
130.376095124	0.00195540577955
130.690254389	0.00195535582581
131.004413655	0.00195530246545
131.31857292	0.00195524449892
131.632732185	0.00195518882692
131.946891451	0.00195513692666
132.261050716	0.00195508996097
132.575209981	0.00195505446756
132.889369247	0.00195502637729
133.203528512	0.00195501517791
133.517687778	0.00195501003634
133.831847043	0.00195501494673
134.146006308	0.00195502444211
134.460165574	0.00195503716814
134.774324839	0.00195505404567
135.088484104	0.00195507133363
135.40264337	0.00195509285167
135.716802635	0.00195511230686
136.0309619	0.00195513328537
136.345121166	0.00195515401421
136.659280431	0.00195517459236
136.973439697	0.00195519573814
137.287598962	0.00195521359894
137.601758227	0.00195523277208
137.915917493	0.00195524867903
138.230076758	0.00195526549899
138.544236023	0.00195528055577
138.858395289	0.00195529483549
139.172554554	0.00195530783219
139.486713819	0.00195531806905
139.800873085	0.00195532981242
140.11503235	0.00195533756012
140.429191615	0.00195534379819
140.743350881	0.00195534269985
141.057510146	0.00195533613136
141.371669412	0.00195532271302
141.685828677	0.00195530190542
141.999987942	0.0019552776156
142.314147208	0.00195524629961
142.628306473	0.00195521439192
142.942465738	0.00195517817279
143.256625004	0.00195514405231
143.570784269	0.00195511029685
143.884943534	0.00195508152752
144.1991028	0.00195506094724
144.513262065	0.0019550498506
144.82742133	0.00195505505836
145.141580596	0.00195507469283
145.455739861	0.00195511519544
145.769899127	0.00195517381256
146.084058392	0.00195525339517
146.398217657	0.00195535151202
146.712376923	0.00195546076161
147.026536188	0.00195558014852
147.340695453	0.00195569583178
147.654854719	0.00195580901381
147.969013984	0.00195590698486
148.283173249	0.00195599026769
148.597332515	0.00195605124261
148.91149178	0.00195608597242
149.225651046	0.00195609310686
149.539810311	0.00195607173314
149.853969576	0.00195602702086
150.168128842	0.00195595689985
150.482288107	0.00195586896059
150.796447372	0.00195576773378
151.110606638	0.00195565917712
151.424765903	0.00195555366212
151.738925168	0.00195545192049
152.053084434	0.00195536719803
152.367243699	0.00195529660371
152.681402964	0.00195525219824
152.99556223	0.00195522866983
153.309721495	0.00195522754755
153.623880761	0.00195524598371
153.938040026	0.00195527961887
154.252199291	0.001955330545
154.566358557	0.00195538849406
154.880517822	0.00195545514429
155.194677087	0.00195552174411
155.508836353	0.00195558948073
155.822995618	0.00195565756925
156.137154883	0.00195571969235
156.451314149	0.00195577657984
156.765473414	0.00195582026097
157.079632679	0.00195585698608
157.393791945	0.00195588273793
157.70795121	0.00195590173918
158.022110476	0.00195591400698
158.336269741	0.00195591807255
158.650429006	0.0019559197853
158.964588272	0.00195591405659
159.278747537	0.00195590934819
159.592906802	0.00195590055273
159.907066068	0.00195589343925
160.221225333	0.00195588354451
160.535384598	0.00195586848366
160.849543864	0.00195584900508
161.163703129	0.00195582093219
161.477862395	0.00195578994758
161.79202166	0.00195575203156
162.106180925	0.00195571134566
162.420340191	0.00195566723937
162.734499456	0.00195562068694
163.048658721	0.0019555775328
163.362817987	0.00195553682671
163.676977252	0.00195550696217
163.991136517	0.00195548516218
164.305295783	0.00195547812266
164.619455048	0.00195548405871
164.933614313	0.00195550518089
165.247773579	0.00195554389016
165.561932844	0.00195559795635
165.87609211	0.00195567152523
166.190251375	0.00195575762844
166.50441064	0.00195585833252
166.818569906	0.00195596570852
167.132729171	0.00195607577341
167.446888436	0.0019561825076
167.761047702	0.00195627735721
168.075206967	0.00195635964527
168.389366232	0.00195641914695
168.703525498	0.00195645604552
169.017684763	0.00195646344994
169.331844029	0.00195644328891
169.646003294	0.00195639615605
169.960162559	0.00195632194786
170.274321825	0.00195622595231
170.58848109	0.00195610827524
170.902640355	0.00195598055894
171.216799621	0.00195584287228
171.530958886	0.00195570740045
171.845118151	0.00195558193492
172.159277417	0.00195547186677
172.473436682	0.00195538553972
172.787595947	0.00195532173783
173.101755213	0.0019552877996
173.415914478	0.00195528125588
173.730073744	0.00195530362969
174.044233009	0.00195535211249
174.358392274	0.00195542369963
174.67255154	0.0019555156542
174.986710805	0.00195562021073
175.30087007	0.00195573440199
175.615029336	0.00195584919073
175.929188601	0.00195596204161
176.243347866	0.00195606577326
176.557507132	0.00195615559365
176.871666397	0.00195622957254
177.185825662	0.0019562828327
177.499984928	0.00195631657734
177.814144193	0.00195632873148
178.128303459	0.00195632335194
178.442462724	0.00195630191925
178.756621989	0.00195626800252
179.070781255	0.00195622422092
179.38494052	0.00195617207651
179.699099785	0.00195611808399
180.013259051	0.00195606206789
180.327418316	0.00195600801349
180.641577581	0.00195595484259
180.955736847	0.00195590425125
181.269896112	0.00195585762719
181.584055378	0.00195581324319
181.898214643	0.00195577644991
182.212373908	0.0019557443455
182.526533174	0.0019557226868
182.840692439	0.00195571036536
183.154851704	0.00195571086618
183.46901097	0.00195572399598
183.783170235	0.001955748217
184.0973295	0.00195578540058
184.411488766	0.00195583207114
184.725648031	0.00195589241485
185.039807296	0.0019559589342
185.353966562	0.00195603405049
185.668125827	0.00195611378499
185.982285093	0.00195619578786
186.296444358	0.00195627998493
186.610603623	0.00195635885173
186.924762889	0.00195643312296
187.238922154	0.00195649414551
187.553081419	0.00195654249658
187.867240685	0.00195657351514
188.18139995	0.00195658365151
188.495559215	0.00195657204776
188.809718481	0.00195653325934
189.123877746	0.00195647268391
189.438037011	0.00195638538959
189.752196277	0.00195628037034
190.066355542	0.00195615803504
190.380514808	0.00195602653495
190.694674073	0.00195589382248
191.008833338	0.00195576626993
191.322992604	0.00195565381485
191.637151869	0.00195555705356
191.951311134	0.001955485204
192.2654704	0.00195543957821
192.579629665	0.00195542618344
192.89378893	0.001955447387
193.207948196	0.00195550113822
193.522107461	0.00195559010631
193.836266727	0.00195570598305
194.150425992	0.00195584736597
194.464585257	0.00195600173969
194.778744523	0.00195616315285
195.092903788	0.00195632379066
195.407063053	0.00195647385725
195.721222319	0.00195661185738
196.035381584	0.00195672571286
196.349540849	0.00195681542017
196.663700115	0.00195687245302
196.97785938	0.00195689878931
197.292018645	0.00195689309001
197.606177911	0.00195685609444
197.920337176	0.00195679420258
198.234496442	0.00195670708231
198.548655707	0.00195660786965
198.862814972	0.0019564972428
199.176974238	0.0019563866342
199.491133503	0.0019562795262
199.805292768	0.00195617930473
200.119452034	0.00195609296786
200.433611299	0.00195601728735
200.747770564	0.00195596059268
201.06192983	0.00195591977387
201.376089095	0.00195589866555
201.69024836	0.00195589638613
202.004407626	0.00195591134021
202.318566891	0.00195594370352
202.632726157	0.00195598677893
202.946885422	0.0019560445893
203.261044687	0.00195610905823
203.575203953	0.00195618392164
203.889363218	0.00195626437044
204.203522483	0.00195634996374
204.517681749	0.00195644134169
204.831841014	0.0019565326978
205.146000279	0.00195662599714
205.460159545	0.00195671364346
205.77431881	0.00195679546768
206.088478076	0.00195686364502
206.402637341	0.00195691727981
206.716796606	0.0019569517274
207.030955872	0.0019569629554
207.345115137	0.00195695272814
207.659274402	0.00195691483855
207.973433668	0.00195685463255
208.287592933	0.00195676820028
208.601752198	0.00195666158798
208.915911464	0.00195653737259
209.230070729	0.00195639784151
209.544229994	0.00195625416877
209.85838926	0.00195610675942
210.172548525	0.00195596969001
210.486707791	0.00195584385813
210.800867056	0.00195574046779
211.115026321	0.00195566149761
211.429185587	0.00195561308774
211.743344852	0.00195559972951
212.057504117	0.00195562104132
212.371663383	0.00195568117772
212.685822648	0.00195577394583
212.999981913	0.00195590021106
213.314141179	0.00195605340423
213.628300444	0.00195622618838
213.942459709	0.00195641397645
214.256618975	0.0019566030393
214.57077824	0.00195679083208
214.884937506	0.00195696373764
215.199096771	0.00195711946372
215.513256036	0.0019572444434
215.827415302	0.00195733689817
216.141574567	0.00195739113197
216.455733832	0.00195740535011
216.769893098	0.00195738288397
217.084052363	0.00195732104118
217.398211628	0.00195722958944
217.712370894	0.00195710886341
218.026530159	0.00195696966606
218.340689425	0.00195681773873
218.65484869	0.00195666083254
218.969007955	0.00195650879693
219.283167221	0.00195636384428
219.597326486	0.00195623767438
219.911485751	0.0019561303987
220.225645017	0.00195604980383
220.539804282	0.00195599703455
220.853963547	0.00195597319494
221.168122813	0.00195598245961
221.482282078	0.00195601889894
221.796441343	0.00195608525564
222.110600609	0.00195617107505
222.424759874	0.00195627988392
222.73891914	0.00195640374024
223.053078405	0.00195654121344
223.36723767	0.00195668650783
223.681396936	0.00195683228134
223.995556201	0.00195697662535
224.309715466	0.00195710989776
224.623874732	0.00195723148735
224.938033997	0.00195733404702
225.252193262	0.00195741397644
225.566352528	0.00195746792766
225.880511793	0.00195748916239
226.194671058	0.00195748165927
226.508830324	0.00195743984626
226.822989589	0.00195737030417
227.137148855	0.00195727202072
227.45130812	0.00195714924131
227.765467385	0.00195700761414
228.079626651	0.00195684777038
228.393785916	0.0019566829762
228.707945181	0.00195651479718
229.022104447	0.00195635503987
229.336263712	0.00195620658442
229.650422977	0.00195607760961
229.964582243	0.00195597062561
230.278741508	0.00195589010663
230.592900774	0.0019558407749
230.907060039	0.00195582225452
231.221219304	0.00195583950743
231.53537857	0.00195588954935
231.849537835	0.00195597204759
232.1636971	0.00195608402141
232.477856366	0.00195621735423
232.792015631	0.00195637353397
233.106174896	0.00195653997499
233.420334162	0.00195671749983
233.734493427	0.00195689115577
234.048652692	0.00195705918952
234.362811958	0.00195721272576
234.676971223	0.00195734558864
234.991130489	0.00195745556905
235.305289754	0.0019575343903
235.619449019	0.00195758170831
235.933608285	0.00195759111705
236.24776755	0.00195756520791
236.561926815	0.00195750317834
236.876086081	0.00195740742848
237.190245346	0.00195728575386
237.504404611	0.00195714009496
237.818563877	0.00195698194566
238.132723142	0.0019568136882
238.446882407	0.00195664664349
238.761041673	0.00195648624996
239.075200938	0.00195634125302
239.389360204	0.00195621868034
239.703519469	0.00195612148845
240.017678734	0.00195605770114
240.331838	0.00195602491964
240.645997265	0.00195602905451
240.96015653	0.00195606672323
241.274315796	0.00195613796518
241.588475061	0.00195624070068
241.902634326	0.00195636763885
0.314159265359	0.00194725607772
0.628318530718	0.00194726547212
0.942477796077	0.00194729928497
1.25663706144	0.00194734109903
1.57079632679	0.00194740754725
1.88495559215	0.00194748184764
2.19911485751	0.00194757148752
2.51327412287	0.00194767308463
2.82743338823	0.00194778855273
3.14159265359	0.00194791899526
3.45575191895	0.00194806222922
3.76991118431	0.00194821780137
4.08407044967	0.00194838417951
4.39822971503	0.00194856149542
4.71238898039	0.00194874835173
5.02654824574	0.0019489440636
5.3407075111	0.0019491479708
5.65486677646	0.00194935965364
5.96902604182	0.00194957848331
6.28318530718	0.00194980353412
6.59734457254	0.00195003415722
6.9115038379	0.00195026940235
7.22566310326	0.0019505085957
7.53982236862	0.00195075051865
7.85398163398	0.00195099411653
8.16814089933	0.00195123805626
8.48230016469	0.00195148055399
8.79645943005	0.00195171877111
9.11061869541	0.00195195151068
9.42477796077	0.00195217012833
9.73893722613	0.00195237868418
10.0530964915	0.00195256972476
10.3672557568	0.00195274578704
10.6814150222	0.00195291366659
10.9955742876	0.00195306926753
11.3097335529	0.00195322033153
11.6238928183	0.00195336883393
11.9380520836	0.00195351674306
12.252211349	0.00195366528559
12.5663706144	0.00195381282225
12.8805298797	0.00195395451331
13.1946891451	0.00195408666336
13.5088484104	0.00195420594865
13.8230076758	0.00195431098429
14.1371669412	0.0019544007814
14.4513262065	0.0019544751421
14.7654854719	0.00195453403355
15.0796447372	0.00195457829128
15.3938040026	0.00195460744212
15.707963268	0.00195462193319
16.0221225333	0.00195462169068
16.3362817987	0.00195460718865
16.650441064	0.00195457806618
16.9646003294	0.0019545364991
17.2787595947	0.00195448229899
17.5929188601	0.00195441632983
17.9070781255	0.00195434169789
18.2212373908	0.00195425880915
18.5353966562	0.00195416936811
18.8495559215	0.00195407566612
19.1637151869	0.00195397838585
19.4778744523	0.0019538795678
19.7920337176	0.00195378041695
20.106192983	0.00195368048136
20.4203522483	0.0019535838091
20.7345115137	0.00195348830841
21.0486707791	0.0019533976323
21.3628300444	0.00195331246408
21.6769893098	0.00195323054101
21.9911485751	0.00195315793094
22.3053078405	0.00195309240411
22.6194671058	0.0019530372863
22.9336263712	0.00195299431543
23.2477856366	0.00195296345506
23.5619449019	0.00195294616761
23.8761041673	0.00195294148257
24.1902634326	0.00195295076655
24.504422698	0.00195297365426
24.8185819634	0.00195300885476
25.1327412287	0.0019530569294
25.4469004941	0.00195311871048
25.7610597594	0.00195319094178
26.0752190248	0.00195327462856
26.3893782902	0.00195336564859
26.7035375555	0.00195346190514
27.0176968209	0.0019535627028
27.3318560862	0.00195366235547
27.6460153516	0.00195375994689
27.960174617	0.00195385444017
28.2743338823	0.00195394265088
28.5884931477	0.00195402309985
28.902652413	0.00195409772064
29.2168116784	0.00195416375669
29.5309709437	0.00195422183945
29.8451302091	0.00195427301052
30.1592894745	0.00195431416689
30.4734487398	0.0019543497447
30.7876080052	0.00195437769754
31.1017672705	0.00195439934722
31.4159265359	0.00195441569519
31.7300858013	0.00195442224462
32.0442450666	0.00195442100325
32.358404332	0.00195440595262
32.6725635973	0.0019543757629
32.9867228627	0.0019543239507
33.3008821281	0.00195425141052
33.6150413934	0.00195414836089
33.9292006588	0.00195401529872
34.2433599241	0.00195384695629
34.5575191895	0.00195364540349
34.8716784548	0.00195341020922
35.1858377202	0.00195314643934
35.4999969856	0.00195286070817
35.8141562509	0.0019525627502
36.1283155163	0.00195226048653
36.4424747816	0.00195196501172
36.756634047	0.00195168806901
37.0707933124	0.0019514390149
37.3849525777	0.00195122588742
37.6991118431	0.0019510595334
38.0132711084	0.00195094410977
38.3274303738	0.00195088512521
38.6415896392	0.00195088448072
38.9557489045	0.00195093951641
39.2699081699	0.00195105073818
39.5840674352	0.0019512095777
39.8982267006	0.0019514096183
40.212385966	0.00195164488447
40.5265452313	0.00195190353427
40.8407044967	0.00195217590059
41.154863762	0.00195245222117
41.4690230274	0.0019527226818
41.7831822927	0.00195298138704
42.0973415581	0.00195321578277
42.4115008235	0.00195342505297
42.7256600888	0.00195360026147
43.0398193542	0.00195374053241
43.3539786195	0.00195384263738
43.6681378849	0.00195390671277
43.9822971503	0.00195393708862
44.2964564156	0.00195393185578
44.610615681	0.00195389554535
44.9247749463	0.00195383420661
45.2389342117	0.00195375167617
45.5530934771	0.00195365476927
45.8672527424	0.00195354965159
46.1814120078	0.00195344107975
46.4955712731	0.00195333621624
46.8097305385	0.00195323976274
47.1238898039	0.00195315453255
47.4380490692	0.0019530863135
47.7522083346	0.00195303656525
48.0663675999	0.00195300406168
48.3805268653	0.00195298911724
48.6946861306	0.00195298895965
49.008845396	0.00195300198303
49.3230046614	0.00195302015218
49.6371639267	0.00195304467991
49.9513231921	0.00195306645838
50.2654824574	0.00195308349866
50.5796417228	0.00195309248895
50.8938009882	0.00195309022804
51.2079602535	0.00195307875181
51.5221195189	0.00195305345454
51.8362787842	0.00195301745253
52.1504380496	0.00195297140864
52.464597315	0.00195291823383
52.7787565803	0.00195286119385
53.0929158457	0.00195280314476
53.407075111	0.00195274926352
53.7212343764	0.00195270026335
54.0353936417	0.00195266280231
54.3495529071	0.00195263510552
54.6637121725	0.00195262124643
54.9778714378	0.0019526224754
55.2920307032	0.00195263524336
55.6061899685	0.00195266040823
55.9203492339	0.00195269399115
56.2345084993	0.00195273579719
56.5486677646	0.00195278036796
56.86282703	0.00195282925551
57.1769862953	0.00195287526153
57.4911455607	0.00195291901677
57.8053048261	0.00195295862762
58.1194640914	0.00195299228836
58.4336233568	0.00195302319344
58.7477826221	0.00195304964719
59.0619418875	0.00195307474772
59.3761011529	0.00195309910095
59.6902604182	0.00195312643805
60.0044196836	0.00195315806667
60.3185789489	0.00195319435659
60.6327382143	0.00195323981547
60.9468974796	0.00195328965143
61.261056745	0.00195334958643
61.5752160104	0.00195341215906
61.8893752757	0.00195348042972
62.2035345411	0.00195355219582
62.5176938064	0.00195362245294
62.8318530718	0.00195368985158
63.1460123372	0.00195375160441
63.4601716025	0.00195380679528
63.7743308679	0.00195385405853
64.0884901332	0.00195389270693
64.4026493986	0.00195392159541
64.716808664	0.00195393992106
65.0309679293	0.00195394877879
65.3451271947	0.00195394754619
65.65928646	0.00195393925833
65.9734457254	0.00195392301478
66.2876049907	0.0019539013616
66.6017642561	0.00195387359271
66.9159235215	0.00195384061494
67.2300827868	0.00195380467961
67.5442420522	0.00195376314723
67.8584013175	0.00195372145089
68.1725605829	0.00195367681173
68.4867198483	0.00195363328204
68.8008791136	0.00195358694112
69.115038379	0.00195354040025
69.4291976443	0.00195349665431
69.7433569097	0.00195345235037
70.0575161751	0.00195340636827
70.3716754404	0.00195336152036
70.6858347058	0.00195331924121
70.9999939711	0.0019532820641
71.3141532365	0.00195325134587
71.6283125019	0.00195323084273
71.9424717672	0.00195321813525
72.2566310326	0.00195321843038
72.5707902979	0.00195322996267
72.8849495633	0.00195325502328
73.1991088286	0.0019532875989
73.513268094	0.00195332926177
73.8274273594	0.00195337665286
74.1415866247	0.00195342580188
74.4557458901	0.00195347725255
74.7699051554	0.00195352408567
75.0840644208	0.00195356811052
75.3982236862	0.00195360649031
75.7123829515	0.00195363971805
76.0265422169	0.00195366639895
76.3407014822	0.00195368563042
76.6548607476	0.00195370471349
76.969020013	0.00195372440793
77.2831792783	0.00195374549361
77.5973385437	0.00195377069888
77.911497809	0.00195379865862
78.2256570744	0.00195383562328
78.5398163398	0.00195387469488
78.8539756051	0.00195392361966
79.1681348705	0.00195397197778
79.4822941358	0.00195402461112
79.7964534012	0.00195407421949
80.1106126665	0.00195412213916
80.4247719319	0.00195416307599
80.7389311973	0.001954195466
81.0530904626	0.00195421835986
81.367249728	0.00195423017078
81.6814089933	0.00195423330159
81.9955682587	0.0019542272452
82.3097275241	0.0019542129677
82.6238867894	0.0019541950451
82.9380460548	0.00195417465288
83.2522053201	0.00195415535776
83.5663645855	0.00195413393078
83.8805238509	0.00195411770115
84.1946831162	0.00195410631479
84.5088423816	0.00195410149064
84.8230016469	0.0019541042495
85.1371609123	0.00195411005408
85.4513201776	0.00195412098804
85.765479443	0.0019541302222
86.0796387084	0.00195413954169
86.3937979737	0.00195414305955
86.7079572391	0.00195414149151
87.0221165044	0.00195413047754
87.3362757698	0.00195410980417
87.6504350352	0.00195408164902
87.9645943005	0.00195404483298
88.2787535659	0.00195400418528
88.5929128312	0.00195395960745
88.9070720966	0.00195391677365
89.221231362	0.00195387784755
89.5353906273	0.00195384331748
89.8495498927	0.00195381828664
90.163709158	0.00195379939358
90.4778684234	0.00195378944121
90.7920276888	0.00195378782276
91.1061869541	0.00195379656454
91.4203462195	0.00195380813027
91.7345054848	0.00195382563901
92.0486647502	0.00195384697027
92.3628240155	0.00195387249982
92.6769832809	0.00195390095767
92.9911425463	0.00195393277661
93.3053018116	0.00195396750107
93.619461077	0.00195400551555
93.9336203423	0.00195404583692
94.2477796077	0.00195408903901
94.5619388731	0.00195413337175
94.8760981384	0.00195418182902
95.1902574038	0.00195423077159
95.5044166691	0.00195428322688
95.8185759345	0.0019543338638
96.1327351999	0.00195438724939
96.4468944652	0.00195443774632
96.7610537306	0.00195448466728
97.0752129959	0.00195452789038
97.3893722613	0.00195456675406
97.7035315266	0.00195459872541
98.017690792	0.00195462357521
98.3318500574	0.0019546442423
98.6460093227	0.00195466058308
98.9601685881	0.00195467486106
99.2743278534	0.0019546853498
99.5884871188	0.00195469271637
99.9026463842	0.00195469726877
100.21680565	0.00195469674449
100.530964915	0.00195469311198
100.84512418	0.0019546811185
101.159283446	0.00195466329788
101.473442711	0.00195463747536
101.787601976	0.00195460446635
102.101761242	0.00195456656407
102.415920507	0.00195452320716
102.730079772	0.0019544791994
103.044239038	0.00195443192693
103.358398303	0.00195438986161
103.672557568	0.00195435238657
103.986716834	0.00195432112408
104.300876099	0.00195429437575
104.615035365	0.0019542795334
104.92919463	0.00195427742009
105.243353895	0.00195428482699
105.557513161	0.00195430457519
105.871672426	0.00195433428357
106.185831691	0.0019543738649
106.499990957	0.00195442155423
106.814150222	0.00195447309389
107.128309487	0.00195452793105
107.442468753	0.0019545803461
107.756628018	0.00195463166961
108.070787283	0.00195467530065
108.384946549	0.00195471383565
108.699105814	0.00195474439704
109.01326508	0.00195476895943
109.327424345	0.00195478891705
109.64158361	0.00195480338452
109.955742876	0.00195481647665
110.269902141	0.00195482345427
110.584061406	0.00195482754981
110.898220672	0.00195483032334
111.212379937	0.00195483381271
111.526539202	0.00195483539051
111.840698468	0.00195483241485
112.154857733	0.00195482908801
112.469016999	0.00195482450979
112.783176264	0.00195482193236
113.097335529	0.00195481924825
113.411494795	0.00195481990795
113.72565406	0.00195482335972
114.039813325	0.00195482882481
114.353972591	0.00195483916587
114.668131856	0.00195484926167
114.982291121	0.00195486528958
115.296450387	0.00195488195232
115.610609652	0.00195490364535
115.924768917	0.00195492714038
116.238928183	0.00195495229349
116.553087448	0.00195497854333
116.867246714	0.00195500309273
117.181405979	0.0019550291382
117.495565244	0.00195505090203
117.80972451	0.00195506910048
118.123883775	0.00195507832112
118.43804304	0.00195507994232
118.752202306	0.00195507764799
119.066361571	0.0019550701237
119.380520836	0.00195506333621
119.694680102	0.00195505517284
120.008839367	0.00195504945887
120.322998632	0.00195504515627
120.637157898	0.00195504067711
120.951317163	0.00195503707048
121.265476429	0.00195502869951
121.579635694	0.00195502306989
121.893794959	0.00195501541606
122.207954225	0.00195500661784
122.52211349	0.00195499250222
122.836272755	0.00195497286058
123.150432021	0.00195494893222
123.464591286	0.0019549188578
123.778750551	0.00195488851116
124.092909817	0.0019548552839
124.407069082	0.00195482622919
124.721228348	0.0019548041304
125.035387613	0.00195479399388
125.349546878	0.00195480020041
125.663706144	0.00195482051925
125.977865409	0.00195485779969
126.292024674	0.00195490688896
126.60618394	0.0019549707925
126.920343205	0.00195504298929
127.23450247	0.00195512134683
127.548661736	0.00195520206644
127.862821001	0.00195527919209
128.176980266	0.00195534978377
128.491139532	0.00195540571626
128.805298797	0.00195544852563
129.119458063	0.00195547213478
129.433617328	0.00195547947068
129.747776593	0.00195547009009
130.061935859	0.00195544360529
130.376095124	0.00195540577955
130.690254389	0.00195535582581
131.004413655	0.00195530246545
131.31857292	0.00195524449892
131.632732185	0.00195518882692
131.946891451	0.00195513692666
132.261050716	0.00195508996097
132.575209981	0.00195505446756
132.889369247	0.00195502637729
133.203528512	0.00195501517791
133.517687778	0.00195501003634
133.831847043	0.00195501494673
134.146006308	0.00195502444211
134.460165574	0.00195503716814
134.774324839	0.00195505404567
135.088484104	0.00195507133363
135.40264337	0.00195509285167
135.716802635	0.00195511230686
136.0309619	0.00195513328537
136.345121166	0.00195515401421
136.659280431	0.00195517459236
136.973439697	0.00195519573814
137.287598962	0.00195521359894
137.601758227	0.00195523277208
137.915917493	0.00195524867903
138.230076758	0.00195526549899
138.544236023	0.00195528055577
138.858395289	0.00195529483549
139.172554554	0.00195530783219
139.486713819	0.00195531806905
139.800873085	0.00195532981242
140.11503235	0.00195533756012
140.429191615	0.00195534379819
140.743350881	0.00195534269985
141.057510146	0.00195533613136
141.371669412	0.00195532271302
141.685828677	0.00195530190542
141.999987942	0.0019552776156
142.314147208	0.00195524629961
142.628306473	0.00195521439192
142.942465738	0.00195517817279
143.256625004	0.00195514405231
143.570784269	0.00195511029685
143.884943534	0.00195508152752
144.1991028	0.00195506094724
144.513262065	0.0019550498506
144.82742133	0.00195505505836
145.141580596	0.00195507469283
145.455739861	0.00195511519544
145.769899127	0.00195517381256
146.084058392	0.00195525339517
146.398217657	0.00195535151202
146.712376923	0.00195546076161
147.026536188	0.00195558014852
147.340695453	0.00195569583178
147.654854719	0.00195580901381
147.969013984	0.00195590698486
148.283173249	0.00195599026769
148.597332515	0.00195605124261
148.91149178	0.00195608597242
149.225651046	0.00195609310686
149.539810311	0.00195607173314
149.853969576	0.00195602702086
150.168128842	0.00195595689985
150.482288107	0.00195586896059
150.796447372	0.00195576773378
151.110606638	0.00195565917712
151.424765903	0.00195555366212
151.738925168	0.00195545192049
152.053084434	0.00195536719803
152.367243699	0.00195529660371
152.681402964	0.00195525219824
152.99556223	0.00195522866983
153.309721495	0.00195522754755
153.623880761	0.00195524598371
153.938040026	0.00195527961887
154.252199291	0.001955330545
154.566358557	0.00195538849406
154.880517822	0.00195545514429
155.194677087	0.00195552174411
155.508836353	0.00195558948073
155.822995618	0.00195565756925
156.137154883	0.00195571969235
156.451314149	0.00195577657984
156.765473414	0.00195582026097
157.079632679	0.00195585698608
157.393791945	0.00195588273793
157.70795121	0.00195590173918
158.022110476	0.00195591400698
158.336269741	0.00195591807255
158.650429006	0.0019559197853
158.964588272	0.00195591405659
159.278747537	0.00195590934819
159.592906802	0.00195590055273
159.907066068	0.00195589343925
160.221225333	0.00195588354451
160.535384598	0.00195586848366
160.849543864	0.00195584900508
161.163703129	0.00195582093219
161.477862395	0.00195578994758
161.79202166	0.00195575203156
162.106180925	0.00195571134566
162.420340191	0.00195566723937
162.734499456	0.00195562068694
163.048658721	0.0019555775328
163.362817987	0.00195553682671
163.676977252	0.00195550696217
163.991136517	0.00195548516218
164.305295783	0.00195547812266
164.619455048	0.00195548405871
164.933614313	0.00195550518089
165.247773579	0.00195554389016
165.561932844	0.00195559795635
165.87609211	0.00195567152523
166.190251375	0.00195575762844
166.50441064	0.00195585833252
166.818569906	0.00195596570852
167.132729171	0.00195607577341
167.446888436	0.0019561825076
167.761047702	0.00195627735721
168.075206967	0.00195635964527
168.389366232	0.00195641914695
168.703525498	0.00195645604552
169.017684763	0.00195646344994
169.331844029	0.00195644328891
169.646003294	0.00195639615605
169.960162559	0.00195632194786
170.274321825	0.00195622595231
170.58848109	0.00195610827524
170.902640355	0.00195598055894
171.216799621	0.00195584287228
171.530958886	0.00195570740045
171.845118151	0.00195558193492
172.159277417	0.00195547186677
172.473436682	0.00195538553972
172.787595947	0.00195532173783
173.101755213	0.0019552877996
173.415914478	0.00195528125588
173.730073744	0.00195530362969
174.044233009	0.00195535211249
174.358392274	0.00195542369963
174.67255154	0.0019555156542
174.986710805	0.00195562021073
175.30087007	0.00195573440199
175.615029336	0.00195584919073
175.929188601	0.00195596204161
176.243347866	0.00195606577326
176.557507132	0.00195615559365
176.871666397	0.00195622957254
177.185825662	0.0019562828327
177.499984928	0.00195631657734
177.814144193	0.00195632873148
178.128303459	0.00195632335194
178.442462724	0.00195630191925
178.756621989	0.00195626800252
179.070781255	0.00195622422092
179.38494052	0.00195617207651
179.699099785	0.00195611808399
180.013259051	0.00195606206789
180.327418316	0.00195600801349
180.641577581	0.00195595484259
180.955736847	0.00195590425125
181.269896112	0.00195585762719
181.584055378	0.00195581324319
181.898214643	0.00195577644991
182.212373908	0.0019557443455
182.526533174	0.0019557226868
182.840692439	0.00195571036536
183.154851704	0.00195571086618
183.46901097	0.00195572399598
183.783170235	0.001955748217
184.0973295	0.00195578540058
184.411488766	0.00195583207114
184.725648031	0.00195589241485
185.039807296	0.0019559589342
185.353966562	0.00195603405049
185.668125827	0.00195611378499
185.982285093	0.00195619578786
186.296444358	0.00195627998493
186.610603623	0.00195635885173
186.924762889	0.00195643312296
187.238922154	0.00195649414551
187.553081419	0.00195654249658
187.867240685	0.00195657351514
188.18139995	0.00195658365151
188.495559215	0.00195657204776
188.809718481	0.00195653325934
189.123877746	0.00195647268391
189.438037011	0.00195638538959
189.752196277	0.00195628037034
190.066355542	0.00195615803504
190.380514808	0.00195602653495
190.694674073	0.00195589382248
191.008833338	0.00195576626993
191.322992604	0.00195565381485
191.637151869	0.00195555705356
191.951311134	0.001955485204
192.2654704	0.00195543957821
192.579629665	0.00195542618344
192.89378893	0.001955447387
193.207948196	0.00195550113822
193.522107461	0.00195559010631
193.836266727	0.00195570598305
194.150425992	0.00195584736597
194.464585257	0.00195600173969
194.778744523	0.00195616315285
195.092903788	0.00195632379066
195.407063053	0.00195647385725
195.721222319	0.00195661185738
196.035381584	0.00195672571286
196.349540849	0.00195681542017
196.663700115	0.00195687245302
196.97785938	0.00195689878931
197.292018645	0.00195689309001
197.606177911	0.00195685609444
197.920337176	0.00195679420258
198.234496442	0.00195670708231
198.548655707	0.00195660786965
198.862814972	0.0019564972428
199.176974238	0.0019563866342
199.491133503	0.0019562795262
199.805292768	0.00195617930473
200.119452034	0.00195609296786
200.433611299	0.00195601728735
200.747770564	0.00195596059268
201.06192983	0.00195591977387
201.376089095	0.00195589866555
201.69024836	0.00195589638613
202.004407626	0.00195591134021
202.318566891	0.00195594370352
202.632726157	0.00195598677893
202.946885422	0.0019560445893
203.261044687	0.00195610905823
203.575203953	0.00195618392164
203.889363218	0.00195626437044
204.203522483	0.00195634996374
204.517681749	0.00195644134169
204.831841014	0.0019565326978
205.146000279	0.00195662599714
205.460159545	0.00195671364346
205.77431881	0.00195679546768
206.088478076	0.00195686364502
206.402637341	0.00195691727981
206.716796606	0.0019569517274
207.030955872	0.0019569629554
207.345115137	0.00195695272814
207.659274402	0.00195691483855
207.973433668	0.00195685463255
208.287592933	0.00195676820028
208.601752198	0.00195666158798
208.915911464	0.00195653737259
209.230070729	0.00195639784151
209.544229994	0.00195625416877
209.85838926	0.00195610675942
210.172548525	0.00195596969001
210.486707791	0.00195584385813
210.800867056	0.00195574046779
211.115026321	0.00195566149761
211.429185587	0.00195561308774
211.743344852	0.00195559972951
212.057504117	0.00195562104132
212.371663383	0.00195568117772
212.685822648	0.00195577394583
212.999981913	0.00195590021106
213.314141179	0.00195605340423
213.628300444	0.00195622618838
213.942459709	0.00195641397645
214.256618975	0.0019566030393
214.57077824	0.00195679083208
214.884937506	0.00195696373764
215.199096771	0.00195711946372
215.513256036	0.0019572444434
215.827415302	0.00195733689817
216.141574567	0.00195739113197
216.455733832	0.00195740535011
216.769893098	0.00195738288397
217.084052363	0.00195732104118
217.398211628	0.00195722958944
217.712370894	0.00195710886341
218.026530159	0.00195696966606
218.340689425	0.00195681773873
218.65484869	0.00195666083254
218.969007955	0.00195650879693
219.283167221	0.00195636384428
219.597326486	0.00195623767438
219.911485751	0.0019561303987
220.225645017	0.00195604980383
220.539804282	0.00195599703455
220.853963547	0.00195597319494
221.168122813	0.00195598245961
221.482282078	0.00195601889894
221.796441343	0.00195608525564
222.110600609	0.00195617107505
222.424759874	0.00195627988392
222.73891914	0.00195640374024
223.053078405	0.00195654121344
223.36723767	0.00195668650783
223.681396936	0.00195683228134
223.995556201	0.00195697662535
224.309715466	0.00195710989776
224.623874732	0.00195723148735
224.938033997	0.00195733404702
225.252193262	0.00195741397644
225.566352528	0.00195746792766
225.880511793	0.00195748916239
226.194671058	0.00195748165927
226.508830324	0.00195743984626
226.822989589	0.00195737030417
227.137148855	0.00195727202072
227.45130812	0.00195714924131
227.765467385	0.00195700761414
228.079626651	0.00195684777038
228.393785916	0.0019566829762
228.707945181	0.00195651479718
229.022104447	0.00195635503987
229.336263712	0.00195620658442
229.650422977	0.00195607760961
229.964582243	0.00195597062561
230.278741508	0.00195589010663
230.592900774	0.0019558407749
230.907060039	0.00195582225452
231.221219304	0.00195583950743
231.53537857	0.00195588954935
231.849537835	0.00195597204759
232.1636971	0.00195608402141
232.477856366	0.00195621735423
232.792015631	0.00195637353397
233.106174896	0.00195653997499
233.420334162	0.00195671749983
233.734493427	0.00195689115577
234.048652692	0.00195705918952
234.362811958	0.00195721272576
234.676971223	0.00195734558864
234.991130489	0.00195745556905
235.305289754	0.0019575343903
235.619449019	0.00195758170831
235.933608285	0.00195759111705
236.24776755	0.00195756520791
236.561926815	0.00195750317834
236.876086081	0.00195740742848
237.190245346	0.00195728575386
237.504404611	0.00195714009496
237.818563877	0.00195698194566
238.132723142	0.0019568136882
238.446882407	0.00195664664349
238.761041673	0.00195648624996
239.075200938	0.00195634125302
239.389360204	0.00195621868034
239.703519469	0.00195612148845
240.017678734	0.00195605770114
240.331838	0.00195602491964
240.645997265	0.00195602905451
240.96015653	0.00195606672323
241.274315796	0.00195613796518
241.588475061	0.00195624070068
241.902634326	0.00195636763885
242.216793592	0.00195651753258
242.530952857	0.00195668101881
242.845112123	0.00195685369663
243.159271388	0.00195702517246
243.473430653	0.00195718909697
243.787589919	0.00195733860115
244.101749184	0.00195746441325
244.415908449	0.00195756233703
244.730067715	0.00195762353851
245.04422698	0.00195764799205
245.358386245	0.00195763252992
245.672545511	0.00195757924084
245.986704776	0.0019574898801
246.300864041	0.0019573670019
246.615023307	0.00195721959294
246.929182572	0.00195705048459
247.243341838	0.00195687108791
247.557501103	0.00195668760458
247.871660368	0.00195650905089
248.185819634	0.00195634299278
248.499978899	0.00195619366597
248.814138164	0.00195606912415
249.12829743	0.00195597078609
249.442456695	0.00195590450928
249.75661596	0.00195587038321
250.070775226	0.00195587213469
250.384934491	0.00195590894264
250.699093756	0.00195597650426
251.013253022	0.00195607649133
251.327412287	0.00195620005615
251.641571553	0.00195634904333
251.955730818	0.00195651159362
252.269890083	0.00195668700303
252.584049349	0.00195686488117
252.898208614	0.00195704104444
253.212367879	0.0019572099857
253.526527145	0.00195736290868
253.84068641	0.00195749604596
254.154845675	0.00195760309666
254.469004941	0.0019576803605
254.783164206	0.00195772454135
255.097323472	0.00195773351957
255.411482737	0.00195770941044
255.725642002	0.00195764950426
256.039801268	0.00195756170057
256.353960533	0.00195744632166
256.668119798	0.0019573108776
256.982279064	0.00195715626519
257.296438329	0.00195699066655
257.610597594	0.00195682176321
257.92475686	0.00195665534436
258.238916125	0.00195650298977
258.55307539	0.00195636599694
258.867234656	0.00195625676871
259.181393921	0.00195617604228
259.495553187	0.00195613104501
259.809712452	0.00195612243328
260.123871717	0.00195614984033
260.438030983	0.00195621719173
260.752190248	0.00195631931222
261.066349513	0.00195645552397
261.380508779	0.00195661683753
261.694668044	0.00195679626705
262.008827309	0.00195698612325
262.322986575	0.001957174297
262.63714584	0.00195735644256
262.951305105	0.00195751753826
263.265464371	0.00195765661334
263.579623636	0.00195776016113
263.893782902	0.00195783041248
264.207942167	0.00195786101246
264.522101432	0.00195785232678
264.836260698	0.00195780552769
265.150419963	0.00195771970723
265.464579228	0.00195760387911
265.778738494	0.00195745940743
266.092897759	0.0019572970963
266.407057024	0.00195712427512
266.72121629	0.00195694892643
267.035375555	0.00195678002188
267.349534821	0.00195661951633
267.663694086	0.0019564781336
267.977853351	0.00195635556193
268.292012617	0.00195626136464
268.606171882	0.00195619615988
268.920331147	0.0019561618648
269.234490413	0.00195616261572
269.548649678	0.00195619332748
269.862808943	0.00195625948449
270.176968209	0.00195635186092
270.491127474	0.00195647259936
270.805286739	0.00195661199992
271.119446005	0.00195676869397
271.43360527	0.0019569346984
271.747764536	0.00195710324485
272.061923801	0.00195727186119
272.376083066	0.001957429709
272.690242332	0.00195757702166
273.004401597	0.00195770340792
273.318560862	0.00195780739564
273.632720128	0.00195788471809
273.946879393	0.00195793228397
274.261038658	0.00195795228744
274.575197924	0.00195793722434
274.889357189	0.00195789423554
275.203516454	0.00195781891469
275.51767572	0.00195771885134
275.831834985	0.00195759572887
276.145994251	0.00195745442949
276.460153516	0.00195730314243
276.774312781	0.00195714393122
277.088472047	0.00195698899076
277.402631312	0.00195684047795
277.716790577	0.00195670970038
278.030949843	0.0019565989152
278.345109108	0.00195651487934
278.659268373	0.0019564631614
278.973427639	0.00195644409969
279.287586904	0.00195646255423
279.60174617	0.00195651451304
279.915905435	0.00195660074987
280.2300647	0.0019567159795
280.544223966	0.00195685377855
280.858383231	0.00195700991572
281.172542496	0.00195717111254
281.486701762	0.00195733719593
281.800861027	0.00195749381465
282.115020292	0.00195764101558
282.429179558	0.00195776497765
282.743338823	0.00195786429575
283.057498088	0.00195793186812
283.371657354	0.00195796459994
283.685816619	0.00195796451966
283.999975885	0.00195792843971
284.31413515	0.00195786275222
284.628294415	0.00195776665931
284.942453681	0.00195764787013
285.256612946	0.00195751289848
285.570772211	0.00195736693577
285.884931477	0.0019572222303
286.199090742	0.00195707916887
286.513250007	0.00195694964776
286.827409273	0.0019568329314
287.141568538	0.00195673836337
287.455727803	0.0019566658298
287.769887069	0.00195661711602
288.084046334	0.00195659664838
288.3982056	0.00195660079767
288.712364865	0.0019566334581
289.02652413	0.00195668642467
289.340683396	0.00195676270271
289.654842661	0.00195685496229
289.969001926	0.00195696210048
290.283161192	0.0019570808857
290.597320457	0.00195720579622
290.911479722	0.00195733702983
291.225638988	0.00195746482953
291.539798253	0.00195758949649
291.853957519	0.00195770446861
292.168116784	0.00195780764307
292.482276049	0.00195789671364
292.796435315	0.0019579650856
293.11059458	0.00195801612648
293.424753845	0.00195804097948
293.738913111	0.00195804518282
294.053072376	0.00195802188962
294.367231641	0.00195797708566
294.681390907	0.00195791156836
294.995550172	0.00195782630462
295.309709437	0.00195772666031
295.623868703	0.00195761158681
295.938027968	0.00195749195348
296.252187234	0.0019573676455
296.566346499	0.00195724894519
296.880505764	0.00195713895105
297.19466503	0.00195704265855
297.508824295	0.00195696700323
297.82298356	0.00195691043734
298.137142826	0.00195688146448
298.451302091	0.00195687687983
298.765461356	0.00195690094861
299.079620622	0.00195694970292
299.393779887	0.00195701993396
299.707939152	0.00195711129145
300.022098418	0.00195721472568
300.336257683	0.00195733081913
300.650416949	0.00195744998527
300.964576214	0.00195757036514
301.278735479	0.00195768184013
301.592894745	0.00195777957822
301.90705401	0.00195785781054
302.221213275	0.00195791133086
302.535372541	0.0019579413697
302.849531806	0.00195794369828
303.163691071	0.00195792230359
303.477850337	0.00195787602537
303.792009602	0.00195780784233
304.106168868	0.00195772263193
304.420328133	0.00195762256384
304.734487398	0.00195751838676
305.048646664	0.00195741075499
305.362805929	0.0019573095374
305.676965194	0.00195721398483
305.99112446	0.00195713030903
306.305283725	0.00195706192569
306.61944299	0.00195700918421
306.933602256	0.00195697834188
307.247761521	0.00195696498476
307.561920786	0.00195697397231
307.876080052	0.00195699874697
308.190239317	0.00195704139258
308.504398583	0.00195710049824
308.818557848	0.00195717154706
309.132717113	0.00195725367319
309.446876379	0.00195734136594
309.761035644	0.00195743350464
310.075194909	0.00195752309628
310.389354175	0.00195760885713
310.70351344	0.00195768788753
311.017672705	0.00195775668013
311.331831971	0.00195781765269
311.645991236	0.00195786374958
311.960150501	0.00195789956371
312.274309767	0.00195791854429
312.588469032	0.00195792504738
312.902628298	0.0019579168194
313.216787563	0.00195789523002
313.530946828	0.00195786286728
313.845106094	0.00195781713368
314.159265359	0.00195776405422
314.473424624	0.00195770171653
314.78758389	0.00195763447281
315.101743155	0.00195756212749
315.41590242	0.00195748656475
315.730061686	0.00195741233582
316.044220951	0.0019573387965
316.358380217	0.00195727322409
316.672539482	0.0019572136627
316.986698747	0.00195716599702
317.300858013	0.00195713211465
317.615017278	0.00195711218737
317.929176543	0.00195711031055
318.243335809	0.00195712087842
318.557495074	0.0019571499652
318.871654339	0.00195719207454
319.185813605	0.00195724735814
319.49997287	0.00195731278269
319.814132135	0.00195738434031
320.128291401	0.00195745904737
320.442450666	0.00195752976896
320.756609932	0.00195759529561
321.070769197	0.00195764857626
321.384928462	0.00195768896643
321.699087728	0.00195771252758
322.013246993	0.0019577186335
322.327406258	0.00195771013239
322.641565524	0.00195768425467
322.955724789	0.00195764310002
323.269884054	0.00195758725337
323.58404332	0.00195752189441
323.898202585	0.00195745039902
324.21236185	0.00195737569493
324.526521116	0.00195730417207
324.840680381	0.0019572351904
325.154839647	0.0019571763576
325.468998912	0.00195712718413
325.783158177	0.00195709233544
326.097317443	0.0019570723752
326.411476708	0.00195706787287
326.725635973	0.00195708126168
327.039795239	0.0019571097459
327.353954504	0.00195715428965
327.668113769	0.00195721156281
327.982273035	0.00195727753937
328.2964323	0.00195735023989
328.610591566	0.00195742358013
328.924750831	0.00195749565977
329.238910096	0.00195756023263
329.553069362	0.00195761915812
329.867228627	0.00195766812351
330.181387892	0.00195770985091
330.495547158	0.00195774032303
330.809706423	0.00195776102064
331.123865688	0.00195777312545
331.438024954	0.00195777531028
331.752184219	0.00195777253742
332.066343484	0.0019577602948
332.38050275	0.00195774590144
332.694662015	0.00195772722406
333.008821281	0.00195770659139
333.322980546	0.00195768239202
333.637139811	0.00195765357395
333.951299077	0.00195762328417
334.265458342	0.00195758766916
334.579617607	0.00195755318134
334.893776873	0.00195751603271
335.207936138	0.00195748076896
335.522095403	0.00195744886821
335.836254669	0.00195742063117
336.150413934	0.00195740195795
336.464573199	0.00195738636019
336.778732465	0.00195738208378
337.09289173	0.00195738116009
337.407050996	0.0019573915434
337.721210261	0.0019574078572
338.035369526	0.0019574322789
338.349528792	0.0019574652322
338.663688057	0.00195750118376
338.977847322	0.00195754451983
339.292006588	0.00195758652675
339.606165853	0.00195763175068
339.920325118	0.00195767482098
340.234484384	0.00195771395403
340.548643649	0.00195774990629
340.862802915	0.00195777421055
341.17696218	0.00195779266579
341.491121445	0.0019577952786
341.805280711	0.00195778911768
342.119439976	0.00195776935533
342.433599241	0.00195773941708
342.747758507	0.00195770282111
343.061917772	0.00195765835196
343.376077037	0.00195761503108
343.690236303	0.00195756928156
344.004395568	0.00195753107099
344.318554833	0.00195749659516
344.632714099	0.00195747129933
344.946873364	0.00195745696938
345.26103263	0.00195745208088
345.575191895	0.00195746286949
345.88935116	0.00195748276638
346.203510426	0.00195751793887
346.517669691	0.00195756121829
346.831828956	0.00195761493966
347.145988222	0.00195767558846
347.460147487	0.00195773752293
347.774306752	0.00195780240481
348.088466018	0.00195786040359
348.402625283	0.00195791726883
348.716784548	0.00195796303347
349.030943814	0.00195800201568
349.345103079	0.00195802976058
349.659262345	0.00195804630968
349.97342161	0.00195805446004
350.287580875	0.00195805103352
350.601740141	0.00195804320468
350.915899406	0.00195802477353
351.230058671	0.00195800319272
351.544217937	0.00195797617202
351.858377202	0.00195794640221
352.172536467	0.00195791723468
352.486695733	0.00195788487493
352.800854998	0.00195785725174
353.115014264	0.00195782846699
353.429173529	0.00195780575821
353.743332794	0.00195778373966
354.05749206	0.00195776325135
354.371651325	0.00195774611819
354.68581059	0.00195772895072
354.999969856	0.0019577186248
355.314129121	0.00195770810851
355.628288386	0.00195770455615
355.942447652	0.00195770230478
356.256606917	0.00195770505036
356.570766182	0.00195771264833
356.884925448	0.00195772374568
357.199084713	0.00195774148336
357.513243979	0.00195775882286
357.827403244	0.00195778113734
358.141562509	0.00195780230132
358.455721775	0.00195782470895
358.76988104	0.00195784712942
359.084040305	0.00195786598544
359.398199571	0.00195788537895
359.712358836	0.00195789830567
360.026518101	0.00195791006062
360.340677367	0.00195791226984
360.654836632	0.00195790912044
360.968995897	0.00195790038156
361.283155163	0.00195788585145
361.597314428	0.00195786750587
361.911473694	0.00195784160709
362.225632959	0.00195781459922
362.539792224	0.00195778248827
362.85395149	0.00195775172512
363.168110755	0.00195772235003
363.48227002	0.00195769666893
363.796429286	0.00195767819542
364.110588551	0.00195766315251
364.424747816	0.00195765858039
364.738907082	0.00195766023869
365.053066347	0.0019576736029
365.367225613	0.00195769442841
365.681384878	0.00195772294541
365.995544143	0.00195775941793
366.309703409	0.00195779858084
366.623862674	0.00195784413371
366.938021939	0.00195788967506
367.252181205	0.00195793854938
367.56634047	0.00195798384677
367.880499735	0.00195802412571
368.194659001	0.00195805694893
368.508818266	0.00195807801366
368.822977531	0.00195809113151
369.137136797	0.0019580916656
369.451296062	0.00195808475093
369.765455328	0.00195806858291
370.079614593	0.00195804583373
370.393773858	0.00195801802555
370.707933124	0.00195798554035
371.022092389	0.00195795399004
371.336251654	0.00195792006541
371.65041092	0.00195788952828
371.964570185	0.0019578589094
372.27872945	0.00195783112706
372.592888716	0.00195780733892
372.907047981	0.00195778480807
373.221207246	0.00195776868491
373.535366512	0.00195775396989
373.849525777	0.00195774552286
374.163685043	0.00195773824804
374.477844308	0.00195773487921
374.792003573	0.00195773635518
375.106162839	0.00195774044791
375.420322104	0.00195774883672
375.734481369	0.00195775896799
376.048640635	0.0019577735585
376.3627999	0.00195778799636
376.676959165	0.00195780334047
376.991118431	0.00195781779498
377.305277696	0.00195783008577
377.619436962	0.0019578419568
377.933596227	0.00195784873885
378.247755492	0.0019578537228
378.561914758	0.00195785232197
378.876074023	0.00195784763967
379.190233288	0.001957839337
379.504392554	0.00195782729535
379.818551819	0.0019578147865
380.132711084	0.00195779790864
380.44687035	0.00195778140472
380.761029615	0.00195776395093
381.07518888	0.00195774685766
381.389348146	0.00195772965578
381.703507411	0.00195771101176
382.017666677	0.00195769330472
382.331825942	0.00195767536121
382.645985207	0.00195766164456
382.960144473	0.00195764975088
383.274303738	0.00195764337198
383.588463003	0.00195764275423
383.902622269	0.00195764769969
384.216781534	0.00195765979938
384.530940799	0.00195767599418
384.845100065	0.0019577002545
385.15925933	0.00195772914937
385.473418595	0.00195776284822
385.787577861	0.00195779924285
386.101737126	0.0019578361652
386.415896392	0.00195787391371
386.730055657	0.00195790669711
387.044214922	0.00195793748748
387.358374188	0.0019579601474
387.672533453	0.00195797743519
387.986692718	0.00195798558768
388.300851984	0.00195798612078
388.615011249	0.00195798212507
388.929170514	0.00195797112529
389.24332978	0.00195795627018
389.557489045	0.00195793289832
389.871648311	0.00195790660504
390.185807576	0.00195787613667
390.499966841	0.00195784368018
390.814126107	0.00195781288439
391.128285372	0.00195778065197
391.442444637	0.00195775472083
391.756603903	0.00195772905119
392.070763168	0.00195771042436
392.384922433	0.00195769452698
392.699081699	0.00195768488198
393.013240964	0.00195768211598
393.327400229	0.00195768336247
393.641559495	0.00195769320291
393.95571876	0.00195770540309
394.269878026	0.00195772353614
394.584037291	0.0019577433939
394.898196556	0.00195776552242
395.212355822	0.00195778805145
395.526515087	0.00195780709141
395.840674352	0.00195782687076
396.154833618	0.00195784084143
396.468992883	0.00195785612823
396.783152148	0.00195786696418
397.097311414	0.00195787564683
397.411470679	0.00195788076993
397.725629944	0.00195788078476
398.03978921	0.00195787908012
398.353948475	0.00195787139749
398.668107741	0.0019578654174
398.982267006	0.00195785602863
399.296426271	0.00195784675976
399.610585537	0.00195783593836
399.924744802	0.00195782214491
400.238904067	0.00195781032079
400.553063333	0.00195779397154
400.867222598	0.00195778245382
401.181381863	0.00195776896639
401.495541129	0.00195776031599
401.809700394	0.00195775526503
402.12385966	0.00195775422486
402.438018925	0.00195776041746
402.75217819	0.00195776762205
403.066337456	0.00195778284762
403.380496721	0.00195779816599
403.694655986	0.00195782103076
404.008815252	0.00195784514342
404.322974517	0.00195787263251
404.637133782	0.00195790331435
404.951293048	0.0019579323476
405.265452313	0.00195796474527
405.579611578	0.0019579926376
405.893770844	0.00195802144111
406.207930109	0.00195804644804
406.522089375	0.00195806854751
406.83624864	0.0019580875185
407.150407905	0.00195809824198
407.464567171	0.00195810675328
407.778726436	0.00195810415969
408.092885701	0.00195809888357
408.407044967	0.00195808390871
408.721204232	0.00195806488957
409.035363497	0.00195804089198
409.349522763	0.00195801283532
409.663682028	0.00195798565821
409.977841293	0.00195795519061
410.292000559	0.00195792960441
410.606159824	0.00195790361303
410.92031909	0.00195788333335
411.234478355	0.00195786755901
411.54863762	0.00195785635176
411.862796886	0.0019578536247
412.176956151	0.001957854236
412.491115416	0.00195786536097
412.805274682	0.00195787841684
413.119433947	0.00195789839011
413.433593212	0.00195792046329
413.747752478	0.00195794386992
414.061911743	0.00195797072128
414.376071009	0.0019579940396
414.690230274	0.00195802052856
415.004389539	0.00195804119395
415.318548805	0.00195806227902
415.63270807	0.00195807856199
415.946867335	0.00195809172
416.261026601	0.00195810116911
416.575185866	0.00195810326691
416.889345131	0.00195810451668
417.203504397	0.00195809788464
417.517663662	0.00195809022128
417.831822927	0.00195807662813
418.145982193	0.00195806064788
418.460141458	0.00195804368936
418.774300724	0.00195802338657
419.088459989	0.00195800692209
419.402619254	0.00195798718745
419.71677852	0.00195797230533
420.030937785	0.00195795885207
420.34509705	0.00195795015059
420.659256316	0.00195794515124
420.973415581	0.00195794116324
421.287574846	0.00195794373067
421.601734112	0.00195794506931
421.915893377	0.00195795372769
422.230052642	0.0019579620259
422.544211908	0.00195797559381
422.858371173	0.00195799140058
423.172530439	0.00195800865761
423.486689704	0.00195803106196
423.800848969	0.00195805221459
424.115008235	0.00195807652125
424.4291675	0.00195809767133
424.743326765	0.00195811878069
425.057486031	0.00195813820475
425.371645296	0.001958153751
425.685804561	0.00195816946141
425.999963827	0.00195817876291
426.314123092	0.00195818930134
426.628282358	0.00195819356891
426.942441623	0.00195819576702
427.256600888	0.00195819050972
427.570760154	0.00195817872115
427.884919419	0.00195816362028
428.199078684	0.00195814165467
428.51323795	0.00195811937508
428.827397215	0.0019580920239
429.14155648	0.0019580647336
429.455715746	0.00195803614207
429.769875011	0.00195800865935
430.084034276	0.00195798545168
430.398193542	0.00195796259836
430.712352807	0.00195794704775
431.026512073	0.00195793215661
431.340671338	0.00195792567629
431.654830603	0.00195792387994
431.968989869	0.00195792823059
432.283149134	0.00195794074673
432.597308399	0.00195795579315
432.911467665	0.00195797939934
433.22562693	0.00195800204271
433.539786195	0.00195802800159
433.853945461	0.00195805240305
434.168104726	0.00195807715816
434.482263991	0.00195810113281
434.796423257	0.00195812097227
435.110582522	0.00195813792036
435.424741788	0.00195814602338
435.738901053	0.00195814893464
436.053060318	0.00195814287771
436.367219584	0.00195813068913
436.681378849	0.0019581132321
436.995538114	0.0019580888286
437.30969738	0.00195806261606
437.623856645	0.00195803076543
437.93801591	0.00195800136246
438.252175176	0.00195797183287
438.566334441	0.00195794674806
438.880493707	0.00195792530699
439.194652972	0.00195790752969
439.508812237	0.0019578965294
439.822971503	0.00195788834184
440.137130768	0.00195788933619
440.451290033	0.001957895077
440.765449299	0.00195790721438
441.079608564	0.00195792162598
441.393767829	0.00195793747023
441.707927095	0.00195795574389
442.02208636	0.00195797188323
442.336245625	0.00195799020104
442.650404891	0.00195800661484
442.964564156	0.00195802360853
443.278723422	0.0019580393231
443.592882687	0.00195805336475
443.907041952	0.00195806754719
444.221201218	0.00195807905136
444.535360483	0.00195809158874
444.849519748	0.00195810007288
445.163679014	0.00195810782408
445.477838279	0.00195811203566
445.791997544	0.00195811282906
446.10615681	0.00195811193239
446.420316075	0.00195810589075
446.73447534	0.00195809962225
447.048634606	0.00195808800672
447.362793871	0.00195807357942
447.676953137	0.00195805491795
447.991112402	0.00195803452247
448.305271667	0.00195801263634
448.619430933	0.00195798854649
448.933590198	0.00195796596413
449.247749463	0.00195794224391
449.561908729	0.00195792129063
449.876067994	0.00195790068307
450.190227259	0.00195788299052
450.504386525	0.00195786994976
450.81854579	0.0019578611817
451.132705056	0.00195785945135
451.446864321	0.00195786063731
451.761023586	0.00195786968325
452.075182852	0.00195788180971
452.389342117	0.00195790018506
452.703501382	0.00195792248897
453.017660648	0.00195794695236
453.331819913	0.00195797379449
453.645979178	0.00195799863517
453.960138444	0.00195802426413
454.274297709	0.0019580459938
454.588456974	0.00195806248478
454.90261624	0.00195807057066
455.216775505	0.00195806872604
455.530934771	0.00195806002989
455.845094036	0.00195803954433
456.159253301	0.00195801379647
456.473412567	0.00195798068553
456.787571832	0.00195794547013
457.101731097	0.00195790891282
457.415890363	0.00195787301528
457.730049628	0.00195784082704
458.044208893	0.0019578123044
458.358368159	0.0019577924263
458.672527424	0.0019577782662
458.986686689	0.00195777216364
459.300845955	0.001957773934
459.61500522	0.00195778164325
459.929164486	0.00195779692998
460.243323751	0.00195781436753
460.557483016	0.00195783709369
460.871642282	0.00195786008823
461.185801547	0.00195788410994
461.499960812	0.00195790820588
461.814120078	0.00195793222786
462.128279343	0.00195795742048
462.442438608	0.00195797852374
462.756597874	0.00195799860907
463.070757139	0.00195801360761
463.384916405	0.00195802682683
463.69907567	0.00195803628384
464.013234935	0.00195804163105
464.327394201	0.00195804618377
464.641553466	0.00195804691657
464.955712731	0.0019580483308
465.269871997	0.0019580453912
465.584031262	0.00195804189403
465.898190527	0.00195803535359
466.212349793	0.00195802610026
466.526509058	0.00195801723884
466.840668323	0.00195800549366
467.154827589	0.00195799552974
467.468986854	0.00195798402377
467.78314612	0.00195797362098
468.097305385	0.00195796209665
468.41146465	0.00195794854774
468.725623916	0.00195793437105
469.039783181	0.00195791633516
469.353942446	0.00195790160736
469.668101712	0.00195788591603
469.982260977	0.00195787614788
470.296420242	0.00195786883722
470.610579508	0.00195786681269
470.924738773	0.00195787062566
471.238898039	0.00195787813734
471.553057304	0.00195789321939
471.867216569	0.00195791181857
472.181375835	0.00195793755084
472.4955351	0.00195796600703
472.809694365	0.00195799582696
473.123853631	0.00195802584998
473.438012896	0.00195804961011
473.752172161	0.00195807152452
474.066331427	0.0019580825366
474.380490692	0.00195808855261
474.694649957	0.00195808333095
475.008809223	0.00195807043606
475.322968488	0.00195805238973
475.637127754	0.00195802651128
475.951287019	0.00195799785694
476.265446284	0.00195796360157
476.57960555	0.00195793115865
476.893764815	0.00195789716458
477.20792408	0.00195786744306
477.522083346	0.00195784278709
477.836242611	0.00195782251416
478.150401876	0.00195781231307
478.464561142	0.00195780637169
478.778720407	0.00195781096874
479.092879672	0.0019578191308
479.407038938	0.00195783514795
479.721198203	0.00195785694855
480.035357469	0.0019578822981
480.349516734	0.00195791385768
480.663675999	0.00195794383495
480.977835265	0.00195797681399
481.29199453	0.00195800439275
481.606153795	0.00195803105974
481.920313061	0.00195805212068
482.234472326	0.0019580673767
482.548631591	0.0019580787808
482.862790857	0.00195808331132
483.176950122	0.0019580874421
483.491109388	0.00195808441755
483.805268653	0.0019580801168
484.119427918	0.00195807200648
484.433587184	0.00195806175725
484.747746449	0.00195805235304
485.061905714	0.00195803975474
485.37606498	0.00195803168489
485.690224245	0.00195802146751
486.00438351	0.00195801480461
486.318542776	0.00195800639319
486.632702041	0.00195799639775
486.946861306	0.00195798600292
487.261020572	0.00195796980381
487.575179837	0.00195795557833
487.889339103	0.00195793558331
488.203498368	0.00195791825139
488.517657633	0.00195790020688
488.831816899	0.00195788472124
489.145976164	0.00195787350182
489.460135429	0.00195786375599
489.774294695	0.00195786114436
490.08845396	0.00195785888425
490.402613225	0.00195786408661
490.716772491	0.00195787177825
491.030931756	0.00195788402173
491.345091021	0.00195790167283
491.659250287	0.00195791970048
491.973409552	0.00195794371134
492.287568818	0.00195796482623
492.601728083	0.00195798800591
492.915887348	0.00195800714897
493.230046614	0.00195802297552
493.544205879	0.00195803416008
493.858365144	0.00195803846228
494.17252441	0.00195803867707
494.486683675	0.00195802907512
494.80084294	0.00195801482758
495.115002206	0.00195799079076
495.429161471	0.00195796215557
495.743320737	0.0019579288982
496.057480002	0.00195789277316
496.371639267	0.00195785906866
496.685798533	0.00195782469461
496.999957798	0.00195779755487
497.314117063	0.0019577736613
497.628276329	0.00195775956479
497.942435594	0.00195775306626
498.256594859	0.0019577548798
498.570754125	0.00195776778406
498.88491339	0.00195778586524
499.199072655	0.00195781529758
499.513231921	0.00195784770504
499.827391186	0.00195788682986
500.141550452	0.00195792562112
500.455709717	0.00195796476863
500.769868982	0.00195800338617
501.084028248	0.00195803573634
501.398187513	0.00195806568048
501.712346778	0.00195808571947
502.026506044	0.00195810078729
502.340665309	0.00195810694951
502.654824574	0.00195810683268
502.96898384	0.00195810252238
503.283143105	0.00195809145474
503.59730237	0.00195807959992
503.911461636	0.00195806163784
504.225620901	0.00195804611376
504.539780167	0.00195802716055
504.853939432	0.00195800979187
505.168098697	0.00195799351243
505.482257963	0.00195797645584
505.796417228	0.00195796340633
506.110576493	0.00195794849304
506.424735759	0.00195793675959
506.738895024	0.00195792379737
507.053054289	0.00195791451047
507.367213555	0.00195790648827
507.68137282	0.00195789734635
507.995532086	0.00195789057575
508.309691351	0.00195788109043
508.623850616	0.00195787603021
508.938009882	0.00195787028527
509.252169147	0.00195786943876
509.566328412	0.0019578721363
509.880487678	0.00195787816334
510.194646943	0.00195789016448
510.508806208	0.00195790376001
510.822965474	0.00195792470946
511.137124739	0.0019579446956
511.451284004	0.00195796824812
511.76544327	0.00195798979193
512.079602535	0.00195800972636
512.393761801	0.00195802787148
512.707921066	0.00195803956673
513.022080331	0.00195804966298
513.336239597	0.00195805312993
513.650398862	0.00195805278442
513.964558127	0.00195804293652
514.278717393	0.00195802410994
514.592876658	0.00195799921647
514.907035923	0.00195796554397
515.221195189	0.00195793152479
515.535354454	0.00195789291961
515.849513719	0.00195785766157
516.163672985	0.00195782304358
516.47783225	0.00195779334672
516.791991516	0.0019577704769
517.106150781	0.00195775351851
517.420310046	0.00195774751467
517.734469312	0.00195774653404
518.048628577	0.00195775616668
518.362787842	0.00195777148463
518.676947108	0.00195779389743
518.991106373	0.00195782279507
519.305265638	0.00195785412568
519.619424904	0.00195789088003
519.933584169	0.00195792582267
520.247743435	0.00195796038548
520.5619027	0.00195798921478
520.876061965	0.001958014456
521.190221231	0.00195803483746
521.504380496	0.00195804855446
521.818539761	0.0019580578745
522.132699027	0.00195805746916
522.446858292	0.00195805217694
522.761017557	0.00195803783624
523.075176823	0.00195801861183
523.389336088	0.00195799506076
523.703495353	0.00195796804728
524.017654619	0.00195794080636
524.331813884	0.00195790961228
524.64597315	0.00195788043666
524.960132415	0.00195784946743
525.27429168	0.00195782154368
525.588450946	0.0019577958834
525.902610211	0.00195777212579
526.216769476	0.00195775334434
526.530928742	0.00195773552872
526.845088007	0.0019577236941
527.159247272	0.00195771547929
527.473406538	0.00195771192332
527.787565803	0.00195771122011
528.101725068	0.00195771261039
528.415884334	0.00195771830925
528.730043599	0.00195772268149
529.044202865	0.0019577321252
529.35836213	0.00195774097858
529.672521395	0.00195775462942
529.986680661	0.00195777015083
530.300839926	0.00195778828864
530.614999191	0.00195780835021
530.929158457	0.00195782606392
531.243317722	0.00195784480329
531.557476987	0.0019578597444
531.871636253	0.00195787328619
532.185795518	0.00195788212573
532.499954784	0.00195788580769
532.814114049	0.00195788442861
533.128273314	0.00195787539914
533.44243258	0.00195786107597
533.756591845	0.00195783948307
534.07075111	0.00195781282529
534.384910376	0.00195777978243
534.699069641	0.00195774420489
535.013228906	0.00195770914308
535.327388172	0.00195767356548
535.641547437	0.00195764257458
535.955706702	0.00195761573925
536.269865968	0.00195759656911
536.584025233	0.00195758327996
536.898184499	0.00195757690637
537.212343764	0.00195757763404
537.526503029	0.00195758526457
537.840662295	0.00195760145176
538.15482156	0.00195762191302
538.468980825	0.00195764821577
538.783140091	0.00195767574477
539.097299356	0.00195770438306
539.411458621	0.00195773326271
539.725617887	0.0019577590761
540.039777152	0.00195778411705
540.353936417	0.00195780477595
540.668095683	0.00195782267363
540.982254948	0.00195783661813
541.296414214	0.00195784412882
541.610573479	0.00195784509079
541.924732744	0.0019578377627
542.23889201	0.00195782568393
542.553051275	0.00195780533198
542.86721054	0.00195778078092
543.181369806	0.00195775027289
543.495529071	0.00195771666069
543.809688336	0.00195768230009
544.123847602	0.00195764623035
544.438006867	0.00195761280851
544.752166133	0.00195757813407
545.066325398	0.00195754674786
545.380484663	0.00195751866222
545.694643929	0.00195749517831
546.008803194	0.00195747829
546.322962459	0.00195746606805
546.637121725	0.00195745998578
546.95128099	0.00195745746753
547.265440255	0.00195745930232
547.579599521	0.0019574640638
547.893758786	0.001957472003
548.207918051	0.00195748260332
548.522077317	0.00195749575294
548.836236582	0.0019575145765
549.150395848	0.00195753515279
549.464555113	0.00195755781199
549.778714378	0.00195758144089
550.092873644	0.00195760610884
550.407032909	0.00195763141366
550.721192174	0.00195765353016
551.03535144	0.00195767339176
551.349510705	0.00195768777085
551.66366997	0.00195769879383
551.977829236	0.00195770182579
552.291988501	0.00195769779716
552.606147766	0.00195768470055
552.920307032	0.00195766268305
553.234466297	0.00195763663471
553.548625563	0.00195760384582
553.862784828	0.00195757074335
554.176944093	0.00195753621602
554.491103359	0.00195750347744
554.805262624	0.00195747467758
555.119421889	0.00195744839083
555.433581155	0.00195742885869
555.74774042	0.00195741142156
556.061899685	0.00195740339911
556.376058951	0.00195740009146
556.690218216	0.00195740617279
557.004377482	0.00195741875444
557.318536747	0.00195743620796
557.632696012	0.00195746157929
557.946855278	0.00195748730059
558.261014543	0.00195751900196
558.575173808	0.00195754942077
558.889333074	0.00195758352687
559.203492339	0.00195761646353
559.517651604	0.00195764689582
559.83181087	0.00195767490499
560.145970135	0.00195769528076
560.4601294	0.00195771259722
560.774288666	0.00195772055772
561.088447931	0.00195772423987
561.402607197	0.00195772047858
561.716766462	0.00195771063817
562.030925727	0.00195769817632
562.345084993	0.00195768043029
562.659244258	0.00195766344423
562.973403523	0.00195764088634
563.287562789	0.00195762042063
563.601722054	0.00195759680223
563.915881319	0.00195757340031
564.230040585	0.00195755196186
564.54419985	0.00195752914954
564.858359115	0.00195751212209
565.172518381	0.00195749408717
565.486677646	0.0019574826378
565.800836912	0.00195747135768
566.114996177	0.00195746476887
566.429155442	0.00195746382473
566.743314708	0.00195746621279
567.057473973	0.00195747595386
567.371633238	0.00195748635977
567.685792504	0.00195750365883
567.999951769	0.0019575219327
568.314111034	0.00195754439767
568.6282703	0.0019575701335
568.942429565	0.00195759637513
569.256588831	0.00195762636818
569.570748096	0.00195765253
569.884907361	0.00195768178036
570.199066627	0.00195770501569
570.513225892	0.00195772612054
570.827385157	0.001957740638
571.141544423	0.00195774695496
571.455703688	0.00195774801854
571.769862953	0.00195773744173
572.084022219	0.00195772175894
572.398181484	0.00195769589701
572.712340749	0.00195766713531
573.026500015	0.00195763399652
573.34065928	0.00195759631703
573.654818546	0.00195755808175
573.968977811	0.00195751627348
574.283137076	0.00195748061332
574.597296342	0.00195744622266
574.911455607	0.00195742037531
575.225614872	0.0019574002378
575.539774138	0.00195738704436
575.853933403	0.00195738371276
576.168092668	0.0019573866418
576.482251934	0.00195740069293
576.796411199	0.00195741843867
577.110570464	0.00195744340495
577.42472973	0.00195747034396
577.738888995	0.00195749903838
578.053048261	0.00195752970838
578.367207526	0.00195755676235
578.681366791	0.00195758488733
578.995526057	0.00195760765742
579.309685322	0.00195762820842
579.623844587	0.00195764176582
579.938003853	0.00195764876015
580.252163118	0.00195765332477
580.566322383	0.00195765137812
580.880481649	0.00195764872179
581.194640914	0.00195763968744
581.50880018	0.00195762860939
581.822959445	0.00195761226458
582.13711871	0.00195759159555
582.451277976	0.00195756891865
582.765437241	0.00195754168533
583.079596506	0.00195751527304
583.393755772	0.00195748401911
583.707915037	0.00195745408617
584.022074302	0.00195742102868
584.336233568	0.00195738890267
584.650392833	0.00195735927993
584.964552098	0.00195733019212
585.278711364	0.00195730734953
585.592870629	0.00195728610417
585.907029895	0.00195727229987
586.22118916	0.00195726526171
586.535348425	0.00195726533674
586.849507691	0.00195727306796
587.163666956	0.00195728407032
587.477826221	0.00195730289559
587.791985487	0.00195732180338
588.106144752	0.00195734675097
588.420304017	0.00195737027001
588.734463283	0.00195739507343
589.048622548	0.00195741984546
589.362781813	0.00195744147943
589.676941079	0.00195746278724
589.991100344	0.0019574774969
590.30525961	0.00195748969562
590.619418875	0.00195749490457
590.93357814	0.00195749326491
591.247737406	0.00195748480333
591.561896671	0.00195746615319
591.876055936	0.00195744129462
592.190215202	0.00195740595624
592.504374467	0.0019573655173
592.818533732	0.00195731967667
593.132692998	0.0019572708066
593.446852263	0.00195722328635
593.761011529	0.00195717634853
594.075170794	0.0019571387758
594.389330059	0.00195710512261
594.703489325	0.00195708060936
595.01764859	0.00195706275883
595.331807855	0.00195705410816
595.645967121	0.00195705510511
595.960126386	0.00195706309695
596.274285651	0.00195707994057
596.588444917	0.00195710045385
596.902604182	0.00195712694668
597.216763447	0.00195715498555
597.530922713	0.00195718470061
597.845081978	0.00195721477896
598.159241244	0.00195724122369
598.473400509	0.00195726736541
598.787559774	0.00195728666212
599.10171904	0.00195730425017
599.415878305	0.00195731615206
599.73003757	0.00195732412173
600.044196836	0.00195732847668
600.358356101	0.00195732712664
600.672515366	0.00195732353192
600.986674632	0.0019573125182
601.300833897	0.00195730030551
601.614993162	0.00195728262239
601.929152428	0.00195726555394
602.243311693	0.00195724509231
602.557470959	0.0019572222792
602.871630224	0.00195719918065
603.185789489	0.00195717258495
603.499948755	0.0019571487291
603.81410802	0.0019571228361
604.128267285	0.00195710033919
604.442426551	0.00195707898683
604.756585816	0.00195705994875
605.070745081	0.00195704542215
605.384904347	0.00195703211935
605.699063612	0.00195702682834
606.013222878	0.00195702359263
606.327382143	0.00195702922953
606.641541408	0.00195703952404
606.955700674	0.00195705648094
607.269859939	0.00195708052082
607.584019204	0.00195710794771
607.89817847	0.00195714232048
608.212337735	0.00195717745579
608.526497	0.00195721673652
608.840656266	0.00195725278132
609.154815531	0.00195728585393
609.468974796	0.00195731462828
609.783134062	0.00195733504661
610.097293327	0.00195735104533
610.411452593	0.00195735496571
610.725611858	0.00195735329877
611.039771123	0.00195733955882
611.353930389	0.0019573191881
611.668089654	0.00195729158583
611.982248919	0.00195725667022
612.296408185	0.00195721986018
612.61056745	0.00195717749182
612.924726715	0.00195713725311
613.238885981	0.00195709596059
613.553045246	0.00195706003596
613.867204511	0.00195702910303
614.181363777	0.00195700437692
614.495523042	0.00195699013485
614.809682308	0.00195698320755
615.123841573	0.00195698850506
615.438000838	0.00195699869968
615.752160104	0.00195701776409
616.066319369	0.00195704214769
616.380478634	0.00195707053824
616.6946379	0.0019571049173
617.008797165	0.00195713744796
617.32295643	0.00195717378952
617.637115696	0.00195720571591
617.951274961	0.00195723773371
618.265434227	0.00195726428687
618.579593492	0.00195728434784
618.893752757	0.00195729910259
619.207912023	0.00195730506723
619.522071288	0.00195730856173
619.836230553	0.00195730474786
620.150389819	0.00195729864337
620.464549084	0.0019572872878
620.778708349	0.00195727230203
621.092867615	0.00195725586499
621.40702688	0.00195723521314
621.721186145	0.00195721523566
622.035345411	0.00195719007119
622.349504676	0.00195716582156
622.663663942	0.00195713896231
622.977823207	0.00195711221916
623.291982472	0.00195708636814
623.606141738	0.00195705827609
623.920301003	0.00195703434422
624.234460268	0.00195700868546
624.548619534	0.00195698934404
624.862778799	0.001956970393
625.176938064	0.00195695690957
625.49109733	0.00195695115308
625.805256595	0.00195695090503
626.11941586	0.00195695968083
626.433575126	0.00195697139826
626.747734391	0.0019569903115
627.061893657	0.00195701139242
627.376052922	0.00195703545331
627.690212187	0.0019570625834
628.004371453	0.00195708816636
628.318530718	0.00195711594758
