0.314159265359	-2.43962080443e-06
0.628318530718	-1.32749625503e-05
0.942477796077	-3.35989048771e-05
1.25663706144	-5.13651877844e-05
1.57079632679	-5.3406724521e-05
1.88495559215	-4.84552071608e-05
2.19911485751	-4.26234796719e-05
2.51327412287	-4.07728797428e-05
2.82743338823	-4.2685469552e-05
3.14159265359	-4.6840633955e-05
3.45575191895	-4.62861561442e-05
3.76991118431	-4.4009299986e-05
4.08407044967	-4.25323710059e-05
4.39822971503	-4.09943978223e-05
4.71238898039	-3.79883338118e-05
5.02654824574	-3.51678109179e-05
5.3407075111	-3.38065351297e-05
5.65486677646	-3.30665978883e-05
5.96902604182	-3.24563814224e-05
6.28318530718	-3.20090675832e-05
6.59734457254	-3.2084435104e-05
6.9115038379	-3.27946131587e-05
7.22566310326	-3.32157761523e-05
7.53982236862	-3.3184478405e-05
7.85398163398	-3.29000709137e-05
8.16814089933	-3.28471787805e-05
8.48230016469	-3.29796948405e-05
8.79645943005	-3.32500658808e-05
9.11061869541	-3.3422337149e-05
9.42477796077	-3.39109608443e-05
9.73893722613	-3.44834080736e-05
0.314159265359	-2.43962080443e-06
0.628318530718	-1.32749625503e-05
0.942477796077	-3.35989048771e-05
1.25663706144	-5.13651877844e-05
1.57079632679	-5.3406724521e-05
1.88495559215	-4.84552071608e-05
2.19911485751	-4.26234796719e-05
2.51327412287	-4.07728797428e-05
2.82743338823	-4.2685469552e-05
3.14159265359	-4.6840633955e-05
3.45575191895	-4.62861561442e-05
3.76991118431	-4.4009299986e-05
4.08407044967	-4.25323710059e-05
4.39822971503	-4.09943978223e-05
4.71238898039	-3.79883338118e-05
5.02654824574	-3.51678109179e-05
5.3407075111	-3.38065351297e-05
5.65486677646	-3.30665978883e-05
5.96902604182	-3.24563814224e-05
6.28318530718	-3.20090675832e-05
6.59734457254	-3.2084435104e-05
6.9115038379	-3.27946131587e-05
7.22566310326	-3.32157761523e-05
7.53982236862	-3.3184478405e-05
7.85398163398	-3.29000709137e-05
8.16814089933	-3.28471787805e-05
8.48230016469	-3.29796948405e-05
8.79645943005	-3.32500658808e-05
9.11061869541	-3.3422337149e-05
9.42477796077	-3.39109608443e-05
9.73893722613	-3.44834080736e-05
10.0530964915	-3.53219425331e-05
10.3672557568	-3.61696370814e-05
10.6814150222	-3.65458187612e-05
10.9955742876	-3.65052975846e-05
11.3097335529	-3.59722603654e-05
11.6238928183	-3.62829203109e-05
11.9380520836	-3.58921212709e-05
12.252211349	-3.49883144713e-05
12.5663706144	-3.41703739945e-05
12.8805298797	-3.32665911109e-05
13.1946891451	-3.22145262346e-05
13.5088484104	-3.14883187349e-05
13.8230076758	-3.12025734997e-05
14.1371669412	-3.18746064733e-05
14.4513262065	-3.37043267925e-05
14.7654854719	-3.57724735668e-05
15.0796447372	-3.77397675495e-05
15.3938040026	-3.89505070759e-05
15.707963268	-3.88218363351e-05
16.0221225333	-3.7442961707e-05
16.3362817987	-3.50526900906e-05
16.650441064	-3.25633040402e-05
16.9646003294	-3.05184468782e-05
17.2787595947	-2.9815837381e-05
17.5929188601	-3.03137499369e-05
17.9070781255	-3.14744999715e-05
18.2212373908	-3.30431751925e-05
18.5353966562	-3.42990656405e-05
18.8495559215	-3.52145644718e-05
19.1637151869	-3.54131697543e-05
19.4778744523	-3.46454333458e-05
19.7920337176	-3.29620784015e-05
20.106192983	-3.02905748497e-05
20.4203522483	-2.7707756764e-05
20.7345115137	-2.58618377674e-05
21.0486707791	-2.31789786114e-05
21.3628300444	-1.98347850638e-05
21.6769893098	-1.73942054029e-05
21.9911485751	-1.59268668659e-05
22.3053078405	-1.63623309407e-05
22.6194671058	-1.88495217131e-05
22.9336263712	-2.27164507852e-05
23.2477856366	-2.53440035838e-05
23.5619449019	-2.56233332046e-05
23.8761041673	-2.40703829894e-05
24.1902634326	-2.22324701677e-05
24.504422698	-1.99984832753e-05
24.8185819634	-1.77255710092e-05
25.1327412287	-1.68720700616e-05
25.4469004941	-1.88065256674e-05
25.7610597594	-2.26816857815e-05
26.0752190248	-2.66814383648e-05
26.3893782902	-2.96273516878e-05
26.7035375555	-3.16479728085e-05
27.0176968209	-3.18473174416e-05
27.3318560862	-3.00209715978e-05
27.6460153516	-2.75553831096e-05
27.960174617	-2.5719561262e-05
28.2743338823	-2.50373786543e-05
28.5884931477	-2.4230896805e-05
28.902652413	-2.2046470138e-05
29.2168116784	-1.9518290614e-05
29.5309709437	-1.74497136347e-05
29.8451302091	-1.5742800274e-05
30.1592894745	-1.45970846706e-05
30.4734487398	-1.40460348008e-05
30.7876080052	-1.42847066304e-05
31.1017672705	-1.48095707241e-05
31.4159265359	-1.54605043652e-05
31.7300858013	-1.61601802605e-05
32.0442450666	-1.69434231021e-05
32.358404332	-1.73236380039e-05
32.6725635973	-1.71697008776e-05
32.9867228627	-1.70960678902e-05
33.3008821281	-1.68311941493e-05
33.6150413934	-1.57388056512e-05
33.9292006588	-1.38374147215e-05
34.2433599241	-1.13212850528e-05
34.5575191895	-8.53539910521e-06
34.8716784548	-6.57492638559e-06
35.1858377202	-6.20683141584e-06
35.4999969856	-7.17576389075e-06
35.8141562509	-9.11730432092e-06
36.1283155163	-1.1589242915e-05
36.4424747816	-1.35066342024e-05
36.756634047	-1.45834879714e-05
37.0707933124	-1.52745488926e-05
37.3849525777	-1.63040760998e-05
37.6991118431	-1.60817398671e-05
38.0132711084	-1.49364173148e-05
38.3274303738	-1.38022675267e-05
38.6415896392	-1.24480740667e-05
38.9557489045	-1.10751862887e-05
39.2699081699	-1.01591072232e-05
39.5840674352	-1.0212329365e-05
39.8982267006	-1.08613983063e-05
40.212385966	-1.20697498141e-05
40.5265452313	-1.33743617667e-05
40.8407044967	-1.44907822449e-05
41.154863762	-1.58389295663e-05
41.4690230274	-1.7034313728e-05
41.7831822927	-1.81343024557e-05
42.0973415581	-1.89785254455e-05
42.4115008235	-1.94349314676e-05
42.7256600888	-1.91311303938e-05
43.0398193542	-1.80470280251e-05
43.3539786195	-1.62248818852e-05
43.6681378849	-1.40680492789e-05
43.9822971503	-1.1459609982e-05
44.2964564156	-8.70393624414e-06
44.610615681	-6.92406732633e-06
44.9247749463	-6.53426838121e-06
45.2389342117	-7.5697824809e-06
45.5530934771	-9.76984373007e-06
45.8672527424	-1.27716372466e-05
46.1814120078	-1.66767025518e-05
46.4955712731	-2.07898667206e-05
46.8097305385	-2.52880129369e-05
47.1238898039	-3.06232994467e-05
47.4380490692	-3.61379188624e-05
47.7522083346	-4.05634774179e-05
48.0663675999	-4.34043741867e-05
48.3805268653	-4.45690820814e-05
48.6946861306	-4.37669319317e-05
49.008845396	-4.12249422691e-05
49.3230046614	-3.76306602616e-05
49.6371639267	-3.36010736414e-05
49.9513231921	-2.99076933159e-05
50.2654824574	-2.72124888344e-05
50.5796417228	-2.61169976725e-05
50.8938009882	-2.64528003575e-05
51.2079602535	-2.73799935926e-05
51.5221195189	-2.83112271091e-05
51.8362787842	-2.9587507683e-05
52.1504380496	-3.15200355428e-05
52.464597315	-3.33129425586e-05
52.7787565803	-3.47497461806e-05
53.0929158457	-3.57166904594e-05
53.407075111	-3.65936022498e-05
53.7212343764	-3.70595816817e-05
54.0353936417	-3.72078491271e-05
54.3495529071	-3.69468593074e-05
54.6637121725	-3.63716045866e-05
54.9778714378	-3.57102815579e-05
55.2920307032	-3.47381353062e-05
55.6061899685	-3.32937668315e-05
55.9203492339	-3.23032506106e-05
56.2345084993	-3.18091147798e-05
56.5486677646	-3.13679951553e-05
56.86282703	-3.13541948937e-05
57.1769862953	-3.15762516252e-05
57.4911455607	-3.16292613278e-05
57.8053048261	-3.18508425329e-05
58.1194640914	-3.21296855518e-05
58.4336233568	-3.23716218454e-05
58.7477826221	-3.25182223455e-05
59.0619418875	-3.28818274996e-05
59.3761011529	-3.35368762145e-05
59.6902604182	-3.41443578292e-05
60.0044196836	-3.46599287782e-05
60.3185789489	-3.49300778268e-05
60.6327382143	-3.48037948034e-05
60.9468974796	-3.39821691914e-05
61.261056745	-3.2620422473e-05
61.5752160104	-3.14245516924e-05
61.8893752757	-3.01536174521e-05
62.2035345411	-2.92133013216e-05
62.5176938064	-2.87545177248e-05
62.8318530718	-2.84993227114e-05
63.1460123372	-2.80468648793e-05
63.4601716025	-2.74057967181e-05
63.7743308679	-2.70362127127e-05
64.0884901332	-2.69265977372e-05
64.4026493986	-2.66407360465e-05
64.716808664	-2.63215792861e-05
65.0309679293	-2.61838148691e-05
65.3451271947	-2.55063880165e-05
65.65928646	-2.43540090237e-05
65.9734457254	-2.27064569718e-05
66.2876049907	-1.99530322725e-05
66.6017642561	-1.65954045334e-05
66.9159235215	-1.3758013718e-05
67.2300827868	-1.28760620731e-05
67.5442420522	-1.49386089131e-05
67.8584013175	-2.05548170127e-05
68.1725605829	-2.93902263288e-05
68.4867198483	-3.9429300125e-05
68.8008791136	-4.91007069386e-05
69.115038379	-5.68204856373e-05
69.4291976443	-6.12924403624e-05
69.7433569097	-6.19356349134e-05
70.0575161751	-5.96200756283e-05
70.3716754404	-5.45317611508e-05
70.6858347058	-4.66428552166e-05
70.9999939711	-3.84904326876e-05
71.3141532365	-3.05827703905e-05
71.6283125019	-2.22014383641e-05
71.9424717672	-1.6375312582e-05
72.2566310326	-1.61850716867e-05
72.5707902979	-1.95710186398e-05
72.8849495633	-2.38987552179e-05
73.1991088286	-2.85022616523e-05
73.513268094	-3.30487980757e-05
73.8274273594	-3.80077503492e-05
74.1415866247	-4.21642382728e-05
74.4557458901	-4.48859735153e-05
74.7699051554	-4.58521772852e-05
75.0840644208	-4.52400074103e-05
75.3982236862	-4.38962892612e-05
75.7123829515	-4.11514154539e-05
76.0265422169	-3.78192356269e-05
76.3407014822	-3.46296830883e-05
76.6548607476	-3.18630926606e-05
76.969020013	-3.00860367172e-05
77.2831792783	-2.98804240935e-05
77.5973385437	-3.06234627723e-05
77.911497809	-3.12407160337e-05
78.2256570744	-3.16595997012e-05
78.5398163398	-3.1654115696e-05
78.8539756051	-3.1236970508e-05
79.1681348705	-3.01696449028e-05
79.4822941358	-2.90456572365e-05
79.7964534012	-2.81079437435e-05
80.1106126665	-2.73903583654e-05
80.4247719319	-2.79425393904e-05
80.7389311973	-2.90173101812e-05
81.0530904626	-3.03747351442e-05
81.367249728	-3.20084105607e-05
81.6814089933	-3.32146209133e-05
81.9955682587	-3.36934551866e-05
82.3097275241	-3.28268309586e-05
82.6238867894	-3.08715065389e-05
82.9380460548	-2.8109828273e-05
83.2522053201	-2.54410916611e-05
83.5663645855	-2.30182858585e-05
83.8805238509	-2.13541494043e-05
84.1946831162	-2.09321675225e-05
84.5088423816	-2.11964309928e-05
84.8230016469	-2.19221465328e-05
85.1371609123	-2.26473923231e-05
85.4513201776	-2.33924480406e-05
85.765479443	-2.33721081989e-05
86.0796387084	-2.29245063768e-05
86.3937979737	-2.25162938408e-05
86.7079572391	-2.16254519728e-05
87.0221165044	-2.01862486467e-05
87.3362757698	-1.79474499592e-05
87.6504350352	-1.57097153168e-05
87.9645943005	-1.49363570716e-05
88.2787535659	-1.72821965174e-05
88.5929128312	-2.38048580537e-05
88.9070720966	-3.44002965257e-05
89.221231362	-4.67616777176e-05
89.5353906273	-5.75177504732e-05
89.8495498927	-6.47135372931e-05
90.163709158	-6.74294969894e-05
90.4778684234	-6.63397783908e-05
90.7920276888	-6.24213024157e-05
91.1061869541	-5.59376238829e-05
91.4203462195	-4.53168940413e-05
91.7345054848	-3.36925845814e-05
92.0486647502	-2.39428838021e-05
92.3628240155	-1.23267740219e-05
92.6769832809	-3.52251634534e-06
92.9911425463	-1.81584005749e-06
93.3053018116	-4.0167979607e-06
93.619461077	-6.30836610631e-06
93.9336203423	-9.06146337246e-06
94.2477796077	-1.48613978545e-05
94.5619388731	-2.38258224064e-05
94.8760981384	-3.34619435685e-05
95.1902574038	-4.15947131868e-05
95.5044166691	-4.8029599131e-05
95.8185759345	-5.19577160262e-05
96.1327351999	-5.30223520591e-05
96.4468944652	-5.14739285514e-05
96.7610537306	-4.69591620342e-05
97.0752129959	-3.97763953689e-05
97.3893722613	-3.2582672433e-05
97.7035315266	-2.5598220192e-05
98.017690792	-1.77448928113e-05
98.3318500574	-1.3746514165e-05
98.6460093227	-1.51227003796e-05
98.9601685881	-1.87596714334e-05
99.2743278534	-2.2144472399e-05
99.5884871188	-2.48170475193e-05
99.9026463842	-2.83437893909e-05
100.21680565	-3.14135561151e-05
100.530964915	-3.24652915282e-05
100.84512418	-3.23258453314e-05
101.159283446	-3.15485394795e-05
101.473442711	-3.09102438199e-05
101.787601976	-3.11767193081e-05
102.101761242	-3.21187772126e-05
102.415920507	-3.33423478042e-05
102.730079772	-3.46791837456e-05
103.044239038	-3.48510868742e-05
103.358398303	-3.35990259153e-05
103.672557568	-3.13111146342e-05
103.986716834	-2.77807490145e-05
104.300876099	-2.36645578933e-05
104.615035365	-1.95581986692e-05
104.92919463	-1.55377592036e-05
105.243353895	-1.2001696481e-05
105.557513161	-9.85259383257e-06
105.871672426	-8.99044790048e-06
106.185831691	-9.79841860246e-06
106.499990957	-1.22191464298e-05
106.814150222	-1.57805138808e-05
107.128309487	-2.03015548439e-05
107.442468753	-2.45192116578e-05
107.756628018	-2.84949167176e-05
108.070787283	-3.22092304278e-05
108.384946549	-3.62679661847e-05
108.699105814	-4.24773192861e-05
109.01326508	-5.04814636127e-05
109.327424345	-5.86557240226e-05
109.64158361	-6.54029069257e-05
109.955742876	-6.91264842718e-05
110.269902141	-6.86049298807e-05
110.584061406	-6.45579217947e-05
110.898220672	-5.81051819932e-05
111.212379937	-4.91845151447e-05
111.526539202	-3.79130342465e-05
111.840698468	-2.5563926676e-05
112.154857733	-1.53585674459e-05
112.469016999	-5.59733490896e-06
112.783176264	8.33545411599e-07
113.097335529	2.40927389237e-07
113.411494795	-3.00932982869e-06
113.72565406	-4.2144279845e-06
114.039813325	-3.85396653662e-06
114.353972591	-7.06111999433e-06
114.668131856	-1.47233347262e-05
114.982291121	-2.41213061013e-05
115.296450387	-3.32809660794e-05
115.610609652	-4.14855108653e-05
115.924768917	-4.84523872531e-05
116.238928183	-5.28199270026e-05
116.553087448	-5.41945965216e-05
116.867246714	-5.22662445183e-05
117.181405979	-4.81929572834e-05
117.495565244	-4.22380333166e-05
117.80972451	-3.35709190728e-05
118.123883775	-2.43255585563e-05
118.43804304	-1.49279819901e-05
118.752202306	-6.04121207676e-06
119.066361571	-1.29287741867e-06
119.380520836	-3.64015662e-06
119.694680102	-8.8871285063e-06
120.008839367	-1.26055781151e-05
120.322998632	-1.59576442256e-05
120.637157898	-2.0719378728e-05
120.951317163	-2.68285283641e-05
121.265476429	-3.23819687372e-05
121.579635694	-3.64853508315e-05
121.893794959	-3.94235278246e-05
122.207954225	-4.09399246767e-05
122.52211349	-4.07910246138e-05
122.836272755	-3.87169468789e-05
123.150432021	-3.52937176257e-05
123.464591286	-3.09397526981e-05
123.778750551	-2.62118973007e-05
124.092909817	-2.05751504312e-05
124.407069082	-1.51102097286e-05
124.721228348	-1.13199508747e-05
125.035387613	-8.39483412945e-06
125.349546878	-5.85099103723e-06
125.663706144	-3.33774125022e-06
125.977865409	-2.45619140058e-06
126.292024674	-3.95692662396e-06
126.60618394	-8.15444466337e-06
126.920343205	-1.37301409806e-05
127.23450247	-1.80883394858e-05
127.548661736	-2.29019531078e-05
127.862821001	-2.98659208708e-05
128.176980266	-3.9677635587e-05
128.491139532	-5.1189844176e-05
128.805298797	-6.26406955714e-05
129.119458063	-7.19209789457e-05
129.433617328	-7.66717152267e-05
129.747776593	-7.62370014611e-05
130.061935859	-7.09687728432e-05
130.376095124	-6.25548386562e-05
130.690254389	-5.28650670549e-05
131.004413655	-4.2334437471e-05
131.31857292	-3.03649578585e-05
131.632732185	-2.04836649827e-05
131.946891451	-9.43136548781e-06
132.261050716	7.3461311805e-07
132.575209981	1.75436425331e-06
132.889369247	-4.13487506939e-06
133.203528512	-7.67112118369e-06
133.517687778	-6.51813340634e-06
133.831847043	-5.88594608172e-06
134.146006308	-8.94605708171e-06
134.460165574	-1.38125460763e-05
134.774324839	-1.87944451523e-05
135.088484104	-2.42413498392e-05
135.40264337	-3.14328738474e-05
135.716802635	-3.95224344873e-05
136.0309619	-4.64393281765e-05
136.345121166	-5.02000470306e-05
136.659280431	-4.95918602733e-05
136.973439697	-4.67181311378e-05
137.287598962	-4.25178901453e-05
137.601758227	-3.72144799937e-05
137.915917493	-2.99098805665e-05
138.230076758	-2.13780912591e-05
138.544236023	-1.35524038625e-05
138.858395289	-6.83429609785e-06
139.172554554	-2.03500935973e-06
139.486713819	-8.13406240634e-07
139.800873085	-3.24388411723e-06
140.11503235	-6.21196696201e-06
140.429191615	-7.3458902118e-06
140.743350881	-7.74077796619e-06
141.057510146	-1.0177243316e-05
141.371669412	-1.59874870279e-05
141.685828677	-2.32597327358e-05
141.999987942	-3.08065618492e-05
142.314147208	-3.7332302795e-05
142.628306473	-4.13696038921e-05
142.942465738	-4.20030678039e-05
143.256625004	-3.95843674045e-05
143.570784269	-3.57270202451e-05
143.884943534	-3.01201914089e-05
144.1991028	-2.36426702755e-05
144.513262065	-1.67228912838e-05
144.82742133	-1.14036528601e-05
145.141580596	-7.36592130897e-06
145.455739861	-5.18472180774e-06
145.769899127	-7.27182996005e-06
146.084058392	-1.37133115659e-05
146.398217657	-2.28317291997e-05
146.712376923	-3.07006009698e-05
147.026536188	-3.6705677143e-05
147.340695453	-4.18915139068e-05
147.654854719	-4.81284378738e-05
147.969013984	-5.57597247477e-05
148.283173249	-6.2552522543e-05
148.597332515	-6.7266204884e-05
148.91149178	-6.83399447065e-05
149.225651046	-6.64288005353e-05
149.539810311	-6.3287969818e-05
149.853969576	-5.85388430089e-05
150.168128842	-5.13532614526e-05
150.482288107	-4.16236629182e-05
150.796447372	-3.04982322525e-05
151.110606638	-1.93299532569e-05
151.424765903	-1.09053136186e-05
151.738925168	-2.28614233132e-06
152.053084434	3.0677346674e-06
152.367243699	1.25114184783e-06
152.681402964	-3.66352538014e-06
152.99556223	-5.25103998689e-06
153.309721495	-3.28209414655e-06
153.623880761	-3.58088789245e-06
153.938040026	-7.86538615117e-06
154.252199291	-1.32297755079e-05
154.566358557	-1.74912057397e-05
154.880517822	-2.2001933065e-05
155.194677087	-2.83633146058e-05
155.508836353	-3.55189741504e-05
155.822995618	-4.3062838165e-05
156.137154883	-4.8664126972e-05
156.451314149	-5.18641633912e-05
156.765473414	-5.14261177022e-05
157.079632679	-4.79894111105e-05
157.393791945	-4.24458606187e-05
157.70795121	-3.53600020839e-05
158.022110476	-2.67983079164e-05
158.336269741	-1.68791657034e-05
158.650429006	-9.06145410638e-06
158.964588272	-2.53679921276e-06
159.278747537	1.76926534609e-06
159.592906802	4.29092162621e-07
159.907066068	-3.72355601504e-06
160.221225333	-5.59644642662e-06
160.535384598	-4.25611130427e-06
160.849543864	-4.16185156144e-06
161.163703129	-7.78977532616e-06
161.477862395	-1.32834907944e-05
161.79202166	-1.76828779255e-05
162.106180925	-2.16369816592e-05
162.420340191	-2.73838594935e-05
162.734499456	-3.35876927708e-05
163.048658721	-3.85635692843e-05
163.362817987	-4.0606533759e-05
163.676977252	-4.00632987322e-05
163.991136517	-3.85346772429e-05
164.305295783	-3.55890503202e-05
164.619455048	-3.16722422718e-05
164.933614313	-2.63977821668e-05
165.247773579	-2.28396404777e-05
165.561932844	-2.10421469785e-05
165.87609211	-2.01652941171e-05
166.190251375	-2.2782189418e-05
166.50441064	-3.04056097681e-05
166.818569906	-4.00850683181e-05
167.132729171	-4.75894812758e-05
167.446888436	-5.38335079003e-05
167.761047702	-5.97810410193e-05
168.075206967	-6.47236324715e-05
168.389366232	-6.60181231239e-05
168.703525498	-6.36164034891e-05
169.017684763	-5.88747125664e-05
169.331844029	-5.25154999982e-05
169.646003294	-4.48602366005e-05
169.960162559	-3.48922156812e-05
170.274321825	-2.36588311466e-05
170.58848109	-1.47441701344e-05
170.902640355	-6.62414961412e-06
171.216799621	-4.57001348777e-07
171.530958886	4.46814475216e-07
171.845118151	-2.68247586041e-06
172.159277417	-3.89405422634e-06
172.473436682	-2.14616623214e-06
172.787595947	-1.86391144277e-06
173.101755213	-5.07135926167e-06
173.415914478	-9.40646952686e-06
173.730073744	-1.19495340559e-05
174.044233009	-1.39378567202e-05
174.358392274	-1.74763716199e-05
174.67255154	-2.34193910803e-05
174.986710805	-3.01982047944e-05
175.30087007	-3.71468932317e-05
175.615029336	-4.41205294613e-05
175.929188601	-5.01025110596e-05
176.243347866	-5.36666273543e-05
176.557507132	-5.35709590987e-05
176.871666397	-5.01443263908e-05
177.185825662	-4.40965853415e-05
177.499984928	-3.63968280216e-05
177.814144193	-2.70165220016e-05
178.128303459	-1.68831191204e-05
178.442462724	-9.62650407874e-06
178.756621989	-3.28919971645e-06
179.070781255	1.03726259205e-06
179.38494052	8.12327077327e-07
179.699099785	-1.6891781132e-06
180.013259051	-2.46774459406e-06
180.327418316	-1.70780851344e-06
180.641577581	-2.86787740923e-06
180.955736847	-6.41432127353e-06
181.269896112	-1.08988771258e-05
181.584055378	-1.39522295063e-05
181.898214643	-1.70309332217e-05
182.212373908	-2.09356227756e-05
182.526533174	-2.53859320286e-05
182.840692439	-2.99946442331e-05
183.154851704	-3.44191578203e-05
183.46901097	-3.8564273745e-05
183.783170235	-4.18053626927e-05
184.0973295	-4.40640831274e-05
184.411488766	-4.54210979026e-05
184.725648031	-4.61825771871e-05
185.039807296	-4.70982634854e-05
185.353966562	-4.74861440574e-05
185.668125827	-4.79705343019e-05
185.982285093	-4.85506684466e-05
186.296444358	-5.00856243279e-05
186.610603623	-5.24641454589e-05
186.924762889	-5.53020772605e-05
187.238922154	-5.76905234295e-05
187.553081419	-5.82662879289e-05
187.867240685	-5.66214736045e-05
188.18139995	-5.27903196105e-05
188.495559215	-4.75259915695e-05
188.809718481	-4.08022237062e-05
189.123877746	-3.22952354681e-05
189.438037011	-2.23306700261e-05
189.752196277	-1.34921847591e-05
190.066355542	-6.62421851389e-06
190.380514808	-1.64029435622e-06
190.694674073	-1.28532794713e-06
191.008833338	-4.19248194421e-06
191.322992604	-6.44712285737e-06
191.637151869	-5.93010426921e-06
191.951311134	-4.6923319e-06
192.2654704	-4.83842215956e-06
192.579629665	-6.28259180691e-06
192.89378893	-8.52688976874e-06
193.207948196	-1.12720015071e-05
193.522107461	-1.50739123947e-05
193.836266727	-1.96899163811e-05
194.150425992	-2.40551528544e-05
194.464585257	-2.84772412405e-05
194.778744523	-3.2913679895e-05
195.092903788	-3.78528217958e-05
195.407063053	-4.25728562589e-05
195.721222319	-4.64581612316e-05
196.035381584	-4.83932489682e-05
196.349540849	-4.74621912222e-05
196.663700115	-4.39224957583e-05
196.97785938	-3.80651978369e-05
197.292018645	-3.11001407102e-05
197.606177911	-2.29547490859e-05
197.920337176	-1.51777933121e-05
198.234496442	-9.44786579483e-06
198.548655707	-5.14334151678e-06
198.862814972	-2.45321339047e-06
199.176974238	-2.67705464778e-06
199.491133503	-5.06290735701e-06
199.805292768	-6.56449500052e-06
200.119452034	-7.52191742934e-06
200.433611299	-8.74131152931e-06
200.747770564	-1.03771516754e-05
201.06192983	-1.26387129061e-05
201.376089095	-1.47777139621e-05
201.69024836	-1.73672724998e-05
202.004407626	-2.00721322169e-05
202.318566891	-2.32915658113e-05
202.632726157	-2.66329994522e-05
202.946885422	-3.02150614537e-05
203.261044687	-3.42921056637e-05
203.575203953	-3.87909113718e-05
203.889363218	-4.44344345504e-05
204.203522483	-5.07421683765e-05
204.517681749	-5.74266617844e-05
204.831841014	-6.30904857431e-05
205.146000279	-6.69616963973e-05
205.460159545	-6.85228978066e-05
205.77431881	-6.78520720743e-05
206.088478076	-6.55887563048e-05
206.402637341	-6.18491181964e-05
206.716796606	-5.70555505252e-05
207.030955872	-5.13266197492e-05
207.345115137	-4.50039957115e-05
207.659274402	-3.85423882895e-05
207.973433668	-3.20873658401e-05
208.287592933	-2.56625912662e-05
208.601752198	-1.83744521673e-05
208.915911464	-1.13323651766e-05
209.230070729	-6.00902823177e-06
209.544229994	-3.42650162688e-06
209.85838926	-3.27702405741e-06
210.172548525	-4.72949369729e-06
210.486707791	-6.05962774943e-06
210.800867056	-6.24044406439e-06
211.115026321	-6.39888698325e-06
211.429185587	-6.73210821602e-06
211.743344852	-7.73549560551e-06
212.057504117	-8.82051494824e-06
212.371663383	-1.05489554908e-05
212.685822648	-1.31235183089e-05
212.999981913	-1.63055108602e-05
213.314141179	-2.01580683901e-05
213.628300444	-2.37918404271e-05
213.942459709	-2.75961433816e-05
214.256618975	-3.09106807464e-05
214.57077824	-3.43672398508e-05
214.884937506	-3.77136000411e-05
215.199096771	-4.08141859156e-05
215.513256036	-4.32728194878e-05
215.827415302	-4.39120717642e-05
216.141574567	-4.25227523494e-05
216.455733832	-3.86647890301e-05
216.769893098	-3.32399955346e-05
217.084052363	-2.68520148011e-05
217.398211628	-2.06637746088e-05
217.712370894	-1.56531238865e-05
218.026530159	-1.17815071327e-05
218.340689425	-9.14411092743e-06
218.65484869	-7.32419631624e-06
218.969007955	-6.92513710721e-06
219.283167221	-7.38650576531e-06
219.597326486	-8.14848237257e-06
219.911485751	-9.02783540639e-06
220.225645017	-1.02050974397e-05
220.539804282	-1.21690588724e-05
220.853963547	-1.44297229476e-05
221.168122813	-1.70876577597e-05
221.482282078	-2.0233972814e-05
221.796441343	-2.3974979616e-05
222.110600609	-2.81765504939e-05
222.424759874	-3.24299178392e-05
222.73891914	-3.70906524083e-05
223.053078405	-4.19522906217e-05
223.36723767	-4.73647867996e-05
223.681396936	-5.32141800979e-05
223.995556201	-5.94076227515e-05
224.309715466	-6.52720450781e-05
224.623874732	-6.90852941459e-05
224.938033997	-7.01666792244e-05
225.252193262	-6.7335597273e-05
225.566352528	-6.16834738888e-05
225.880511793	-5.42789350275e-05
226.194671058	-4.64553492998e-05
226.508830324	-3.85609863131e-05
226.822989589	-3.13145702972e-05
227.137148855	-2.52377935053e-05
227.45130812	-1.81480286733e-05
227.765467385	-1.23347068633e-05
228.079626651	-9.0329766076e-06
228.393785916	-7.63192453523e-06
228.707945181	-6.83142422904e-06
229.022104447	-6.55681827293e-06
229.336263712	-7.46508494764e-06
229.650422977	-8.58939795814e-06
229.964582243	-9.61472810096e-06
230.278741508	-9.96107850605e-06
230.592900774	-1.03610684705e-05
230.907060039	-1.07645703641e-05
231.221219304	-1.10921619597e-05
231.53537857	-1.16685611659e-05
231.849537835	-1.228782594e-05
232.1636971	-1.36408319749e-05
232.477856366	-1.56423807888e-05
232.792015631	-1.82304326569e-05
233.106174896	-2.11935333509e-05
233.420334162	-2.40223062125e-05
233.734493427	-2.66357377623e-05
234.048652692	-2.88745261362e-05
234.362811958	-3.10641818961e-05
234.676971223	-3.33610988784e-05
234.991130489	-3.58801633151e-05
235.305289754	-3.8102951369e-05
235.619449019	-3.94957078762e-05
235.933608285	-3.95174648847e-05
236.24776755	-3.7048217642e-05
236.561926815	-3.31039013852e-05
236.876086081	-2.79908534584e-05
237.190245346	-2.25835791698e-05
237.504404611	-1.80760626392e-05
237.818563877	-1.51135774245e-05
238.132723142	-1.32317974684e-05
238.446882407	-1.19671132815e-05
238.761041673	-1.13881949456e-05
239.075200938	-1.09970043254e-05
239.389360204	-1.09072559865e-05
239.703519469	-1.12813923744e-05
240.017678734	-1.28689795107e-05
240.331838	-1.56484438227e-05
240.645997265	-1.93959630028e-05
240.96015653	-2.39767240384e-05
241.274315796	-2.91058110169e-05
241.588475061	-3.47453871466e-05
241.902634326	-4.03661987455e-05
0.314159265359	-2.43962080443e-06
0.628318530718	-1.32749625503e-05
0.942477796077	-3.35989048771e-05
1.25663706144	-5.13651877844e-05
1.57079632679	-5.3406724521e-05
1.88495559215	-4.84552071608e-05
2.19911485751	-4.26234796719e-05
2.51327412287	-4.07728797428e-05
2.82743338823	-4.2685469552e-05
3.14159265359	-4.6840633955e-05
3.45575191895	-4.62861561442e-05
3.76991118431	-4.4009299986e-05
4.08407044967	-4.25323710059e-05
4.39822971503	-4.09943978223e-05
4.71238898039	-3.79883338118e-05
5.02654824574	-3.51678109179e-05
5.3407075111	-3.38065351297e-05
5.65486677646	-3.30665978883e-05
5.96902604182	-3.24563814224e-05
6.28318530718	-3.20090675832e-05
6.59734457254	-3.2084435104e-05
6.9115038379	-3.27946131587e-05
7.22566310326	-3.32157761523e-05
7.53982236862	-3.3184478405e-05
7.85398163398	-3.29000709137e-05
8.16814089933	-3.28471787805e-05
8.48230016469	-3.29796948405e-05
8.79645943005	-3.32500658808e-05
9.11061869541	-3.3422337149e-05
9.42477796077	-3.39109608443e-05
9.73893722613	-3.44834080736e-05
10.0530964915	-3.53219425331e-05
10.3672557568	-3.61696370814e-05
10.6814150222	-3.65458187612e-05
10.9955742876	-3.65052975846e-05
11.3097335529	-3.59722603654e-05
11.6238928183	-3.62829203109e-05
11.9380520836	-3.58921212709e-05
12.252211349	-3.49883144713e-05
12.5663706144	-3.41703739945e-05
12.8805298797	-3.32665911109e-05
13.1946891451	-3.22145262346e-05
13.5088484104	-3.14883187349e-05
13.8230076758	-3.12025734997e-05
14.1371669412	-3.18746064733e-05
14.4513262065	-3.37043267925e-05
14.7654854719	-3.57724735668e-05
15.0796447372	-3.77397675495e-05
15.3938040026	-3.89505070759e-05
15.707963268	-3.88218363351e-05
16.0221225333	-3.7442961707e-05
16.3362817987	-3.50526900906e-05
16.650441064	-3.25633040402e-05
16.9646003294	-3.05184468782e-05
17.2787595947	-2.9815837381e-05
17.5929188601	-3.03137499369e-05
17.9070781255	-3.14744999715e-05
18.2212373908	-3.30431751925e-05
18.5353966562	-3.42990656405e-05
18.8495559215	-3.52145644718e-05
19.1637151869	-3.54131697543e-05
19.4778744523	-3.46454333458e-05
19.7920337176	-3.29620784015e-05
20.106192983	-3.02905748497e-05
20.4203522483	-2.7707756764e-05
20.7345115137	-2.58618377674e-05
21.0486707791	-2.31789786114e-05
21.3628300444	-1.98347850638e-05
21.6769893098	-1.73942054029e-05
21.9911485751	-1.59268668659e-05
22.3053078405	-1.63623309407e-05
22.6194671058	-1.88495217131e-05
22.9336263712	-2.27164507852e-05
23.2477856366	-2.53440035838e-05
23.5619449019	-2.56233332046e-05
23.8761041673	-2.40703829894e-05
24.1902634326	-2.22324701677e-05
24.504422698	-1.99984832753e-05
24.8185819634	-1.77255710092e-05
25.1327412287	-1.68720700616e-05
25.4469004941	-1.88065256674e-05
25.7610597594	-2.26816857815e-05
26.0752190248	-2.66814383648e-05
26.3893782902	-2.96273516878e-05
26.7035375555	-3.16479728085e-05
27.0176968209	-3.18473174416e-05
27.3318560862	-3.00209715978e-05
27.6460153516	-2.75553831096e-05
27.960174617	-2.5719561262e-05
28.2743338823	-2.50373786543e-05
28.5884931477	-2.4230896805e-05
28.902652413	-2.2046470138e-05
29.2168116784	-1.9518290614e-05
29.5309709437	-1.74497136347e-05
29.8451302091	-1.5742800274e-05
30.1592894745	-1.45970846706e-05
30.4734487398	-1.40460348008e-05
30.7876080052	-1.42847066304e-05
31.1017672705	-1.48095707241e-05
31.4159265359	-1.54605043652e-05
31.7300858013	-1.61601802605e-05
32.0442450666	-1.69434231021e-05
32.358404332	-1.73236380039e-05
32.6725635973	-1.71697008776e-05
32.9867228627	-1.70960678902e-05
33.3008821281	-1.68311941493e-05
33.6150413934	-1.57388056512e-05
33.9292006588	-1.38374147215e-05
34.2433599241	-1.13212850528e-05
34.5575191895	-8.53539910521e-06
34.8716784548	-6.57492638559e-06
35.1858377202	-6.20683141584e-06
35.4999969856	-7.17576389075e-06
35.8141562509	-9.11730432092e-06
36.1283155163	-1.1589242915e-05
36.4424747816	-1.35066342024e-05
36.756634047	-1.45834879714e-05
37.0707933124	-1.52745488926e-05
37.3849525777	-1.63040760998e-05
37.6991118431	-1.60817398671e-05
38.0132711084	-1.49364173148e-05
38.3274303738	-1.38022675267e-05
38.6415896392	-1.24480740667e-05
38.9557489045	-1.10751862887e-05
39.2699081699	-1.01591072232e-05
39.5840674352	-1.0212329365e-05
39.8982267006	-1.08613983063e-05
40.212385966	-1.20697498141e-05
40.5265452313	-1.33743617667e-05
40.8407044967	-1.44907822449e-05
41.154863762	-1.58389295663e-05
41.4690230274	-1.7034313728e-05
41.7831822927	-1.81343024557e-05
42.0973415581	-1.89785254455e-05
42.4115008235	-1.94349314676e-05
42.7256600888	-1.91311303938e-05
43.0398193542	-1.80470280251e-05
43.3539786195	-1.62248818852e-05
43.6681378849	-1.40680492789e-05
43.9822971503	-1.1459609982e-05
44.2964564156	-8.70393624414e-06
44.610615681	-6.92406732633e-06
44.9247749463	-6.53426838121e-06
45.2389342117	-7.5697824809e-06
45.5530934771	-9.76984373007e-06
45.8672527424	-1.27716372466e-05
46.1814120078	-1.66767025518e-05
46.4955712731	-2.07898667206e-05
46.8097305385	-2.52880129369e-05
47.1238898039	-3.06232994467e-05
47.4380490692	-3.61379188624e-05
47.7522083346	-4.05634774179e-05
48.0663675999	-4.34043741867e-05
48.3805268653	-4.45690820814e-05
48.6946861306	-4.37669319317e-05
49.008845396	-4.12249422691e-05
49.3230046614	-3.76306602616e-05
49.6371639267	-3.36010736414e-05
49.9513231921	-2.99076933159e-05
50.2654824574	-2.72124888344e-05
50.5796417228	-2.61169976725e-05
50.8938009882	-2.64528003575e-05
51.2079602535	-2.73799935926e-05
51.5221195189	-2.83112271091e-05
51.8362787842	-2.9587507683e-05
52.1504380496	-3.15200355428e-05
52.464597315	-3.33129425586e-05
52.7787565803	-3.47497461806e-05
53.0929158457	-3.57166904594e-05
53.407075111	-3.65936022498e-05
53.7212343764	-3.70595816817e-05
54.0353936417	-3.72078491271e-05
54.3495529071	-3.69468593074e-05
54.6637121725	-3.63716045866e-05
54.9778714378	-3.57102815579e-05
55.2920307032	-3.47381353062e-05
55.6061899685	-3.32937668315e-05
55.9203492339	-3.23032506106e-05
56.2345084993	-3.18091147798e-05
56.5486677646	-3.13679951553e-05
56.86282703	-3.13541948937e-05
57.1769862953	-3.15762516252e-05
57.4911455607	-3.16292613278e-05
57.8053048261	-3.18508425329e-05
58.1194640914	-3.21296855518e-05
58.4336233568	-3.23716218454e-05
58.7477826221	-3.25182223455e-05
59.0619418875	-3.28818274996e-05
59.3761011529	-3.35368762145e-05
59.6902604182	-3.41443578292e-05
60.0044196836	-3.46599287782e-05
60.3185789489	-3.49300778268e-05
60.6327382143	-3.48037948034e-05
60.9468974796	-3.39821691914e-05
61.261056745	-3.2620422473e-05
61.5752160104	-3.14245516924e-05
61.8893752757	-3.01536174521e-05
62.2035345411	-2.92133013216e-05
62.5176938064	-2.87545177248e-05
62.8318530718	-2.84993227114e-05
63.1460123372	-2.80468648793e-05
63.4601716025	-2.74057967181e-05
63.7743308679	-2.70362127127e-05
64.0884901332	-2.69265977372e-05
64.4026493986	-2.66407360465e-05
64.716808664	-2.63215792861e-05
65.0309679293	-2.61838148691e-05
65.3451271947	-2.55063880165e-05
65.65928646	-2.43540090237e-05
65.9734457254	-2.27064569718e-05
66.2876049907	-1.99530322725e-05
66.6017642561	-1.65954045334e-05
66.9159235215	-1.3758013718e-05
67.2300827868	-1.28760620731e-05
67.5442420522	-1.49386089131e-05
67.8584013175	-2.05548170127e-05
68.1725605829	-2.93902263288e-05
68.4867198483	-3.9429300125e-05
68.8008791136	-4.91007069386e-05
69.115038379	-5.68204856373e-05
69.4291976443	-6.12924403624e-05
69.7433569097	-6.19356349134e-05
70.0575161751	-5.96200756283e-05
70.3716754404	-5.45317611508e-05
70.6858347058	-4.66428552166e-05
70.9999939711	-3.84904326876e-05
71.3141532365	-3.05827703905e-05
71.6283125019	-2.22014383641e-05
71.9424717672	-1.6375312582e-05
72.2566310326	-1.61850716867e-05
72.5707902979	-1.95710186398e-05
72.8849495633	-2.38987552179e-05
73.1991088286	-2.85022616523e-05
73.513268094	-3.30487980757e-05
73.8274273594	-3.80077503492e-05
74.1415866247	-4.21642382728e-05
74.4557458901	-4.48859735153e-05
74.7699051554	-4.58521772852e-05
75.0840644208	-4.52400074103e-05
75.3982236862	-4.38962892612e-05
75.7123829515	-4.11514154539e-05
76.0265422169	-3.78192356269e-05
76.3407014822	-3.46296830883e-05
76.6548607476	-3.18630926606e-05
76.969020013	-3.00860367172e-05
77.2831792783	-2.98804240935e-05
77.5973385437	-3.06234627723e-05
77.911497809	-3.12407160337e-05
78.2256570744	-3.16595997012e-05
78.5398163398	-3.1654115696e-05
78.8539756051	-3.1236970508e-05
79.1681348705	-3.01696449028e-05
79.4822941358	-2.90456572365e-05
79.7964534012	-2.81079437435e-05
80.1106126665	-2.73903583654e-05
80.4247719319	-2.79425393904e-05
80.7389311973	-2.90173101812e-05
81.0530904626	-3.03747351442e-05
81.367249728	-3.20084105607e-05
81.6814089933	-3.32146209133e-05
81.9955682587	-3.36934551866e-05
82.3097275241	-3.28268309586e-05
82.6238867894	-3.08715065389e-05
82.9380460548	-2.8109828273e-05
83.2522053201	-2.54410916611e-05
83.5663645855	-2.30182858585e-05
83.8805238509	-2.13541494043e-05
84.1946831162	-2.09321675225e-05
84.5088423816	-2.11964309928e-05
84.8230016469	-2.19221465328e-05
85.1371609123	-2.26473923231e-05
85.4513201776	-2.33924480406e-05
85.765479443	-2.33721081989e-05
86.0796387084	-2.29245063768e-05
86.3937979737	-2.25162938408e-05
86.7079572391	-2.16254519728e-05
87.0221165044	-2.01862486467e-05
87.3362757698	-1.79474499592e-05
87.6504350352	-1.57097153168e-05
87.9645943005	-1.49363570716e-05
88.2787535659	-1.72821965174e-05
88.5929128312	-2.38048580537e-05
88.9070720966	-3.44002965257e-05
89.221231362	-4.67616777176e-05
89.5353906273	-5.75177504732e-05
89.8495498927	-6.47135372931e-05
90.163709158	-6.74294969894e-05
90.4778684234	-6.63397783908e-05
90.7920276888	-6.24213024157e-05
91.1061869541	-5.59376238829e-05
91.4203462195	-4.53168940413e-05
91.7345054848	-3.36925845814e-05
92.0486647502	-2.39428838021e-05
92.3628240155	-1.23267740219e-05
92.6769832809	-3.52251634534e-06
92.9911425463	-1.81584005749e-06
93.3053018116	-4.0167979607e-06
93.619461077	-6.30836610631e-06
93.9336203423	-9.06146337246e-06
94.2477796077	-1.48613978545e-05
94.5619388731	-2.38258224064e-05
94.8760981384	-3.34619435685e-05
95.1902574038	-4.15947131868e-05
95.5044166691	-4.8029599131e-05
95.8185759345	-5.19577160262e-05
96.1327351999	-5.30223520591e-05
96.4468944652	-5.14739285514e-05
96.7610537306	-4.69591620342e-05
97.0752129959	-3.97763953689e-05
97.3893722613	-3.2582672433e-05
97.7035315266	-2.5598220192e-05
98.017690792	-1.77448928113e-05
98.3318500574	-1.3746514165e-05
98.6460093227	-1.51227003796e-05
98.9601685881	-1.87596714334e-05
99.2743278534	-2.2144472399e-05
99.5884871188	-2.48170475193e-05
99.9026463842	-2.83437893909e-05
100.21680565	-3.14135561151e-05
100.530964915	-3.24652915282e-05
100.84512418	-3.23258453314e-05
101.159283446	-3.15485394795e-05
101.473442711	-3.09102438199e-05
101.787601976	-3.11767193081e-05
102.101761242	-3.21187772126e-05
102.415920507	-3.33423478042e-05
102.730079772	-3.46791837456e-05
103.044239038	-3.48510868742e-05
103.358398303	-3.35990259153e-05
103.672557568	-3.13111146342e-05
103.986716834	-2.77807490145e-05
104.300876099	-2.36645578933e-05
104.615035365	-1.95581986692e-05
104.92919463	-1.55377592036e-05
105.243353895	-1.2001696481e-05
105.557513161	-9.85259383257e-06
105.871672426	-8.99044790048e-06
106.185831691	-9.79841860246e-06
106.499990957	-1.22191464298e-05
106.814150222	-1.57805138808e-05
107.128309487	-2.03015548439e-05
107.442468753	-2.45192116578e-05
107.756628018	-2.84949167176e-05
108.070787283	-3.22092304278e-05
108.384946549	-3.62679661847e-05
108.699105814	-4.24773192861e-05
109.01326508	-5.04814636127e-05
109.327424345	-5.86557240226e-05
109.64158361	-6.54029069257e-05
109.955742876	-6.91264842718e-05
110.269902141	-6.86049298807e-05
110.584061406	-6.45579217947e-05
110.898220672	-5.81051819932e-05
111.212379937	-4.91845151447e-05
111.526539202	-3.79130342465e-05
111.840698468	-2.5563926676e-05
112.154857733	-1.53585674459e-05
112.469016999	-5.59733490896e-06
112.783176264	8.33545411599e-07
113.097335529	2.40927389237e-07
113.411494795	-3.00932982869e-06
113.72565406	-4.2144279845e-06
114.039813325	-3.85396653662e-06
114.353972591	-7.06111999433e-06
114.668131856	-1.47233347262e-05
114.982291121	-2.41213061013e-05
115.296450387	-3.32809660794e-05
115.610609652	-4.14855108653e-05
115.924768917	-4.84523872531e-05
116.238928183	-5.28199270026e-05
116.553087448	-5.41945965216e-05
116.867246714	-5.22662445183e-05
117.181405979	-4.81929572834e-05
117.495565244	-4.22380333166e-05
117.80972451	-3.35709190728e-05
118.123883775	-2.43255585563e-05
118.43804304	-1.49279819901e-05
118.752202306	-6.04121207676e-06
119.066361571	-1.29287741867e-06
119.380520836	-3.64015662e-06
119.694680102	-8.8871285063e-06
120.008839367	-1.26055781151e-05
120.322998632	-1.59576442256e-05
120.637157898	-2.0719378728e-05
120.951317163	-2.68285283641e-05
121.265476429	-3.23819687372e-05
121.579635694	-3.64853508315e-05
121.893794959	-3.94235278246e-05
122.207954225	-4.09399246767e-05
122.52211349	-4.07910246138e-05
122.836272755	-3.87169468789e-05
123.150432021	-3.52937176257e-05
123.464591286	-3.09397526981e-05
123.778750551	-2.62118973007e-05
124.092909817	-2.05751504312e-05
124.407069082	-1.51102097286e-05
124.721228348	-1.13199508747e-05
125.035387613	-8.39483412945e-06
125.349546878	-5.85099103723e-06
125.663706144	-3.33774125022e-06
125.977865409	-2.45619140058e-06
126.292024674	-3.95692662396e-06
126.60618394	-8.15444466337e-06
126.920343205	-1.37301409806e-05
127.23450247	-1.80883394858e-05
127.548661736	-2.29019531078e-05
127.862821001	-2.98659208708e-05
128.176980266	-3.9677635587e-05
128.491139532	-5.1189844176e-05
128.805298797	-6.26406955714e-05
129.119458063	-7.19209789457e-05
129.433617328	-7.66717152267e-05
129.747776593	-7.62370014611e-05
130.061935859	-7.09687728432e-05
130.376095124	-6.25548386562e-05
130.690254389	-5.28650670549e-05
131.004413655	-4.2334437471e-05
131.31857292	-3.03649578585e-05
131.632732185	-2.04836649827e-05
131.946891451	-9.43136548781e-06
132.261050716	7.3461311805e-07
132.575209981	1.75436425331e-06
132.889369247	-4.13487506939e-06
133.203528512	-7.67112118369e-06
133.517687778	-6.51813340634e-06
133.831847043	-5.88594608172e-06
134.146006308	-8.94605708171e-06
134.460165574	-1.38125460763e-05
134.774324839	-1.87944451523e-05
135.088484104	-2.42413498392e-05
135.40264337	-3.14328738474e-05
135.716802635	-3.95224344873e-05
136.0309619	-4.64393281765e-05
136.345121166	-5.02000470306e-05
136.659280431	-4.95918602733e-05
136.973439697	-4.67181311378e-05
137.287598962	-4.25178901453e-05
137.601758227	-3.72144799937e-05
137.915917493	-2.99098805665e-05
138.230076758	-2.13780912591e-05
138.544236023	-1.35524038625e-05
138.858395289	-6.83429609785e-06
139.172554554	-2.03500935973e-06
139.486713819	-8.13406240634e-07
139.800873085	-3.24388411723e-06
140.11503235	-6.21196696201e-06
140.429191615	-7.3458902118e-06
140.743350881	-7.74077796619e-06
141.057510146	-1.0177243316e-05
141.371669412	-1.59874870279e-05
141.685828677	-2.32597327358e-05
141.999987942	-3.08065618492e-05
142.314147208	-3.7332302795e-05
142.628306473	-4.13696038921e-05
142.942465738	-4.20030678039e-05
143.256625004	-3.95843674045e-05
143.570784269	-3.57270202451e-05
143.884943534	-3.01201914089e-05
144.1991028	-2.36426702755e-05
144.513262065	-1.67228912838e-05
144.82742133	-1.14036528601e-05
145.141580596	-7.36592130897e-06
145.455739861	-5.18472180774e-06
145.769899127	-7.27182996005e-06
146.084058392	-1.37133115659e-05
146.398217657	-2.28317291997e-05
146.712376923	-3.07006009698e-05
147.026536188	-3.6705677143e-05
147.340695453	-4.18915139068e-05
147.654854719	-4.81284378738e-05
147.969013984	-5.57597247477e-05
148.283173249	-6.2552522543e-05
148.597332515	-6.7266204884e-05
148.91149178	-6.83399447065e-05
149.225651046	-6.64288005353e-05
149.539810311	-6.3287969818e-05
149.853969576	-5.85388430089e-05
150.168128842	-5.13532614526e-05
150.482288107	-4.16236629182e-05
150.796447372	-3.04982322525e-05
151.110606638	-1.93299532569e-05
151.424765903	-1.09053136186e-05
151.738925168	-2.28614233132e-06
152.053084434	3.0677346674e-06
152.367243699	1.25114184783e-06
152.681402964	-3.66352538014e-06
152.99556223	-5.25103998689e-06
153.309721495	-3.28209414655e-06
153.623880761	-3.58088789245e-06
153.938040026	-7.86538615117e-06
154.252199291	-1.32297755079e-05
154.566358557	-1.74912057397e-05
154.880517822	-2.2001933065e-05
155.194677087	-2.83633146058e-05
155.508836353	-3.55189741504e-05
155.822995618	-4.3062838165e-05
156.137154883	-4.8664126972e-05
156.451314149	-5.18641633912e-05
156.765473414	-5.14261177022e-05
157.079632679	-4.79894111105e-05
157.393791945	-4.24458606187e-05
157.70795121	-3.53600020839e-05
158.022110476	-2.67983079164e-05
158.336269741	-1.68791657034e-05
158.650429006	-9.06145410638e-06
158.964588272	-2.53679921276e-06
159.278747537	1.76926534609e-06
159.592906802	4.29092162621e-07
159.907066068	-3.72355601504e-06
160.221225333	-5.59644642662e-06
160.535384598	-4.25611130427e-06
160.849543864	-4.16185156144e-06
161.163703129	-7.78977532616e-06
161.477862395	-1.32834907944e-05
161.79202166	-1.76828779255e-05
162.106180925	-2.16369816592e-05
162.420340191	-2.73838594935e-05
162.734499456	-3.35876927708e-05
163.048658721	-3.85635692843e-05
163.362817987	-4.0606533759e-05
163.676977252	-4.00632987322e-05
163.991136517	-3.85346772429e-05
164.305295783	-3.55890503202e-05
164.619455048	-3.16722422718e-05
164.933614313	-2.63977821668e-05
165.247773579	-2.28396404777e-05
165.561932844	-2.10421469785e-05
165.87609211	-2.01652941171e-05
166.190251375	-2.2782189418e-05
166.50441064	-3.04056097681e-05
166.818569906	-4.00850683181e-05
167.132729171	-4.75894812758e-05
167.446888436	-5.38335079003e-05
167.761047702	-5.97810410193e-05
168.075206967	-6.47236324715e-05
168.389366232	-6.60181231239e-05
168.703525498	-6.36164034891e-05
169.017684763	-5.88747125664e-05
169.331844029	-5.25154999982e-05
169.646003294	-4.48602366005e-05
169.960162559	-3.48922156812e-05
170.274321825	-2.36588311466e-05
170.58848109	-1.47441701344e-05
170.902640355	-6.62414961412e-06
171.216799621	-4.57001348777e-07
171.530958886	4.46814475216e-07
171.845118151	-2.68247586041e-06
172.159277417	-3.89405422634e-06
172.473436682	-2.14616623214e-06
172.787595947	-1.86391144277e-06
173.101755213	-5.07135926167e-06
173.415914478	-9.40646952686e-06
173.730073744	-1.19495340559e-05
174.044233009	-1.39378567202e-05
174.358392274	-1.74763716199e-05
174.67255154	-2.34193910803e-05
174.986710805	-3.01982047944e-05
175.30087007	-3.71468932317e-05
175.615029336	-4.41205294613e-05
175.929188601	-5.01025110596e-05
176.243347866	-5.36666273543e-05
176.557507132	-5.35709590987e-05
176.871666397	-5.01443263908e-05
177.185825662	-4.40965853415e-05
177.499984928	-3.63968280216e-05
177.814144193	-2.70165220016e-05
178.128303459	-1.68831191204e-05
178.442462724	-9.62650407874e-06
178.756621989	-3.28919971645e-06
179.070781255	1.03726259205e-06
179.38494052	8.12327077327e-07
179.699099785	-1.6891781132e-06
180.013259051	-2.46774459406e-06
180.327418316	-1.70780851344e-06
180.641577581	-2.86787740923e-06
180.955736847	-6.41432127353e-06
181.269896112	-1.08988771258e-05
181.584055378	-1.39522295063e-05
181.898214643	-1.70309332217e-05
182.212373908	-2.09356227756e-05
182.526533174	-2.53859320286e-05
182.840692439	-2.99946442331e-05
183.154851704	-3.44191578203e-05
183.46901097	-3.8564273745e-05
183.783170235	-4.18053626927e-05
184.0973295	-4.40640831274e-05
184.411488766	-4.54210979026e-05
184.725648031	-4.61825771871e-05
185.039807296	-4.70982634854e-05
185.353966562	-4.74861440574e-05
185.668125827	-4.79705343019e-05
185.982285093	-4.85506684466e-05
186.296444358	-5.00856243279e-05
186.610603623	-5.24641454589e-05
186.924762889	-5.53020772605e-05
187.238922154	-5.76905234295e-05
187.553081419	-5.82662879289e-05
187.867240685	-5.66214736045e-05
188.18139995	-5.27903196105e-05
188.495559215	-4.75259915695e-05
188.809718481	-4.08022237062e-05
189.123877746	-3.22952354681e-05
189.438037011	-2.23306700261e-05
189.752196277	-1.34921847591e-05
190.066355542	-6.62421851389e-06
190.380514808	-1.64029435622e-06
190.694674073	-1.28532794713e-06
191.008833338	-4.19248194421e-06
191.322992604	-6.44712285737e-06
191.637151869	-5.93010426921e-06
191.951311134	-4.6923319e-06
192.2654704	-4.83842215956e-06
192.579629665	-6.28259180691e-06
192.89378893	-8.52688976874e-06
193.207948196	-1.12720015071e-05
193.522107461	-1.50739123947e-05
193.836266727	-1.96899163811e-05
194.150425992	-2.40551528544e-05
194.464585257	-2.84772412405e-05
194.778744523	-3.2913679895e-05
195.092903788	-3.78528217958e-05
195.407063053	-4.25728562589e-05
195.721222319	-4.64581612316e-05
196.035381584	-4.83932489682e-05
196.349540849	-4.74621912222e-05
196.663700115	-4.39224957583e-05
196.97785938	-3.80651978369e-05
197.292018645	-3.11001407102e-05
197.606177911	-2.29547490859e-05
197.920337176	-1.51777933121e-05
198.234496442	-9.44786579483e-06
198.548655707	-5.14334151678e-06
198.862814972	-2.45321339047e-06
199.176974238	-2.67705464778e-06
199.491133503	-5.06290735701e-06
199.805292768	-6.56449500052e-06
200.119452034	-7.52191742934e-06
200.433611299	-8.74131152931e-06
200.747770564	-1.03771516754e-05
201.06192983	-1.26387129061e-05
201.376089095	-1.47777139621e-05
201.69024836	-1.73672724998e-05
202.004407626	-2.00721322169e-05
202.318566891	-2.32915658113e-05
202.632726157	-2.66329994522e-05
202.946885422	-3.02150614537e-05
203.261044687	-3.42921056637e-05
203.575203953	-3.87909113718e-05
203.889363218	-4.44344345504e-05
204.203522483	-5.07421683765e-05
204.517681749	-5.74266617844e-05
204.831841014	-6.30904857431e-05
205.146000279	-6.69616963973e-05
205.460159545	-6.85228978066e-05
205.77431881	-6.78520720743e-05
206.088478076	-6.55887563048e-05
206.402637341	-6.18491181964e-05
206.716796606	-5.70555505252e-05
207.030955872	-5.13266197492e-05
207.345115137	-4.50039957115e-05
207.659274402	-3.85423882895e-05
207.973433668	-3.20873658401e-05
208.287592933	-2.56625912662e-05
208.601752198	-1.83744521673e-05
208.915911464	-1.13323651766e-05
209.230070729	-6.00902823177e-06
209.544229994	-3.42650162688e-06
209.85838926	-3.27702405741e-06
210.172548525	-4.72949369729e-06
210.486707791	-6.05962774943e-06
210.800867056	-6.24044406439e-06
211.115026321	-6.39888698325e-06
211.429185587	-6.73210821602e-06
211.743344852	-7.73549560551e-06
212.057504117	-8.82051494824e-06
212.371663383	-1.05489554908e-05
212.685822648	-1.31235183089e-05
212.999981913	-1.63055108602e-05
213.314141179	-2.01580683901e-05
213.628300444	-2.37918404271e-05
213.942459709	-2.75961433816e-05
214.256618975	-3.09106807464e-05
214.57077824	-3.43672398508e-05
214.884937506	-3.77136000411e-05
215.199096771	-4.08141859156e-05
215.513256036	-4.32728194878e-05
215.827415302	-4.39120717642e-05
216.141574567	-4.25227523494e-05
216.455733832	-3.86647890301e-05
216.769893098	-3.32399955346e-05
217.084052363	-2.68520148011e-05
217.398211628	-2.06637746088e-05
217.712370894	-1.56531238865e-05
218.026530159	-1.17815071327e-05
218.340689425	-9.14411092743e-06
218.65484869	-7.32419631624e-06
218.969007955	-6.92513710721e-06
219.283167221	-7.38650576531e-06
219.597326486	-8.14848237257e-06
219.911485751	-9.02783540639e-06
220.225645017	-1.02050974397e-05
220.539804282	-1.21690588724e-05
220.853963547	-1.44297229476e-05
221.168122813	-1.70876577597e-05
221.482282078	-2.0233972814e-05
221.796441343	-2.3974979616e-05
222.110600609	-2.81765504939e-05
222.424759874	-3.24299178392e-05
222.73891914	-3.70906524083e-05
223.053078405	-4.19522906217e-05
223.36723767	-4.73647867996e-05
223.681396936	-5.32141800979e-05
223.995556201	-5.94076227515e-05
224.309715466	-6.52720450781e-05
224.623874732	-6.90852941459e-05
224.938033997	-7.01666792244e-05
225.252193262	-6.7335597273e-05
225.566352528	-6.16834738888e-05
225.880511793	-5.42789350275e-05
226.194671058	-4.64553492998e-05
226.508830324	-3.85609863131e-05
226.822989589	-3.13145702972e-05
227.137148855	-2.52377935053e-05
227.45130812	-1.81480286733e-05
227.765467385	-1.23347068633e-05
228.079626651	-9.0329766076e-06
228.393785916	-7.63192453523e-06
228.707945181	-6.83142422904e-06
229.022104447	-6.55681827293e-06
229.336263712	-7.46508494764e-06
229.650422977	-8.58939795814e-06
229.964582243	-9.61472810096e-06
230.278741508	-9.96107850605e-06
230.592900774	-1.03610684705e-05
230.907060039	-1.07645703641e-05
231.221219304	-1.10921619597e-05
231.53537857	-1.16685611659e-05
231.849537835	-1.228782594e-05
232.1636971	-1.36408319749e-05
232.477856366	-1.56423807888e-05
232.792015631	-1.82304326569e-05
233.106174896	-2.11935333509e-05
233.420334162	-2.40223062125e-05
233.734493427	-2.66357377623e-05
234.048652692	-2.88745261362e-05
234.362811958	-3.10641818961e-05
234.676971223	-3.33610988784e-05
234.991130489	-3.58801633151e-05
235.305289754	-3.8102951369e-05
235.619449019	-3.94957078762e-05
235.933608285	-3.95174648847e-05
236.24776755	-3.7048217642e-05
236.561926815	-3.31039013852e-05
236.876086081	-2.79908534584e-05
237.190245346	-2.25835791698e-05
237.504404611	-1.80760626392e-05
237.818563877	-1.51135774245e-05
238.132723142	-1.32317974684e-05
238.446882407	-1.19671132815e-05
238.761041673	-1.13881949456e-05
239.075200938	-1.09970043254e-05
239.389360204	-1.09072559865e-05
239.703519469	-1.12813923744e-05
240.017678734	-1.28689795107e-05
240.331838	-1.56484438227e-05
240.645997265	-1.93959630028e-05
240.96015653	-2.39767240384e-05
241.274315796	-2.91058110169e-05
241.588475061	-3.47453871466e-05
241.902634326	-4.03661987455e-05
242.216793592	-4.57774927135e-05
242.530952857	-5.06618455905e-05
242.845112123	-5.52165181741e-05
243.159271388	-5.91950663907e-05
243.473430653	-6.25481254338e-05
243.787589919	-6.48348636272e-05
244.101749184	-6.46690789961e-05
244.415908449	-6.2027053952e-05
244.730067715	-5.71138124659e-05
245.04422698	-5.07679775954e-05
245.358386245	-4.33535223659e-05
245.672545511	-3.48701802226e-05
245.986704776	-2.67671250183e-05
246.300864041	-2.04328882338e-05
246.615023307	-1.44895035484e-05
246.929182572	-9.80783462677e-06
247.243341838	-8.17529208627e-06
247.557501103	-8.46852157208e-06
247.871660368	-8.33258070501e-06
248.185819634	-8.22285965784e-06
248.499978899	-9.09456707815e-06
248.814138164	-1.10446943379e-05
249.12829743	-1.30624745591e-05
249.442456695	-1.41975853616e-05
249.75661596	-1.49471180301e-05
250.070775226	-1.54122183784e-05
250.384934491	-1.57403779072e-05
250.699093756	-1.56614266983e-05
251.013253022	-1.53352012557e-05
251.327412287	-1.49093965123e-05
251.641571553	-1.47133516801e-05
251.955730818	-1.49384677417e-05
252.269890083	-1.58825898677e-05
252.584049349	-1.75238303984e-05
252.898208614	-1.93850231312e-05
253.212367879	-2.15901304176e-05
253.526527145	-2.33848133297e-05
253.84068641	-2.56102438223e-05
254.154845675	-2.83288106599e-05
254.469004941	-3.1039505201e-05
254.783164206	-3.38938142879e-05
255.097323472	-3.63222928012e-05
255.411482737	-3.80451001226e-05
255.725642002	-3.83503657353e-05
256.039801268	-3.76679084622e-05
256.353960533	-3.59948779328e-05
256.668119798	-3.32179573791e-05
256.982279064	-3.00420361871e-05
257.296438329	-2.63911806046e-05
257.610597594	-2.29234263226e-05
257.92475686	-1.97569544884e-05
258.238916125	-1.71786392333e-05
258.55307539	-1.53172640247e-05
258.867234656	-1.44139109787e-05
259.181393921	-1.45986952727e-05
259.495553187	-1.56924252854e-05
259.809712452	-1.81167854469e-05
260.123871717	-2.16946472885e-05
260.438030983	-2.66533546097e-05
260.752190248	-3.23254936644e-05
261.066349513	-3.82652984849e-05
261.380508779	-4.39855128666e-05
261.694668044	-4.87135189172e-05
262.008827309	-5.29842005249e-05
262.322986575	-5.63142001855e-05
262.63714584	-5.90343078094e-05
262.951305105	-6.04403433195e-05
263.265464371	-5.9916468662e-05
263.579623636	-5.69459890326e-05
263.893782902	-5.14735111598e-05
264.207942167	-4.51625374477e-05
264.522101432	-3.81932634759e-05
264.836260698	-3.05395457448e-05
265.150419963	-2.25791755963e-05
265.464579228	-1.67774327187e-05
265.778738494	-1.19175491239e-05
266.092897759	-8.39391996078e-06
266.407057024	-8.45646151988e-06
266.72121629	-1.01304004833e-05
267.035375555	-1.12693292401e-05
267.349534821	-1.11069043914e-05
267.663694086	-1.11769942467e-05
267.977853351	-1.23009788657e-05
268.292012617	-1.3611691493e-05
268.606171882	-1.4926120142e-05
268.920331147	-1.57111030825e-05
269.234490413	-1.64649672549e-05
269.548649678	-1.70404940141e-05
269.862808943	-1.7331778039e-05
270.176968209	-1.71861995851e-05
270.491127474	-1.69121149423e-05
270.805286739	-1.66943751046e-05
271.119446005	-1.62537552911e-05
271.43360527	-1.63926483497e-05
271.747764536	-1.65704074562e-05
272.061923801	-1.73411356299e-05
272.376083066	-1.8932670008e-05
272.690242332	-2.05961893819e-05
273.004401597	-2.25541604527e-05
273.318560862	-2.47089989981e-05
273.632720128	-2.70567985802e-05
273.946879393	-2.91207298907e-05
274.261038658	-3.11539449031e-05
274.575197924	-3.30671541039e-05
274.889357189	-3.49714670195e-05
275.203516454	-3.66821691571e-05
275.51767572	-3.78770043622e-05
275.831834985	-3.87688248973e-05
276.145994251	-3.8319115716e-05
276.460153516	-3.68454152962e-05
276.774312781	-3.40292095818e-05
277.088472047	-3.02363544317e-05
277.402631312	-2.64775697511e-05
277.716790577	-2.30146741938e-05
278.030949843	-2.06313600377e-05
278.345109108	-1.92243829808e-05
278.659268373	-1.91007080734e-05
278.973427639	-1.9958261327e-05
279.287586904	-2.21816066296e-05
279.60174617	-2.54932257271e-05
279.915905435	-2.9519259292e-05
280.2300647	-3.4443689942e-05
280.544223966	-3.90866201445e-05
280.858383231	-4.34848930775e-05
281.172542496	-4.73660098978e-05
281.486701762	-5.1172071249e-05
281.800861027	-5.43355394024e-05
282.115020292	-5.57134604875e-05
282.429179558	-5.50176683682e-05
282.743338823	-5.16551611246e-05
283.057498088	-4.64656299822e-05
283.371657354	-4.00014435269e-05
283.685816619	-3.37492356345e-05
283.999975885	-2.69682131179e-05
284.31413515	-1.94360393999e-05
284.628294415	-1.38782523228e-05
284.942453681	-9.58484383537e-06
285.256612946	-7.52750731709e-06
285.570772211	-8.96366381275e-06
285.884931477	-1.2507590379e-05
286.199090742	-1.47123671112e-05
286.513250007	-1.49703830179e-05
286.827409273	-1.46888855647e-05
287.141568538	-1.4625144204e-05
287.455727803	-1.50985239227e-05
287.769887069	-1.51741791249e-05
288.084046334	-1.52578106473e-05
288.3982056	-1.54578756967e-05
288.712364865	-1.59240347062e-05
289.02652413	-1.63544693405e-05
289.340683396	-1.65143596606e-05
289.654842661	-1.67950027376e-05
289.969001926	-1.67358862143e-05
290.283161192	-1.70660782856e-05
290.597320457	-1.75730899397e-05
290.911479722	-1.83286446163e-05
291.225638988	-1.88509707437e-05
291.539798253	-1.92359262475e-05
291.853957519	-1.99760537516e-05
292.168116784	-2.07333373795e-05
292.482276049	-2.21868616421e-05
292.796435315	-2.39211759343e-05
293.11059458	-2.59792171128e-05
293.424753845	-2.78122006888e-05
293.738913111	-2.90608075272e-05
294.053072376	-3.01789925538e-05
294.367231641	-3.11018714313e-05
294.681390907	-3.2376111426e-05
294.995550172	-3.36391385699e-05
295.309709437	-3.50561000302e-05
295.623868703	-3.6083236425e-05
295.938027968	-3.65566693993e-05
296.252187234	-3.65791686689e-05
296.566346499	-3.56732126298e-05
296.880505764	-3.44056713781e-05
297.19466503	-3.26063106047e-05
297.508824295	-3.08359318348e-05
297.82298356	-2.90191060163e-05
298.137142826	-2.75140385469e-05
298.451302091	-2.66479602977e-05
298.765461356	-2.6466623751e-05
299.079620622	-2.77377975078e-05
299.393779887	-2.99302277511e-05
299.707939152	-3.32729694396e-05
300.022098418	-3.72153129446e-05
300.336257683	-4.10831942078e-05
300.650416949	-4.47081496034e-05
300.964576214	-4.80932254257e-05
301.278735479	-5.05849164691e-05
301.592894745	-5.06785154963e-05
301.90705401	-4.86965333315e-05
302.221213275	-4.44905909382e-05
302.535372541	-3.90742573216e-05
302.849531806	-3.32604862391e-05
303.163691071	-2.66205511193e-05
303.477850337	-1.95432462119e-05
303.792009602	-1.38007038624e-05
304.106168868	-1.01372088548e-05
304.420328133	-8.17654156898e-06
304.734487398	-9.65266734198e-06
305.048646664	-1.32337187806e-05
305.362805929	-1.57138826567e-05
305.676965194	-1.64812636235e-05
305.99112446	-1.62092457603e-05
306.305283725	-1.64098511393e-05
306.61944299	-1.6473530419e-05
306.933602256	-1.61655642207e-05
307.247761521	-1.57384509526e-05
307.561920786	-1.53745310514e-05
307.876080052	-1.55450528641e-05
308.190239317	-1.5878910857e-05
308.504398583	-1.650361043e-05
308.818557848	-1.70813647518e-05
309.132717113	-1.82107010666e-05
309.446876379	-1.93009257974e-05
309.761035644	-2.00120671096e-05
310.075194909	-2.07601803131e-05
310.389354175	-2.12924052645e-05
310.70351344	-2.16956527744e-05
311.017672705	-2.17935398084e-05
311.331831971	-2.2253086253e-05
311.645991236	-2.28689274408e-05
311.960150501	-2.34909005164e-05
312.274309767	-2.42664186662e-05
312.588469032	-2.5111483664e-05
312.902628298	-2.6089448364e-05
313.216787563	-2.68157032163e-05
313.530946828	-2.77049355675e-05
313.845106094	-2.85199819499e-05
314.159265359	-2.92951064385e-05
314.473424624	-3.02874492767e-05
314.78758389	-3.1425436751e-05
315.101743155	-3.29235004675e-05
315.41590242	-3.44939445184e-05
315.730061686	-3.64347960619e-05
316.044220951	-3.81657127696e-05
316.358380217	-3.94332124241e-05
316.672539482	-4.01521293205e-05
316.986698747	-3.97387595393e-05
317.300858013	-3.84855737544e-05
317.615017278	-3.62827408355e-05
317.929176543	-3.39103743442e-05
318.243335809	-3.20285131314e-05
318.557495074	-3.07702541502e-05
318.871654339	-3.01007418446e-05
319.185813605	-3.02969793921e-05
319.49997287	-3.19560378039e-05
319.814132135	-3.44678829805e-05
320.128291401	-3.8144830052e-05
320.442450666	-4.19337894234e-05
320.756609932	-4.45017684857e-05
321.070769197	-4.51229242629e-05
321.384928462	-4.31430149459e-05
321.699087728	-3.92227405033e-05
322.013246993	-3.41243793994e-05
322.327406258	-2.85230927099e-05
322.641565524	-2.19598661694e-05
322.955724789	-1.60076528235e-05
323.269884054	-1.22460852115e-05
323.58404332	-9.80720057029e-06
323.898202585	-1.01093030176e-05
324.21236185	-1.28169847722e-05
324.526521116	-1.56869011627e-05
324.840680381	-1.64911284594e-05
325.154839647	-1.60971765653e-05
325.468998912	-1.59159274177e-05
325.783158177	-1.61710295265e-05
326.097317443	-1.64257825777e-05
326.411476708	-1.62863491438e-05
326.725635973	-1.62492223261e-05
327.039795239	-1.64515104354e-05
327.353954504	-1.70473412095e-05
327.668113769	-1.79518147007e-05
327.982273035	-1.87400991816e-05
328.2964323	-1.94459960112e-05
328.610591566	-2.02968454151e-05
328.924750831	-2.11387225587e-05
329.238910096	-2.18203337946e-05
329.553069362	-2.25762305649e-05
329.867228627	-2.32186989268e-05
330.181387892	-2.34003424329e-05
330.495547158	-2.35361803803e-05
330.809706423	-2.34852405521e-05
331.123865688	-2.35345364119e-05
331.438024954	-2.36025736934e-05
331.752184219	-2.39075260054e-05
332.066343484	-2.42958191947e-05
332.38050275	-2.46431879784e-05
332.694662015	-2.52984320987e-05
333.008821281	-2.59682602809e-05
333.322980546	-2.69795200596e-05
333.637139811	-2.79121102869e-05
333.951299077	-2.92226143077e-05
334.265458342	-3.06157542014e-05
334.579617607	-3.21087023484e-05
334.893776873	-3.38784560535e-05
335.207936138	-3.56838176552e-05
335.522095403	-3.77272754127e-05
335.836254669	-3.93538020699e-05
336.150413934	-4.06499655491e-05
336.464573199	-4.11833094582e-05
336.778732465	-4.10498991131e-05
337.09289173	-4.0036840589e-05
337.407050996	-3.78605659054e-05
337.721210261	-3.57929015444e-05
338.035369526	-3.3409217797e-05
338.349528792	-3.13677671589e-05
338.663688057	-2.99925634465e-05
338.977847322	-2.99252710316e-05
339.292006588	-3.12700193389e-05
339.606165853	-3.34030835213e-05
339.920325118	-3.62469348447e-05
340.234484384	-3.83912015259e-05
340.548643649	-3.93040216625e-05
340.862802915	-3.80298027423e-05
341.17696218	-3.48353439337e-05
341.491121445	-3.03790159847e-05
341.805280711	-2.496652309e-05
342.119439976	-1.93451472325e-05
342.433599241	-1.45340865466e-05
342.747758507	-1.19539229464e-05
343.061917772	-1.05382983679e-05
343.376077037	-1.10615331383e-05
343.690236303	-1.29683721552e-05
344.004395568	-1.44737264935e-05
344.318554833	-1.51020191362e-05
344.632714099	-1.49891632965e-05
344.946873364	-1.5425244673e-05
345.26103263	-1.60191375281e-05
345.575191895	-1.66609218795e-05
345.88935116	-1.73112282242e-05
346.203510426	-1.80903639439e-05
346.517669691	-1.90417929754e-05
346.831828956	-1.94977014832e-05
347.145988222	-2.02205956576e-05
347.460147487	-2.0472131476e-05
347.774306752	-2.0731949443e-05
348.088466018	-2.11534245812e-05
348.402625283	-2.16202962839e-05
348.716784548	-2.20788579128e-05
349.030943814	-2.21066615111e-05
349.345103079	-2.24135614324e-05
349.659262345	-2.23511407312e-05
349.97342161	-2.25484573876e-05
350.287580875	-2.27734937884e-05
350.601740141	-2.31762594522e-05
350.915899406	-2.37447840712e-05
351.230058671	-2.4085154313e-05
351.544217937	-2.46026343834e-05
351.858377202	-2.4869476305e-05
352.172536467	-2.5360723083e-05
352.486695733	-2.58219046228e-05
352.800854998	-2.65680425936e-05
353.115014264	-2.7635247569e-05
353.429173529	-2.88328127305e-05
353.743332794	-3.04356620355e-05
354.05749206	-3.18407351529e-05
354.371651325	-3.34525049337e-05
354.68581059	-3.49065882217e-05
354.999969856	-3.63865546465e-05
355.314129121	-3.7987765068e-05
355.628288386	-3.91496213119e-05
355.942447652	-3.9849214919e-05
356.256606917	-3.98656404962e-05
356.570766182	-3.95558229479e-05
356.884925448	-3.8387926548e-05
357.199084713	-3.699799601e-05
357.513243979	-3.54809608227e-05
357.827403244	-3.3715913296e-05
358.141562509	-3.22178673765e-05
358.455721775	-3.08330824067e-05
358.76988104	-3.04516318058e-05
359.084040305	-3.06589940484e-05
359.398199571	-3.16246516843e-05
359.712358836	-3.25999445954e-05
360.026518101	-3.2948800467e-05
360.340677367	-3.23416263576e-05
360.654836632	-2.99674571356e-05
360.968995897	-2.67114461548e-05
361.283155163	-2.26321311272e-05
361.597314428	-1.8637560475e-05
361.911473694	-1.53520758696e-05
362.225632959	-1.31331844409e-05
362.539792224	-1.20841117418e-05
362.85395149	-1.182415152e-05
363.168110755	-1.24333707257e-05
363.48227002	-1.29936428135e-05
363.796429286	-1.36200751806e-05
364.110588551	-1.40817612067e-05
364.424747816	-1.49274041931e-05
364.738907082	-1.64361315351e-05
365.053066347	-1.75547814016e-05
365.367225613	-1.86147265757e-05
365.681384878	-1.9388392861e-05
365.995544143	-2.01557315057e-05
366.309703409	-2.08515174638e-05
366.623862674	-2.15973565443e-05
366.938021939	-2.21792247229e-05
367.252181205	-2.22162402587e-05
367.56634047	-2.20868797129e-05
367.880499735	-2.16579565163e-05
368.194659001	-2.14739126726e-05
368.508818266	-2.13664483582e-05
368.822977531	-2.15243925121e-05
369.137136797	-2.17976747901e-05
369.451296062	-2.22432494871e-05
369.765455328	-2.31020392424e-05
370.079614593	-2.38915436587e-05
370.393773858	-2.49360654711e-05
370.707933124	-2.56560311253e-05
371.022092389	-2.62274796883e-05
371.336251654	-2.64878329037e-05
371.65041092	-2.64519207741e-05
371.964570185	-2.65557971902e-05
372.27872945	-2.64843427318e-05
372.592888716	-2.70468476823e-05
372.907047981	-2.77869394084e-05
373.221207246	-2.89489154433e-05
373.535366512	-3.0306149964e-05
373.849525777	-3.18505917381e-05
374.163685043	-3.36088617795e-05
374.477844308	-3.47703551894e-05
374.792003573	-3.60040301926e-05
375.106162839	-3.70136405789e-05
375.420322104	-3.78931984813e-05
375.734481369	-3.88303678784e-05
376.048640635	-3.96012803923e-05
376.3627999	-3.98726863273e-05
376.676959165	-3.9196035277e-05
376.991118431	-3.78897649162e-05
377.305277696	-3.59293166552e-05
377.619436962	-3.37841822188e-05
377.933596227	-3.15564912006e-05
378.247755492	-2.93913447968e-05
378.561914758	-2.76872225495e-05
378.876074023	-2.63939183007e-05
379.190233288	-2.5783036158e-05
379.504392554	-2.55037466121e-05
379.818551819	-2.54326950279e-05
380.132711084	-2.48755785908e-05
380.44687035	-2.36577503575e-05
380.761029615	-2.21006217464e-05
381.07518888	-2.02268030626e-05
381.389348146	-1.8634507085e-05
381.703507411	-1.7024707349e-05
382.017666677	-1.58082261487e-05
382.331825942	-1.48697286476e-05
382.645985207	-1.42506947934e-05
382.960144473	-1.41561815164e-05
383.274303738	-1.44773867681e-05
383.588463003	-1.50910891714e-05
383.902622269	-1.5554429297e-05
384.216781534	-1.65098381635e-05
384.530940799	-1.74178440381e-05
384.845100065	-1.84374038571e-05
385.15925933	-1.96215887447e-05
385.473418595	-2.0644365475e-05
385.787577861	-2.15401433331e-05
386.101737126	-2.20160658132e-05
386.415896392	-2.23282761762e-05
386.730055657	-2.24492184007e-05
387.044214922	-2.24125176367e-05
387.358374188	-2.2317623312e-05
387.672533453	-2.21457908101e-05
387.986692718	-2.22565002984e-05
388.300851984	-2.23660328696e-05
388.615011249	-2.2848684572e-05
388.929170514	-2.34736573532e-05
389.24332978	-2.42363579477e-05
389.557489045	-2.51621435808e-05
389.871648311	-2.59255040553e-05
390.185807576	-2.66808975005e-05
390.499966841	-2.69587121304e-05
390.814126107	-2.71852447782e-05
391.128285372	-2.68779888146e-05
391.442444637	-2.65640668895e-05
391.756603903	-2.62894136811e-05
392.070763168	-2.60656358002e-05
392.384922433	-2.65704649157e-05
392.699081699	-2.74170231435e-05
393.013240964	-2.84394849924e-05
393.327400229	-2.96105480288e-05
393.641559495	-3.09791552258e-05
393.95571876	-3.24027715035e-05
394.269878026	-3.38848991331e-05
394.584037291	-3.57518576404e-05
394.898196556	-3.7517611346e-05
395.212355822	-3.94217306308e-05
395.526515087	-4.05970947509e-05
395.840674352	-4.13400362209e-05
396.154833618	-4.11456848253e-05
396.468992883	-3.97614224545e-05
396.783152148	-3.75009258719e-05
397.097311414	-3.42405132662e-05
397.411470679	-3.07876481446e-05
397.725629944	-2.71102414549e-05
398.03978921	-2.39906440323e-05
398.353948475	-2.15083173604e-05
398.668107741	-1.98397691253e-05
398.982267006	-1.92314082194e-05
399.296426271	-1.93459059732e-05
399.610585537	-2.01028445876e-05
399.924744802	-2.05938296507e-05
400.238904067	-2.10517257136e-05
400.553063333	-2.12438368352e-05
400.867222598	-2.12564200193e-05
401.181381863	-2.11036417774e-05
401.495541129	-2.04727357115e-05
401.809700394	-2.00097749117e-05
402.12385966	-1.90625601743e-05
402.438018925	-1.7993184073e-05
402.75217819	-1.6914350148e-05
403.066337456	-1.60356492453e-05
403.380496721	-1.55913938673e-05
403.694655986	-1.56552682014e-05
404.008815252	-1.64808753876e-05
404.322974517	-1.72522162953e-05
404.637133782	-1.82908108308e-05
404.951293048	-1.91282020309e-05
405.265452313	-1.99689185525e-05
405.579611578	-2.09085992985e-05
405.893770844	-2.1650905184e-05
406.207930109	-2.2473825071e-05
406.522089375	-2.29095121092e-05
406.83624864	-2.3420964617e-05
407.150407905	-2.36434895682e-05
407.464567171	-2.38686379404e-05
407.778726436	-2.41452971844e-05
408.092885701	-2.43665780448e-05
408.407044967	-2.48039350877e-05
408.721204232	-2.50785331617e-05
409.035363497	-2.56772126826e-05
409.349522763	-2.5951858356e-05
409.663682028	-2.62003049261e-05
409.977841293	-2.63153240733e-05
410.292000559	-2.62821590981e-05
410.606159824	-2.61670582036e-05
410.92031909	-2.58546054183e-05
411.234478355	-2.60273098536e-05
411.54863762	-2.57961989908e-05
411.862796886	-2.58498311264e-05
412.176956151	-2.62033845409e-05
412.491115416	-2.69244584175e-05
412.805274682	-2.81461988926e-05
413.119433947	-2.97106885906e-05
413.433593212	-3.17606898518e-05
413.747752478	-3.35273357805e-05
414.061911743	-3.54808549709e-05
414.376071009	-3.72972094354e-05
414.690230274	-3.91638360746e-05
415.004389539	-4.08151939037e-05
415.318548805	-4.1586282284e-05
415.63270807	-4.15177440897e-05
415.946867335	-3.97883963677e-05
416.261026601	-3.71017702945e-05
416.575185866	-3.32700067021e-05
416.889345131	-2.89907806258e-05
417.203504397	-2.47754344609e-05
417.517663662	-2.09667563634e-05
417.831822927	-1.83192982006e-05
418.145982193	-1.64037635266e-05
418.460141458	-1.59422402994e-05
418.774300724	-1.6340892795e-05
419.088459989	-1.72776929694e-05
419.402619254	-1.81477433343e-05
419.71677852	-1.87841251924e-05
420.030937785	-1.96909409749e-05
420.34509705	-2.05738694035e-05
420.659256316	-2.16652817581e-05
420.973415581	-2.18911707883e-05
421.287574846	-2.18418048836e-05
421.601734112	-2.14241822559e-05
421.915893377	-2.05204107739e-05
422.230052642	-1.96341925807e-05
422.544211908	-1.86503127186e-05
422.858371173	-1.80168264849e-05
423.172530439	-1.71625274586e-05
423.486689704	-1.66899300511e-05
423.800848969	-1.65543448566e-05
424.115008235	-1.67791131496e-05
424.4291675	-1.75684127666e-05
424.743326765	-1.83961943217e-05
425.057486031	-1.96412089314e-05
425.371645296	-2.06737658564e-05
425.685804561	-2.18416983969e-05
425.999963827	-2.28313259739e-05
426.314123092	-2.36352255598e-05
426.628282358	-2.43592190128e-05
426.942441623	-2.45920954429e-05
427.256600888	-2.48392487218e-05
427.570760154	-2.47524727428e-05
427.884919419	-2.49377503688e-05
428.199078684	-2.50649562581e-05
428.51323795	-2.52035614369e-05
428.827397215	-2.54789001345e-05
429.14155648	-2.55368808005e-05
429.455715746	-2.5797032768e-05
429.769875011	-2.59474134496e-05
430.084034276	-2.6283237947e-05
430.398193542	-2.60978151483e-05
430.712352807	-2.5948190976e-05
431.026512073	-2.59022498157e-05
431.340671338	-2.5667214666e-05
431.654830603	-2.60201819482e-05
431.968989869	-2.67123224374e-05
432.283149134	-2.80233833616e-05
432.597308399	-2.93610210589e-05
432.911467665	-3.09129796911e-05
433.22562693	-3.27064286225e-05
433.539786195	-3.45703620997e-05
433.853945461	-3.67287856027e-05
434.168104726	-3.86101102144e-05
434.482263991	-4.02978766169e-05
434.796423257	-4.11255609226e-05
435.110582522	-4.09984646818e-05
435.424741788	-3.94589682327e-05
435.738901053	-3.65030956425e-05
436.053060318	-3.26671785663e-05
436.367219584	-2.80665367212e-05
436.681378849	-2.36872403939e-05
436.995538114	-1.97589972964e-05
437.30969738	-1.70315272323e-05
437.623856645	-1.52036372032e-05
437.93801591	-1.44511030517e-05
438.252175176	-1.50614043923e-05
438.566334441	-1.59426425277e-05
438.880493707	-1.67575717628e-05
439.194652972	-1.74141593663e-05
439.508812237	-1.82940860281e-05
439.822971503	-1.90648197593e-05
440.137130768	-1.98187069342e-05
440.451290033	-2.04304171687e-05
440.765449299	-2.0655014915e-05
441.079608564	-2.11791294016e-05
441.393767829	-2.15117154202e-05
441.707927095	-2.1665333246e-05
442.02208636	-2.13674590779e-05
442.336245625	-2.08839437827e-05
442.650404891	-2.04447811196e-05
442.964564156	-1.98393821879e-05
443.278723422	-1.95062706309e-05
443.592882687	-1.91088347779e-05
443.907041952	-1.90160140203e-05
444.221201218	-1.90413595849e-05
444.535360483	-1.92906873638e-05
444.849519748	-1.97974343645e-05
445.163679014	-2.03387751491e-05
445.477838279	-2.11697821924e-05
445.791997544	-2.1839176165e-05
446.10615681	-2.25581623486e-05
446.420316075	-2.29796871902e-05
446.73447534	-2.33519359726e-05
447.048634606	-2.36856435304e-05
447.362793871	-2.39610035607e-05
447.676953137	-2.45043218316e-05
447.991112402	-2.4958897475e-05
448.305271667	-2.56003179566e-05
448.619430933	-2.62060301095e-05
448.933590198	-2.66417323486e-05
449.247749463	-2.67360563663e-05
449.561908729	-2.66718291972e-05
449.876067994	-2.63925923965e-05
450.190227259	-2.57527120851e-05
450.504386525	-2.56378870098e-05
450.81854579	-2.56842469627e-05
451.132705056	-2.58219887284e-05
451.446864321	-2.5924285505e-05
451.761023586	-2.63169719855e-05
452.075182852	-2.75321487237e-05
452.389342117	-2.91882177007e-05
452.703501382	-3.11546676394e-05
453.017660648	-3.30846792702e-05
453.331819913	-3.52187050866e-05
453.645979178	-3.74018005316e-05
453.960138444	-3.93397673512e-05
454.274297709	-4.06357338476e-05
454.588456974	-4.05957261571e-05
454.90261624	-3.91717694963e-05
455.216775505	-3.61878454184e-05
455.530934771	-3.22524750201e-05
455.845094036	-2.76744006864e-05
456.159253301	-2.29560434303e-05
456.473412567	-1.89331016175e-05
456.787571832	-1.58218872076e-05
457.101731097	-1.37979028498e-05
457.415890363	-1.29191647929e-05
457.730049628	-1.36412882673e-05
458.044208893	-1.50392484496e-05
458.358368159	-1.57944149148e-05
458.672527424	-1.61647500072e-05
458.986686689	-1.67334900365e-05
459.300845955	-1.77110025014e-05
459.61500522	-1.8466120939e-05
459.929164486	-1.92979518745e-05
460.243323751	-2.01231426421e-05
460.557483016	-2.09397726717e-05
460.871642282	-2.15631722444e-05
461.185801547	-2.17612029805e-05
461.499960812	-2.19942883361e-05
461.814120078	-2.20162520601e-05
462.128279343	-2.20327600989e-05
462.442438608	-2.17123998377e-05
462.756597874	-2.11935279275e-05
463.070757139	-2.07004973416e-05
463.384916405	-2.01690938282e-05
463.69907567	-1.99032725522e-05
464.013234935	-1.94926880309e-05
464.327394201	-1.93691032256e-05
464.641553466	-1.93624828811e-05
464.955712731	-1.95545893822e-05
465.269871997	-1.99030316885e-05
465.584031262	-2.00954635633e-05
465.898190527	-2.03593606964e-05
466.212349793	-2.04802695495e-05
466.526509058	-2.08751426101e-05
466.840668323	-2.13290226591e-05
467.154827589	-2.21884882514e-05
467.468986854	-2.34249108412e-05
467.78314612	-2.43614845752e-05
468.097305385	-2.52107862241e-05
468.41146465	-2.57134151419e-05
468.725623916	-2.61135958603e-05
469.039783181	-2.61434499567e-05
469.353942446	-2.62888260599e-05
469.668101712	-2.63631291605e-05
469.982260977	-2.58886261488e-05
470.296420242	-2.52970393989e-05
470.610579508	-2.45133613417e-05
470.924738773	-2.44440657481e-05
471.238898039	-2.49046831992e-05
471.553057304	-2.59294074632e-05
471.867216569	-2.73414168656e-05
472.181375835	-2.89572800059e-05
472.4955351	-3.10979765238e-05
472.809694365	-3.32828066272e-05
473.123853631	-3.57734125622e-05
473.438012896	-3.78525767372e-05
473.752172161	-3.92707544339e-05
474.066331427	-3.93970641422e-05
474.380490692	-3.78969659481e-05
474.694649957	-3.51251505555e-05
475.008809223	-3.09969095446e-05
475.322968488	-2.63585587327e-05
475.637127754	-2.13201873366e-05
475.951287019	-1.70240820784e-05
476.265446284	-1.39380414153e-05
476.57960555	-1.20234519643e-05
476.893764815	-1.17298980109e-05
477.20792408	-1.25960538341e-05
477.522083346	-1.40855177652e-05
477.836242611	-1.45397450437e-05
478.150401876	-1.45963883765e-05
478.464561142	-1.52134775884e-05
478.778720407	-1.66743074802e-05
479.092879672	-1.80104680952e-05
479.407038938	-1.83035889514e-05
479.721198203	-1.85436749329e-05
480.035357469	-1.90477260543e-05
480.349516734	-2.01533148704e-05
480.663675999	-2.09511547814e-05
480.977835265	-2.13294289173e-05
481.29199453	-2.15415997776e-05
481.606153795	-2.15619104344e-05
481.920313061	-2.18015245124e-05
482.234472326	-2.16004316611e-05
482.548631591	-2.15304638574e-05
482.862790857	-2.12144856144e-05
483.176950122	-2.08223934009e-05
483.491109388	-2.05432070659e-05
483.805268653	-2.0079732752e-05
484.119427918	-1.99935010665e-05
484.433587184	-1.9769052371e-05
484.747746449	-1.97435310588e-05
485.061905714	-1.9538306592e-05
485.37606498	-1.93436568989e-05
485.690224245	-1.92356000013e-05
486.00438351	-1.92740996318e-05
486.318542776	-1.99467459252e-05
486.632702041	-2.03429781192e-05
486.946861306	-2.11453543763e-05
487.261020572	-2.20908992422e-05
487.575179837	-2.30448923388e-05
487.889339103	-2.39397496678e-05
488.203498368	-2.47620692379e-05
488.517657633	-2.58459451905e-05
488.831816899	-2.64152045059e-05
489.145976164	-2.68676294911e-05
489.460135429	-2.68926985258e-05
489.774294695	-2.68082206031e-05
490.08845396	-2.66269771206e-05
490.402613225	-2.636014972e-05
490.716772491	-2.64769013162e-05
491.030931756	-2.6578001918e-05
491.345091021	-2.73590713057e-05
491.659250287	-2.84139537269e-05
491.973409552	-2.99385869475e-05
492.287568818	-3.18603810372e-05
492.601728083	-3.39102468398e-05
492.915887348	-3.61783089712e-05
493.230046614	-3.77538061058e-05
493.544205879	-3.83739722863e-05
493.858365144	-3.71569207117e-05
494.17252441	-3.42849221449e-05
494.486683675	-3.01764390754e-05
494.80084294	-2.55180715299e-05
495.115002206	-2.07937654392e-05
495.429161471	-1.65732992236e-05
495.743320737	-1.39840030891e-05
496.057480002	-1.18886609641e-05
496.371639267	-1.12666411788e-05
496.685798533	-1.22393301673e-05
496.999957798	-1.35114610143e-05
497.314117063	-1.42818680884e-05
497.628276329	-1.45601227845e-05
497.942435594	-1.53582672141e-05
498.256594859	-1.62157736849e-05
498.570754125	-1.71132330905e-05
498.88491339	-1.76140672991e-05
499.199072655	-1.81703160246e-05
499.513231921	-1.89884783776e-05
499.827391186	-1.96453064941e-05
500.141550452	-2.02954729715e-05
500.455709717	-2.05497880347e-05
500.769868982	-2.10266976235e-05
501.084028248	-2.1344388916e-05
501.398187513	-2.16763485835e-05
501.712346778	-2.19540018736e-05
502.026506044	-2.20246895885e-05
502.340665309	-2.22139406074e-05
502.654824574	-2.20415764488e-05
502.96898384	-2.20875015787e-05
503.283143105	-2.18844300916e-05
503.59730237	-2.17167506669e-05
503.911461636	-2.15556431947e-05
504.225620901	-2.12486259582e-05
504.539780167	-2.09660827474e-05
504.853939432	-2.04409043294e-05
505.168098697	-2.02604594932e-05
505.482257963	-1.96982477028e-05
505.796417228	-1.94689921521e-05
506.110576493	-1.96635961015e-05
506.424735759	-1.99114378164e-05
506.738895024	-2.04463638887e-05
507.053054289	-2.10531360011e-05
507.367213555	-2.20462405649e-05
507.68137282	-2.28256688288e-05
507.995532086	-2.38216447398e-05
508.309691351	-2.4754117188e-05
508.623850616	-2.56565591589e-05
508.938009882	-2.66397738525e-05
509.252169147	-2.72765227388e-05
509.566328412	-2.80220850695e-05
509.880487678	-2.83578421911e-05
510.194646943	-2.88573832996e-05
510.508806208	-2.92912499936e-05
510.822965474	-2.97031691872e-05
511.137124739	-3.0323910314e-05
511.451284004	-3.08703191405e-05
511.76544327	-3.18294896687e-05
512.079602535	-3.2863154294e-05
512.393761801	-3.4296350715e-05
512.707921066	-3.5443904414e-05
513.022080331	-3.58647276168e-05
513.336239597	-3.51582366668e-05
513.650398862	-3.28620203518e-05
513.964558127	-2.95037785144e-05
514.278717393	-2.53634879828e-05
514.592876658	-2.14450701407e-05
514.907035923	-1.74191755732e-05
515.221195189	-1.43062226023e-05
515.535354454	-1.24513717393e-05
515.849513719	-1.13889027717e-05
516.163672985	-1.18238879711e-05
516.47783225	-1.27910805767e-05
516.791991516	-1.38695568497e-05
517.106150781	-1.43728140738e-05
517.420310046	-1.49464064619e-05
517.734469312	-1.57714916969e-05
518.048628577	-1.65108866261e-05
518.362787842	-1.73104039313e-05
518.676947108	-1.78372339176e-05
518.991106373	-1.8596310462e-05
519.305265638	-1.91482101194e-05
519.619424904	-1.97147328676e-05
519.933584169	-2.01789366064e-05
520.247743435	-2.05098972374e-05
520.5619027	-2.1004932858e-05
520.876061965	-2.12993089017e-05
521.190221231	-2.17648550198e-05
521.504380496	-2.20343669799e-05
521.818539761	-2.24136754514e-05
522.132699027	-2.26302074368e-05
522.446858292	-2.26394336128e-05
522.761017557	-2.27188154198e-05
523.075176823	-2.26325011769e-05
523.389336088	-2.26932316716e-05
523.703495353	-2.24846656602e-05
524.017654619	-2.24505875839e-05
524.331813884	-2.1955551078e-05
524.64597315	-2.11097940025e-05
524.960132415	-2.05822835195e-05
525.27429168	-2.0004555833e-05
525.588450946	-1.9737501405e-05
525.902610211	-1.97167285061e-05
526.216769476	-2.00840916653e-05
526.530928742	-2.03596101904e-05
526.845088007	-2.0617500549e-05
527.159247272	-2.09973501979e-05
527.473406538	-2.13984317938e-05
527.787565803	-2.21788494939e-05
528.101725068	-2.29436482785e-05
528.415884334	-2.3960774318e-05
528.730043599	-2.49657863775e-05
529.044202865	-2.61762056863e-05
529.35836213	-2.76175128845e-05
529.672521395	-2.88863545439e-05
529.986680661	-3.03068041582e-05
530.300839926	-3.14563779112e-05
530.614999191	-3.25363077675e-05
530.929158457	-3.33642828722e-05
531.243317722	-3.39868843589e-05
531.557476987	-3.44215308081e-05
531.871636253	-3.45082090625e-05
532.185795518	-3.45019432628e-05
532.499954784	-3.39872241822e-05
532.814114049	-3.28925323804e-05
533.128273314	-3.08532802633e-05
533.44243258	-2.82518639051e-05
533.756591845	-2.49291384926e-05
534.07075111	-2.11456646025e-05
534.384910376	-1.79757819514e-05
534.699069641	-1.52358760809e-05
535.013228906	-1.33066447729e-05
535.327388172	-1.21376865166e-05
535.641547437	-1.19678710594e-05
535.955706702	-1.23556051755e-05
536.269865968	-1.28048930354e-05
536.584025233	-1.34960513911e-05
536.898184499	-1.4135008158e-05
537.212343764	-1.51045823346e-05
537.526503029	-1.59716110599e-05
537.840662295	-1.68652582933e-05
538.15482156	-1.76917968944e-05
538.468980825	-1.83411345406e-05
538.783140091	-1.90416062846e-05
539.097299356	-1.95042837045e-05
539.411458621	-1.99711913082e-05
539.725617887	-2.02501101357e-05
540.039777152	-2.05642145806e-05
540.353936417	-2.08469755205e-05
540.668095683	-2.11344335182e-05
540.982254948	-2.15886811371e-05
541.296414214	-2.1872849346e-05
541.610573479	-2.22295177396e-05
541.924732744	-2.24692143996e-05
542.23889201	-2.27842967337e-05
542.553051275	-2.30271436058e-05
542.86721054	-2.34286495592e-05
543.181369806	-2.37267506214e-05
543.495529071	-2.33788058157e-05
543.809688336	-2.30668993784e-05
544.123847602	-2.24954202055e-05
544.438006867	-2.17082096961e-05
544.752166133	-2.10625419004e-05
545.066325398	-2.0701387778e-05
545.380484663	-2.05440021508e-05
545.694643929	-2.03158703365e-05
546.008803194	-2.02083965178e-05
546.322962459	-2.00824961434e-05
546.637121725	-2.00292133142e-05
546.95128099	-2.00702839818e-05
547.265440255	-2.02285793218e-05
547.579599521	-2.06011950101e-05
547.893758786	-2.10928846568e-05
548.207918051	-2.20110658083e-05
548.522077317	-2.31429508026e-05
548.836236582	-2.46943133949e-05
549.150395848	-2.65791674914e-05
549.464555113	-2.85756389522e-05
549.778714378	-3.08094817535e-05
550.092873644	-3.28801385325e-05
550.407032909	-3.48195316582e-05
550.721192174	-3.61192105365e-05
551.03535144	-3.67985144882e-05
551.349510705	-3.67332721631e-05
551.66366997	-3.58131368582e-05
551.977829236	-3.419203068e-05
552.291988501	-3.1918889829e-05
552.606147766	-2.9240675946e-05
552.920307032	-2.58123602226e-05
553.234466297	-2.25480080125e-05
553.548625563	-1.96218291225e-05
553.862784828	-1.70814015507e-05
554.176944093	-1.53394406414e-05
554.491103359	-1.42229832288e-05
554.805262624	-1.36896925589e-05
555.119421889	-1.31677987112e-05
555.433581155	-1.30333991134e-05
555.74774042	-1.30090956439e-05
556.061899685	-1.32444664112e-05
556.376058951	-1.38819811722e-05
556.690218216	-1.44332338268e-05
557.004377482	-1.53667645093e-05
557.318536747	-1.61390349643e-05
557.632696012	-1.69767816359e-05
557.946855278	-1.77516077219e-05
558.261014543	-1.83968393114e-05
558.575173808	-1.90277411881e-05
558.889333074	-1.9406373291e-05
559.203492339	-1.99435561111e-05
559.517651604	-2.02257945868e-05
559.83181087	-2.06806650348e-05
560.145970135	-2.10023149251e-05
560.4601294	-2.12745965229e-05
560.774288666	-2.16796816177e-05
561.088447931	-2.19251483718e-05
561.402607197	-2.23482671732e-05
561.716766462	-2.27077087021e-05
562.030925727	-2.33865578248e-05
562.345084993	-2.3612460001e-05
562.659244258	-2.37690926943e-05
562.973403523	-2.38871951706e-05
563.287562789	-2.35594784021e-05
563.601722054	-2.32773217442e-05
563.915881319	-2.27566296774e-05
564.230040585	-2.2476228709e-05
564.54419985	-2.19433018016e-05
564.858359115	-2.14941397071e-05
565.172518381	-2.11375675876e-05
565.486677646	-2.07189679776e-05
565.800836912	-2.05597231682e-05
566.114996177	-2.01869769076e-05
566.429155442	-2.00843312959e-05
566.743314708	-1.98083685751e-05
567.057473973	-1.98204142432e-05
567.371633238	-1.99969090801e-05
567.685792504	-2.03986078014e-05
567.999951769	-2.12708447752e-05
568.314111034	-2.22982448164e-05
568.6282703	-2.41285022789e-05
568.942429565	-2.61342835288e-05
569.256588831	-2.86685123638e-05
569.570748096	-3.13714985853e-05
569.884907361	-3.39027885172e-05
570.199066627	-3.63372482259e-05
570.513225892	-3.78188904946e-05
570.827385157	-3.83713150747e-05
571.141544423	-3.74532596221e-05
571.455703688	-3.5548988309e-05
571.769862953	-3.23555679407e-05
572.084022219	-2.84354379908e-05
572.398181484	-2.45657550651e-05
572.712340749	-2.05970361438e-05
573.026500015	-1.75370680925e-05
573.34065928	-1.53026963337e-05
573.654818546	-1.43978193654e-05
573.968977811	-1.43463982869e-05
574.283137076	-1.46577779708e-05
574.597296342	-1.48712195033e-05
574.911455607	-1.4557955055e-05
575.225614872	-1.45538663273e-05
575.539774138	-1.44599742074e-05
575.853933403	-1.46694923397e-05
576.168092668	-1.48042578227e-05
576.482251934	-1.50782954211e-05
576.796411199	-1.56196222078e-05
577.110570464	-1.60646131542e-05
577.42472973	-1.68037680919e-05
577.738888995	-1.72652378936e-05
578.053048261	-1.79384628013e-05
578.367207526	-1.84981200617e-05
578.681366791	-1.90976901357e-05
578.995526057	-1.97926230526e-05
579.309685322	-2.01916935835e-05
579.623844587	-2.07623327759e-05
579.938003853	-2.10950045184e-05
580.252163118	-2.15395959933e-05
580.566322383	-2.18837654988e-05
580.880481649	-2.249592425e-05
581.194640914	-2.29854235403e-05
581.50880018	-2.31454711931e-05
581.822959445	-2.35276036978e-05
582.13711871	-2.3513121843e-05
582.451277976	-2.35454228732e-05
582.765437241	-2.33726240055e-05
583.079596506	-2.33947938894e-05
583.393755772	-2.3393304228e-05
583.707915037	-2.30807369221e-05
584.022074302	-2.29903926085e-05
584.336233568	-2.26596001075e-05
584.650392833	-2.2432547291e-05
584.964552098	-2.20791727081e-05
585.278711364	-2.17502711372e-05
585.592870629	-2.13715649719e-05
585.907029895	-2.09395668543e-05
586.22118916	-2.06738701538e-05
586.535348425	-2.02494715654e-05
586.849507691	-2.01535089624e-05
587.163666956	-2.01565655778e-05
587.477826221	-2.05704911628e-05
587.791985487	-2.14557172295e-05
588.106144752	-2.27211261307e-05
588.420304017	-2.4699195961e-05
588.734463283	-2.68380940963e-05
589.048622548	-2.95450654859e-05
589.362781813	-3.2469713887e-05
589.676941079	-3.53982905262e-05
589.991100344	-3.77694982945e-05
590.30525961	-3.90772633916e-05
590.619418875	-3.87920995724e-05
590.93357814	-3.63776272048e-05
591.247737406	-3.28925525601e-05
591.561896671	-2.85916494795e-05
591.876055936	-2.3992327208e-05
592.190215202	-1.96126311561e-05
592.504374467	-1.62516106833e-05
592.818533732	-1.41210247013e-05
593.132692998	-1.27499894915e-05
593.446852263	-1.31487948989e-05
593.761011529	-1.435908688e-05
594.075170794	-1.52333983839e-05
594.389330059	-1.54253048361e-05
594.703489325	-1.54292902454e-05
595.01764859	-1.57386642471e-05
595.331807855	-1.59298458092e-05
595.645967121	-1.61559314682e-05
595.960126386	-1.61244279665e-05
596.274285651	-1.63211197705e-05
596.588444917	-1.65891834335e-05
596.902604182	-1.67645274971e-05
597.216763447	-1.71049460261e-05
597.530922713	-1.73044572372e-05
597.845081978	-1.7848819796e-05
598.159241244	-1.83235425823e-05
598.473400509	-1.873305273e-05
598.787559774	-1.9166407867e-05
599.10171904	-1.95973431938e-05
599.415878305	-2.00400694964e-05
599.73003757	-2.05304073822e-05
600.044196836	-2.140764373e-05
600.358356101	-2.19679658187e-05
600.672515366	-2.25836321649e-05
600.986674632	-2.31028817018e-05
601.300833897	-2.33757475673e-05
601.614993162	-2.35711661284e-05
601.929152428	-2.36559775487e-05
602.243311693	-2.3947662983e-05
602.557470959	-2.39664675192e-05
602.871630224	-2.4085287124e-05
603.185789489	-2.40750891014e-05
603.499948755	-2.4017385316e-05
603.81410802	-2.39445279997e-05
604.128267285	-2.36192319949e-05
604.442426551	-2.33888851461e-05
604.756585816	-2.28325971354e-05
605.070745081	-2.24246650582e-05
605.384904347	-2.1887968154e-05
605.699063612	-2.14390927716e-05
606.013222878	-2.11040403856e-05
606.327382143	-2.0742001554e-05
606.641541408	-2.08219325022e-05
606.955700674	-2.10393373891e-05
607.269859939	-2.18848762572e-05
607.584019204	-2.29694993574e-05
607.89817847	-2.45119862498e-05
608.212337735	-2.64217779126e-05
608.526497	-2.87921201506e-05
608.840656266	-3.16883433546e-05
609.154815531	-3.44886760203e-05
609.468974796	-3.73827476868e-05
609.783134062	-3.88465773253e-05
610.097293327	-3.85195593556e-05
610.411452593	-3.63138921222e-05
610.725611858	-3.25869266177e-05
611.039771123	-2.81974674178e-05
611.353930389	-2.34702457438e-05
611.668089654	-1.91729474374e-05
611.982248919	-1.55394519118e-05
612.296408185	-1.32564674775e-05
612.61056745	-1.19470232923e-05
612.924726715	-1.20759361922e-05
613.238885981	-1.35415135032e-05
613.553045246	-1.47090696785e-05
613.867204511	-1.54850615481e-05
614.181363777	-1.58258122442e-05
614.495523042	-1.65574777791e-05
614.809682308	-1.71376514421e-05
615.123841573	-1.75314471048e-05
615.438000838	-1.7822812453e-05
615.752160104	-1.77956492808e-05
616.066319369	-1.80457394795e-05
616.380478634	-1.80381038051e-05
616.6946379	-1.80510903612e-05
617.008797165	-1.79533982521e-05
617.32295643	-1.78875228971e-05
617.637115696	-1.7962289863e-05
617.951274961	-1.79796810289e-05
618.265434227	-1.83360216295e-05
618.579593492	-1.84482878488e-05
618.893752757	-1.90522936257e-05
619.207912023	-1.96986849187e-05
619.522071288	-2.03207927314e-05
619.836230553	-2.11493915107e-05
620.150389819	-2.19552923254e-05
620.464549084	-2.2817390574e-05
620.778708349	-2.33330180438e-05
621.092867615	-2.39798819273e-05
621.40702688	-2.43294086975e-05
621.721186145	-2.456680816e-05
622.035345411	-2.48329351037e-05
622.349504676	-2.49182766723e-05
622.663663942	-2.51639058541e-05
622.977823207	-2.49735969605e-05
623.291982472	-2.48926830418e-05
623.606141738	-2.43722108191e-05
623.920301003	-2.39030152709e-05
624.234460268	-2.33811402523e-05
624.548619534	-2.26998041082e-05
624.862778799	-2.23192203379e-05
625.176938064	-2.17813188212e-05
625.49109733	-2.16553054506e-05
625.805256595	-2.1479450731e-05
626.11941586	-2.16837906934e-05
626.433575126	-2.21092953989e-05
626.747734391	-2.28089358411e-05
627.061893657	-2.38981675115e-05
627.376052922	-2.51183121434e-05
627.690212187	-2.68709292378e-05
628.004371453	-2.86976157382e-05
628.318530718	-3.10330343161e-05
