0.314159265359	-5.08956467571e-08
0.628318530718	-4.34980101938e-07
0.942477796077	-1.80886423091e-06
1.25663706144	-3.76079615541e-06
1.57079632679	-5.07793313061e-06
1.88495559215	-4.96704165981e-06
2.19911485751	-3.49597480088e-06
2.51327412287	-1.36612322784e-06
2.82743338823	7.35169980202e-07
3.14159265359	2.34187062107e-06
3.45575191895	3.19934125439e-06
3.76991118431	3.29023290361e-06
4.08407044967	2.62667062164e-06
4.39822971503	1.26497262921e-06
4.71238898039	-5.69069345132e-07
5.02654824574	-2.40011025839e-06
5.3407075111	-3.7758853992e-06
5.65486677646	-4.40155116072e-06
5.96902604182	-4.25961324767e-06
6.28318530718	-3.7771885248e-06
6.59734457254	-4.2238459644e-06
6.9115038379	-7.59441411084e-06
7.22566310326	-1.33750878369e-05
7.53982236862	-1.6615131644e-05
7.85398163398	-1.61012853907e-05
8.16814089933	-1.12850616201e-05
8.48230016469	-6.53335726842e-07
8.79645943005	6.72032002197e-06
9.11061869541	4.49863701015e-06
9.42477796077	1.68305531012e-05
9.73893722613	2.60028601184e-05
0.314159265359	-5.08956467571e-08
0.628318530718	-4.34980101938e-07
0.942477796077	-1.80886423091e-06
1.25663706144	-3.76079615541e-06
1.57079632679	-5.07793313061e-06
1.88495559215	-4.96704165981e-06
2.19911485751	-3.49597480088e-06
2.51327412287	-1.36612322784e-06
2.82743338823	7.35169980202e-07
3.14159265359	2.34187062107e-06
3.45575191895	3.19934125439e-06
3.76991118431	3.29023290361e-06
4.08407044967	2.62667062164e-06
4.39822971503	1.26497262921e-06
4.71238898039	-5.69069345132e-07
5.02654824574	-2.40011025839e-06
5.3407075111	-3.7758853992e-06
5.65486677646	-4.40155116072e-06
5.96902604182	-4.25961324767e-06
6.28318530718	-3.7771885248e-06
6.59734457254	-4.2238459644e-06
6.9115038379	-7.59441411084e-06
7.22566310326	-1.33750878369e-05
7.53982236862	-1.6615131644e-05
7.85398163398	-1.61012853907e-05
8.16814089933	-1.12850616201e-05
8.48230016469	-6.53335726842e-07
8.79645943005	6.72032002197e-06
9.11061869541	4.49863701015e-06
9.42477796077	1.68305531012e-05
9.73893722613	2.60028601184e-05
10.0530964915	4.43164961846e-06
10.3672557568	-1.74376580327e-05
10.6814150222	-1.04218190328e-05
10.9955742876	3.57942066568e-06
11.3097335529	1.53964515385e-05
11.6238928183	2.46599650633e-05
11.9380520836	2.97194718228e-05
12.252211349	2.99681526588e-05
12.5663706144	2.4075689036e-05
12.8805298797	1.50082542103e-05
13.1946891451	7.23357990705e-06
13.5088484104	3.06917343354e-07
13.8230076758	-4.86609671811e-06
14.1371669412	-6.16148817943e-06
14.4513262065	-5.2271148656e-06
14.7654854719	-4.02121265629e-06
15.0796447372	-3.26960324871e-06
15.3938040026	-2.78107175018e-06
15.707963268	-2.60351056154e-06
16.0221225333	-3.39433822108e-06
16.3362817987	-5.50140065695e-06
16.650441064	-7.87914800316e-06
16.9646003294	-9.37377900386e-06
17.2787595947	-5.35638677791e-06
17.5929188601	2.79042198064e-06
17.9070781255	8.9835433277e-08
18.2212373908	8.2424165838e-06
18.5353966562	2.19073723685e-05
18.8495559215	1.64430766766e-05
19.1637151869	-1.29468474458e-05
19.4778744523	-2.3929419521e-05
19.7920337176	-1.76608292114e-05
20.106192983	-9.97301133837e-06
20.4203522483	-1.36662895857e-06
20.7345115137	7.12515809101e-06
21.0486707791	1.08489327962e-05
21.3628300444	6.07776365513e-06
21.6769893098	-2.75477564204e-06
21.9911485751	-8.16242871162e-06
22.3053078405	-9.13950268764e-06
22.6194671058	-8.04025608649e-06
22.9336263712	-6.43675172973e-06
23.2477856366	-4.63160905838e-06
23.5619449019	-2.98512267902e-06
23.8761041673	-2.14661129779e-06
24.1902634326	-1.62898242974e-06
24.504422698	-1.24598753583e-06
24.8185819634	-9.69524034924e-07
25.1327412287	1.2396398106e-08
25.4469004941	1.30329272568e-06
25.7610597594	1.76440615377e-06
26.0752190248	3.99422450435e-06
26.3893782902	1.05106313353e-05
26.7035375555	9.37885843426e-06
27.0176968209	9.65890359379e-06
27.3318560862	2.17097946834e-05
27.6460153516	1.76860222455e-05
27.960174617	-1.89696119465e-05
28.2743338823	-3.17356882755e-05
28.5884931477	-1.9762383987e-05
28.902652413	-5.97128267551e-06
29.2168116784	4.75108046947e-06
29.5309709437	1.2656863007e-05
29.8451302091	1.71652515862e-05
30.1592894745	1.525410983e-05
30.4734487398	7.03496026578e-06
30.7876080052	-1.08566413777e-06
31.1017672705	-3.96372135541e-06
31.4159265359	-3.2521560364e-06
31.7300858013	-1.63234339865e-06
32.0442450666	-3.96036142703e-07
32.358404332	-6.18316976503e-07
32.6725635973	-2.17205237565e-06
32.9867228627	-2.38757243548e-06
33.3008821281	-1.42195078727e-06
33.6150413934	-1.23002237853e-06
33.9292006588	-2.20595114438e-06
34.2433599241	-4.49984245726e-06
34.5575191895	-7.24591108651e-06
34.8716784548	-7.09029639405e-06
35.1858377202	8.02539410429e-07
35.4999969856	9.01135730435e-06
35.8141562509	9.15473842239e-06
36.1283155163	2.07139246668e-05
36.4424747816	2.83866936585e-05
36.756634047	4.63213396884e-06
37.0707933124	-2.26772260374e-05
37.3849525777	-1.99446029218e-05
37.6991118431	-6.42570653409e-06
38.0132711084	5.60051035683e-06
38.3274303738	1.39948003614e-05
38.6415896392	1.72389998932e-05
38.9557489045	1.36789916965e-05
39.2699081699	3.58567949375e-06
39.5840674352	-6.29326056879e-06
39.8982267006	-1.05688711773e-05
40.212385966	-1.07107091242e-05
40.5265452313	-9.64160807017e-06
40.8407044967	-8.28559618199e-06
41.154863762	-6.60456490554e-06
41.4690230274	-5.53310425439e-06
41.7831822927	-5.43834287368e-06
42.0973415581	-6.03818278686e-06
42.4115008235	-7.11802842832e-06
42.7256600888	-8.24641157247e-06
43.0398193542	-9.34822060836e-06
43.3539786195	-1.03299206004e-05
43.6681378849	-9.47740642858e-06
43.9822971503	-2.24578844751e-06
44.2964564156	9.27125953774e-06
44.610615681	1.12350509455e-05
44.9247749463	1.71736415162e-05
45.2389342117	2.50407371313e-05
45.5530934771	1.45922208786e-05
45.8672527424	-2.02431710138e-05
46.1814120078	-2.98753499533e-05
46.4955712731	-1.77009478019e-05
46.8097305385	-4.24256544197e-06
47.1238898039	6.60197193386e-06
47.4380490692	1.49489085563e-05
47.7522083346	1.94225164323e-05
48.0663675999	1.65689204852e-05
48.3805268653	7.56650189126e-06
48.6946861306	-1.07310102194e-06
49.008845396	-4.94271433974e-06
49.3230046614	-5.61140066703e-06
49.6371639267	-4.92315571283e-06
49.9513231921	-3.71508137746e-06
50.2654824574	-2.41838415435e-06
50.5796417228	-1.07642672703e-06
50.8938009882	-2.41536875137e-07
51.2079602535	-9.35328860744e-07
51.5221195189	-3.92264989184e-06
51.8362787842	-7.88112712661e-06
52.1504380496	-1.00608724332e-05
52.464597315	-1.03133888141e-05
52.7787565803	-7.65093748138e-06
53.0929158457	-3.32654901074e-07
53.407075111	2.70695726403e-06
53.7212343764	6.15470416618e-06
54.0353936417	2.07876775191e-05
54.3495529071	2.7111637032e-05
54.6637121725	1.47382261091e-06
54.9778714378	-2.13677166658e-05
55.2920307032	-1.55369996791e-05
55.6061899685	-1.48126874237e-06
55.9203492339	1.02181029981e-05
56.2345084993	1.90220092971e-05
56.5486677646	2.43965774572e-05
56.86282703	2.40595421591e-05
57.1769862953	1.55014970141e-05
57.4911455607	3.31604942954e-06
57.8053048261	-5.89666418331e-06
58.1194640914	-1.04000057403e-05
58.4336233568	-9.14578222353e-06
58.7477826221	-5.29343482568e-06
59.0619418875	-3.06768588343e-06
59.3761011529	-2.91297760996e-06
59.6902604182	-3.77118926687e-06
60.0044196836	-4.88956573021e-06
60.3185789489	-6.24366824799e-06
60.6327382143	-8.23632136207e-06
60.9468974796	-1.02531044459e-05
61.261056745	-1.20331597425e-05
61.5752160104	-1.15204516836e-05
61.8893752757	-4.76651773303e-06
62.2035345411	3.5555888715e-06
62.5176938064	4.93138405103e-06
62.8318530718	1.58432941554e-05
63.1460123372	2.8285349311e-05
63.4601716025	1.86658473236e-05
63.7743308679	-1.66928851782e-05
64.0884901332	-2.87351483364e-05
64.4026493986	-1.97180989973e-05
64.716808664	-4.76373725211e-06
65.0309679293	9.5883969958e-06
65.3451271947	1.81817778217e-05
65.65928646	2.02672154808e-05
65.9734457254	1.48783492384e-05
66.2876049907	4.89536406433e-06
66.6017642561	-3.07271397131e-06
66.9159235215	-7.14216319176e-06
67.2300827868	-8.38591521112e-06
67.5442420522	-7.98910833954e-06
67.8584013175	-6.78828345698e-06
68.1725605829	-4.78302793018e-06
68.4867198483	-2.90928874911e-06
68.8008791136	-1.31372501145e-06
69.115038379	-1.69145869547e-07
69.4291976443	3.44173074103e-07
69.7433569097	4.21379028339e-07
70.0575161751	-2.0815910732e-06
70.3716754404	-7.77073234689e-06
70.6858347058	-1.05038279044e-05
70.9999939711	-3.70771074106e-06
71.3141532365	1.9703084089e-06
71.6283125019	7.21727685255e-06
71.9424717672	1.81490868428e-05
72.2566310326	1.98058850408e-05
72.5707902979	-8.23710795553e-06
72.8849495633	-2.76272078787e-05
73.1991088286	-1.87079291098e-05
73.513268094	-3.79105285811e-06
73.8274273594	8.07484581653e-06
74.1415866247	1.62592106613e-05
74.4557458901	2.15477506257e-05
74.7699051554	2.09442862734e-05
75.0840644208	1.35175198018e-05
75.3982236862	3.52977452116e-06
75.7123829515	-2.36435459353e-06
76.0265422169	-3.46367728143e-06
76.3407014822	-4.4997689833e-06
76.6548607476	-7.66507557653e-06
76.969020013	-9.11898621699e-06
77.2831792783	-5.99932524076e-06
77.5973385437	-1.25359425367e-06
77.911497809	3.73427251917e-08
78.2256570744	-2.73704798236e-06
78.5398163398	-6.91494233101e-06
78.8539756051	-9.7316888871e-06
79.1681348705	-1.03264617905e-05
79.4822941358	-9.10121493304e-06
79.7964534012	-2.74340656113e-06
80.1106126665	5.40907836132e-06
80.4247719319	7.34499224894e-06
80.7389311973	1.84563255536e-05
81.0530904626	2.99573265496e-05
81.367249728	1.950947615e-05
81.6814089933	-1.27674588605e-05
81.9955682587	-2.02380013871e-05
82.3097275241	-7.94226889685e-06
82.6238867894	2.48052142238e-06
82.9380460548	6.97127597915e-06
83.2522053201	1.12316397567e-05
83.5663645855	1.70202980838e-05
83.8805238509	1.68678188018e-05
84.1946831162	7.8644685776e-06
84.5088423816	-3.20324999691e-06
84.8230016469	-1.00067720737e-05
85.1371609123	-1.09708975083e-05
85.4513201776	-8.16720248098e-06
85.765479443	-5.72992013057e-06
86.0796387084	-4.34883043772e-06
86.3937979737	-3.09039953523e-06
86.7079572391	-2.78117101478e-06
87.0221165044	-2.78388518756e-06
87.3362757698	-2.3407081868e-06
87.6504350352	-2.04215215779e-06
87.9645943005	-2.93697634737e-06
88.2787535659	-4.96328111279e-06
88.5929128312	-4.20386281316e-06
88.9070720966	-1.30324029487e-06
89.221231362	-5.19458487162e-06
89.5353906273	-3.90318543114e-06
89.8495498927	1.27740816157e-05
90.163709158	2.18100380016e-05
90.4778684234	-5.88047586208e-06
90.7920276888	-3.20195060109e-05
91.1061869541	-2.68357879396e-05
91.4203462195	-1.00985529964e-05
91.7345054848	5.7532771129e-06
92.0486647502	1.65960310879e-05
92.3628240155	2.24622020139e-05
92.6769832809	2.2024503748e-05
92.9911425463	1.44006853277e-05
93.3053018116	3.62609975439e-06
93.619461077	-2.52971395579e-06
93.9336203423	-3.59520379878e-06
94.2477796077	-2.87417391827e-06
94.5619388731	-2.2575720593e-06
94.8760981384	-2.26004083835e-06
95.1902574038	-4.72429611322e-06
95.5044166691	-8.21713252982e-06
95.8185759345	-8.10077569607e-06
96.1327351999	-4.27959633828e-06
96.4468944652	-1.26615264345e-06
96.7610537306	-3.20496912218e-06
97.0752129959	-9.59478713289e-06
97.3893722613	-1.42631529948e-05
97.7035315266	-9.20274255878e-06
98.017690792	1.70147796666e-06
98.3318500574	5.24720795031e-06
98.6460093227	1.42835668302e-05
98.9601685881	2.49291735756e-05
99.2743278534	1.75737789664e-05
99.5884871188	-1.35044293393e-05
99.9026463842	-2.30520525504e-05
100.21680565	-1.04323123268e-05
100.530964915	3.88097013826e-06
100.84512418	1.3369491026e-05
101.159283446	1.75168489294e-05
101.473442711	1.55153474475e-05
101.787601976	7.95866872524e-06
102.101761242	8.67146451237e-07
102.415920507	-1.39956725813e-06
102.730079772	-7.31610814395e-07
103.044239038	-2.01985798523e-06
103.358398303	-5.64663420606e-06
103.672557568	-7.38029521935e-06
103.986716834	-4.77251468252e-06
104.300876099	-2.22362180861e-07
104.615035365	1.73626002246e-06
104.92919463	5.21537110141e-07
105.243353895	-1.69324816349e-06
105.557513161	-3.89206706962e-06
105.871672426	-4.90677224679e-06
106.185831691	-4.21337582015e-06
106.499990957	-9.27423210058e-08
106.814150222	6.94319426865e-06
107.128309487	7.48616397489e-06
107.442468753	3.02819997751e-06
107.756628018	7.38761999945e-06
108.070787283	1.26661801806e-05
108.384946549	-2.57257597828e-06
108.699105814	-2.42086469944e-05
109.01326508	-1.79911100005e-05
109.327424345	-4.08266783227e-06
109.64158361	4.58076243788e-06
109.955742876	1.19431972168e-05
110.269902141	2.048123092e-05
110.584061406	2.49598293219e-05
110.898220672	1.96784462266e-05
111.212379937	6.3257962599e-06
111.526539202	-4.91234096077e-06
111.840698468	-1.00648840797e-05
112.154857733	-1.00998450817e-05
112.469016999	-6.97308771984e-06
112.783176264	-3.46982099075e-06
113.097335529	-1.9403738341e-06
113.411494795	-4.55133170399e-06
113.72565406	-1.03904025997e-05
114.039813325	-1.60253318828e-05
114.353972591	-1.69601463782e-05
114.668131856	-1.25483972676e-05
114.982291121	-7.84831221216e-06
115.296450387	-4.86247867792e-06
115.610609652	-2.17546328235e-06
115.924768917	-2.48813128122e-07
116.238928183	-1.46748986722e-06
116.553087448	7.43945732002e-06
116.867246714	2.38879799681e-05
117.181405979	2.52278512549e-05
117.495565244	-6.44619311731e-06
117.80972451	-2.66276492155e-05
118.123883775	-1.84565349401e-05
118.43804304	-2.29851923946e-06
118.752202306	1.22430673891e-05
119.066361571	2.23916888502e-05
119.380520836	2.57052427763e-05
119.694680102	1.69129473529e-05
120.008839367	-7.8010639182e-07
120.322998632	-1.45650677139e-05
120.637157898	-1.63174573151e-05
120.951317163	-1.00975817207e-05
121.265476429	-4.04227671751e-06
121.579635694	-1.50046542983e-06
121.893794959	-2.60115003624e-06
122.207954225	-5.90361357159e-06
122.52211349	-6.69508071974e-06
122.836272755	-4.17161222266e-06
123.150432021	-1.13219077993e-06
123.464591286	-2.98635246315e-07
123.778750551	-2.85166300525e-06
124.092909817	-6.33653318172e-06
124.407069082	-6.31867503144e-06
124.721228348	1.60995263526e-06
125.035387613	1.20275125803e-05
125.349546878	1.42892598072e-05
125.663706144	1.93792995845e-05
125.977865409	2.04962912241e-05
126.292024674	8.18138601894e-07
126.60618394	-3.46699957643e-05
126.920343205	-3.50323639206e-05
127.23450247	-1.25057427285e-05
127.548661736	6.92200958835e-06
127.862821001	1.76569828863e-05
128.176980266	2.10482000493e-05
128.491139532	1.90539958848e-05
128.805298797	1.46671183721e-05
129.119458063	8.54307253325e-06
129.433617328	2.58019511532e-06
129.747776593	-1.48697002066e-06
130.061935859	-5.69632974185e-06
130.376095124	-8.60492138439e-06
130.690254389	-7.62960337404e-06
131.004413655	-2.86654152181e-06
131.31857292	2.29293598319e-06
131.632732185	3.54618559545e-06
131.946891451	-7.79023089208e-08
132.261050716	-7.98830768303e-06
132.575209981	-1.60156497711e-05
132.889369247	-1.69422017191e-05
133.203528512	-1.11216216037e-05
133.517687778	-2.12262042518e-06
133.831847043	7.0880021432e-06
134.146006308	8.65628989817e-06
134.460165574	5.26803677781e-06
134.774324839	1.1103965644e-05
135.088484104	1.88505267407e-05
135.40264337	4.01190235743e-06
135.716802635	-2.04438944329e-05
136.0309619	-1.95017673423e-05
136.345121166	-8.88127128116e-06
136.659280431	9.9783356114e-08
136.973439697	1.05856776719e-05
137.287598962	2.10352314903e-05
137.601758227	2.48414768682e-05
137.915917493	1.66391265611e-05
138.230076758	5.96028238271e-07
138.544236023	-1.30049421744e-05
138.858395289	-1.86766279206e-05
139.172554554	-1.43793379118e-05
139.486713819	-5.48266526477e-06
139.800873085	1.28495780428e-06
140.11503235	3.75487604491e-06
140.429191615	2.08415379031e-06
140.743350881	-2.07516314503e-06
141.057510146	-6.23832983687e-06
141.371669412	-6.49339721382e-06
141.685828677	-3.22635466326e-06
141.999987942	-1.0212875703e-06
142.314147208	-7.2613873885e-07
142.628306473	-7.17154112061e-07
142.942465738	1.30667876252e-06
143.256625004	2.16698629618e-06
143.570784269	8.83850200169e-06
143.884943534	2.04323225651e-05
144.1991028	1.7902804804e-05
144.513262065	-1.73202922367e-05
144.82742133	-4.45925622576e-05
145.141580596	-3.63086745026e-05
145.455739861	-1.30874785146e-05
145.769899127	7.87886551603e-06
146.084058392	2.14329783133e-05
146.398217657	2.69449133478e-05
146.712376923	2.19135709443e-05
147.026536188	9.70675175525e-06
147.340695453	-2.04476683141e-06
147.654854719	-5.37994987141e-06
147.969013984	-2.80099945874e-06
148.283173249	-1.87319705632e-07
148.597332515	1.12431864855e-06
148.91149178	1.39432966192e-07
149.225651046	-1.01267820391e-06
149.539810311	7.5796014785e-07
149.853969576	3.50865213795e-06
150.168128842	3.9885134813e-06
150.482288107	-6.20502860604e-07
150.796447372	-8.81694318236e-06
151.110606638	-1.54056009756e-05
151.424765903	-1.43853936377e-05
151.738925168	-2.74765999587e-06
152.053084434	1.10180740953e-05
152.367243699	1.46936234493e-05
152.681402964	1.93298589756e-05
152.99556223	2.43484787972e-05
153.309721495	1.49622335231e-05
153.623880761	-1.91285274154e-05
153.938040026	-2.84679341266e-05
154.252199291	-1.09598401101e-05
154.566358557	6.4132816932e-06
154.880517822	1.69718475849e-05
155.194677087	2.0719427528e-05
155.508836353	2.07072171173e-05
155.822995618	1.76143795759e-05
156.137154883	9.25101674478e-06
156.451314149	-2.34291042338e-06
156.765473414	-1.33143022294e-05
157.079632679	-2.10170434638e-05
157.393791945	-2.17627316205e-05
157.70795121	-1.55316723459e-05
158.022110476	-6.15766581308e-06
158.336269741	6.18677474396e-07
158.650429006	2.75402186175e-06
158.964588272	1.28760326717e-06
159.278747537	-3.66420949737e-06
159.592906802	-8.91746298142e-06
159.907066068	-1.05570758463e-05
160.221225333	-7.40140541272e-06
160.535384598	-9.81964951389e-07
160.849543864	5.97232683933e-06
161.163703129	9.6747330954e-06
161.477862395	5.90926744976e-06
161.79202166	1.02798490493e-05
162.106180925	1.9631917966e-05
162.420340191	1.06805070855e-05
162.734499456	-2.42587474999e-05
163.048658721	-3.87335911791e-05
163.362817987	-3.01767800698e-05
163.676977252	-1.29576490094e-05
163.991136517	6.66984414237e-06
164.305295783	2.25816662865e-05
164.619455048	2.95519725764e-05
164.933614313	2.5414258497e-05
165.247773579	1.36388718167e-05
165.561932844	6.43747119359e-07
165.87609211	-7.22417716474e-06
166.190251375	-7.55718660366e-06
166.50441064	-2.88170665944e-06
166.818569906	1.97297196208e-06
167.132729171	3.54322002708e-06
167.446888436	2.45684868211e-06
167.761047702	-4.19024072395e-07
168.075206967	-4.02173249407e-06
168.389366232	-6.23877871109e-06
168.703525498	-8.43022048191e-06
169.017684763	-1.26147385831e-05
169.331844029	-1.87291285306e-05
169.646003294	-2.09421456043e-05
169.960162559	-1.21004622606e-05
170.274321825	1.22796331739e-07
170.58848109	8.38200618546e-06
170.902640355	2.12997261481e-05
171.216799621	2.86048605952e-05
171.530958886	6.90244467082e-06
171.845118151	-2.80034950642e-05
172.159277417	-3.00964550235e-05
172.473436682	-1.16778793765e-05
172.787595947	7.97129364033e-06
173.101755213	2.27328147668e-05
173.415914478	3.02775612311e-05
173.730073744	2.89640425481e-05
174.044233009	1.95769711849e-05
174.358392274	5.47881637109e-06
174.67255154	-5.21432239081e-06
174.986710805	-1.11387286959e-05
175.30087007	-1.50019074748e-05
175.615029336	-1.70291672076e-05
175.929188601	-1.4833823783e-05
176.243347866	-7.38293836122e-06
176.557507132	8.94363467158e-07
176.871666397	6.49235362223e-06
177.185825662	8.63795786057e-06
177.499984928	7.07915070315e-06
177.814144193	2.89728319638e-06
178.128303459	-2.95528342329e-06
178.442462724	-6.37941655487e-06
178.756621989	-1.78878503587e-06
179.070781255	9.43341007684e-06
179.38494052	1.66622857856e-05
179.699099785	1.75486946751e-05
180.013259051	2.27772201349e-05
180.327418316	2.40112813379e-05
180.641577581	1.18932997453e-06
180.955736847	-3.05185633278e-05
181.269896112	-3.3722707152e-05
181.584055378	-2.2213756167e-05
181.898214643	-9.95086941246e-06
182.212373908	3.28372751263e-06
182.526533174	1.64830235066e-05
182.840692439	2.26828236483e-05
183.154851704	1.9122692463e-05
183.46901097	8.89557696198e-06
183.783170235	-1.54950565342e-06
184.0973295	-9.11406326794e-06
184.411488766	-1.38801543871e-05
184.725648031	-1.35298525341e-05
185.039807296	-7.5044345679e-06
185.353966562	-6.34734584193e-07
185.668125827	3.57902214878e-06
185.982285093	4.27678164205e-06
186.296444358	2.59766682448e-06
186.610603623	-1.90146017628e-07
186.924762889	-5.05396247094e-06
187.238922154	-1.02023795762e-05
187.553081419	-1.37770799e-05
187.867240685	-1.37456175782e-05
188.18139995	-7.68304162691e-06
188.495559215	-4.89921776229e-07
188.809718481	8.9084667658e-06
189.123877746	2.3490415293e-05
189.438037011	2.8916472125e-05
189.752196277	2.21313009779e-06
190.066355542	-2.58507101993e-05
190.380514808	-2.42558320988e-05
190.694674073	-1.1845313572e-05
191.008833338	1.97154840096e-06
191.322992604	1.68908965013e-05
191.637151869	2.73559915445e-05
191.951311134	2.83603911514e-05
192.2654704	1.98745695991e-05
192.579629665	6.20005533835e-06
192.89378893	-5.84799417949e-06
193.207948196	-1.53874052643e-05
193.522107461	-2.07958992711e-05
193.836266727	-2.15799018908e-05
194.150425992	-1.96226189772e-05
194.464585257	-1.43310991089e-05
194.778744523	-6.80335856692e-06
195.092903788	5.35103559249e-07
195.407063053	5.26299442394e-06
195.721222319	6.29584142361e-06
196.035381584	4.77879988398e-06
196.349540849	6.02630835497e-07
196.663700115	-4.39704420996e-06
196.97785938	-5.78454420604e-06
197.292018645	-2.164679047e-07
197.606177911	6.40424217817e-06
197.920337176	1.3470079427e-05
198.234496442	2.41939088954e-05
198.548655707	2.62427923086e-05
198.862814972	-1.566102484e-06
199.176974238	-3.09009793507e-05
199.491133503	-3.25829542416e-05
199.805292768	-2.23064783779e-05
200.119452034	-1.01963153125e-05
200.433611299	1.90798741236e-06
200.747770564	1.35596755875e-05
201.06192983	1.97375589581e-05
201.376089095	1.82291003561e-05
201.69024836	1.2477027153e-05
202.004407626	6.66485078376e-06
202.318566891	2.49568910381e-06
202.632726157	-1.02719959248e-06
202.946885422	-3.94031182634e-06
203.261044687	-4.1905162285e-06
203.575203953	-1.24281804142e-06
203.889363218	4.01517056565e-06
204.203522483	7.71651821418e-06
204.517681749	8.60385770519e-06
204.831841014	7.43135416333e-06
205.146000279	3.80242634958e-06
205.460159545	-2.09499652174e-06
205.77431881	-9.74446846596e-06
206.088478076	-1.47364907758e-05
206.402637341	-1.23215318023e-05
206.716796606	-8.73178302723e-06
207.030955872	4.21097385677e-07
207.345115137	1.62640012878e-05
207.659274402	2.16201051687e-05
207.973433668	-5.43018933369e-06
208.287592933	-2.63159914124e-05
208.601752198	-1.91683570909e-05
208.915911464	-6.67216472161e-06
209.230070729	2.8455162591e-06
209.544229994	1.1500919955e-05
209.85838926	1.99404968928e-05
210.172548525	2.39479802422e-05
210.486707791	1.96498877713e-05
210.800867056	9.80113164632e-06
211.115026321	9.48893160623e-07
211.429185587	-6.4529626861e-06
211.743344852	-1.23897894743e-05
212.057504117	-1.74334749222e-05
212.371663383	-1.95522861049e-05
212.685822648	-1.58934051445e-05
212.999981913	-8.68198806204e-06
213.314141179	-9.96702325972e-07
213.628300444	4.48518304842e-06
213.942459709	7.05827422511e-06
214.256618975	7.24090325965e-06
214.57077824	4.45098805282e-06
214.884937506	7.63295305727e-07
215.199096771	-1.13626259038e-06
215.513256036	-3.25385150142e-07
215.827415302	-6.52603858066e-07
216.141574567	4.5887436795e-06
216.455733832	1.82209466325e-05
216.769893098	2.2664006561e-05
217.084052363	-3.44671384816e-06
217.398211628	-2.84893989405e-05
217.712370894	-2.75063887735e-05
218.026530159	-1.81500421309e-05
218.340689425	-1.08664768164e-05
218.65484869	-3.5701473181e-06
218.969007955	6.39809186006e-06
219.283167221	1.25356277819e-05
219.597326486	1.19764236208e-05
219.911485751	7.84939239521e-06
220.225645017	4.25873344052e-06
220.539804282	2.13085901037e-06
220.853963547	-3.64985256622e-08
221.168122813	-1.74606564163e-06
221.482282078	-3.22447899189e-06
221.796441343	-4.58573994989e-06
222.110600609	-3.66568267108e-06
222.424759874	-6.21259148598e-07
222.73891914	3.46812270226e-06
223.053078405	5.85931024825e-06
223.36723767	5.27472302772e-06
223.681396936	2.28416022707e-06
223.995556201	-3.35486912376e-06
224.309715466	-8.35868319184e-06
224.623874732	-1.0340623915e-05
224.938033997	-1.17384544201e-05
225.252193262	-4.37232442009e-06
225.566352528	1.2139866045e-05
225.880511793	1.94888979602e-05
226.194671058	-5.2992918022e-06
226.508830324	-2.40529067628e-05
226.822989589	-1.45153194358e-05
227.137148855	1.9877051433e-07
227.45130812	1.09916107007e-05
227.765467385	1.74712793074e-05
228.079626651	2.03016619678e-05
228.393785916	1.9539389905e-05
228.707945181	1.50346932088e-05
229.022104447	8.33644888501e-06
229.336263712	2.70055379389e-06
229.650422977	-2.28104698569e-06
229.964582243	-6.93975113722e-06
230.278741508	-1.19478383613e-05
230.592900774	-1.64405130826e-05
230.907060039	-1.83936670066e-05
231.221219304	-1.55487850869e-05
231.53537857	-7.84524395448e-06
231.849537835	-6.94046427462e-07
232.1636971	3.25267148897e-06
232.477856366	4.50691533495e-06
232.792015631	3.68933194779e-06
233.106174896	2.5760030238e-06
233.420334162	2.71292337258e-06
233.734493427	4.61456971525e-06
234.048652692	2.74037758977e-06
234.362811958	2.02307669301e-06
234.676971223	1.21445350835e-05
234.991130489	1.90662706582e-05
235.305289754	-3.05770658283e-06
235.619449019	-2.60030521513e-05
235.933608285	-2.26622631008e-05
236.24776755	-1.12219950745e-05
236.561926815	-3.51341137869e-06
236.876086081	9.87922257126e-07
237.190245346	5.27635695456e-06
237.504404611	8.62244167098e-06
237.818563877	9.49263612168e-06
238.132723142	6.81337344054e-06
238.446882407	4.05594899093e-06
238.761041673	3.05786299297e-06
239.075200938	2.41381438538e-06
239.389360204	1.86901035612e-06
239.703519469	9.87288228664e-07
240.017678734	-3.59021832574e-07
240.331838	-1.66707198244e-06
240.645997265	-3.15145386357e-06
240.96015653	-2.81561951042e-06
241.274315796	-5.87301230194e-07
241.588475061	1.4976340368e-06
241.902634326	1.85377800872e-06
0.314159265359	-5.08956467571e-08
0.628318530718	-4.34980101938e-07
0.942477796077	-1.80886423091e-06
1.25663706144	-3.76079615541e-06
1.57079632679	-5.07793313061e-06
1.88495559215	-4.96704165981e-06
2.19911485751	-3.49597480088e-06
2.51327412287	-1.36612322784e-06
2.82743338823	7.35169980202e-07
3.14159265359	2.34187062107e-06
3.45575191895	3.19934125439e-06
3.76991118431	3.29023290361e-06
4.08407044967	2.62667062164e-06
4.39822971503	1.26497262921e-06
4.71238898039	-5.69069345132e-07
5.02654824574	-2.40011025839e-06
5.3407075111	-3.7758853992e-06
5.65486677646	-4.40155116072e-06
5.96902604182	-4.25961324767e-06
6.28318530718	-3.7771885248e-06
6.59734457254	-4.2238459644e-06
6.9115038379	-7.59441411084e-06
7.22566310326	-1.33750878369e-05
7.53982236862	-1.6615131644e-05
7.85398163398	-1.61012853907e-05
8.16814089933	-1.12850616201e-05
8.48230016469	-6.53335726842e-07
8.79645943005	6.72032002197e-06
9.11061869541	4.49863701015e-06
9.42477796077	1.68305531012e-05
9.73893722613	2.60028601184e-05
10.0530964915	4.43164961846e-06
10.3672557568	-1.74376580327e-05
10.6814150222	-1.04218190328e-05
10.9955742876	3.57942066568e-06
11.3097335529	1.53964515385e-05
11.6238928183	2.46599650633e-05
11.9380520836	2.97194718228e-05
12.252211349	2.99681526588e-05
12.5663706144	2.4075689036e-05
12.8805298797	1.50082542103e-05
13.1946891451	7.23357990705e-06
13.5088484104	3.06917343354e-07
13.8230076758	-4.86609671811e-06
14.1371669412	-6.16148817943e-06
14.4513262065	-5.2271148656e-06
14.7654854719	-4.02121265629e-06
15.0796447372	-3.26960324871e-06
15.3938040026	-2.78107175018e-06
15.707963268	-2.60351056154e-06
16.0221225333	-3.39433822108e-06
16.3362817987	-5.50140065695e-06
16.650441064	-7.87914800316e-06
16.9646003294	-9.37377900386e-06
17.2787595947	-5.35638677791e-06
17.5929188601	2.79042198064e-06
17.9070781255	8.9835433277e-08
18.2212373908	8.2424165838e-06
18.5353966562	2.19073723685e-05
18.8495559215	1.64430766766e-05
19.1637151869	-1.29468474458e-05
19.4778744523	-2.3929419521e-05
19.7920337176	-1.76608292114e-05
20.106192983	-9.97301133837e-06
20.4203522483	-1.36662895857e-06
20.7345115137	7.12515809101e-06
21.0486707791	1.08489327962e-05
21.3628300444	6.07776365513e-06
21.6769893098	-2.75477564204e-06
21.9911485751	-8.16242871162e-06
22.3053078405	-9.13950268764e-06
22.6194671058	-8.04025608649e-06
22.9336263712	-6.43675172973e-06
23.2477856366	-4.63160905838e-06
23.5619449019	-2.98512267902e-06
23.8761041673	-2.14661129779e-06
24.1902634326	-1.62898242974e-06
24.504422698	-1.24598753583e-06
24.8185819634	-9.69524034924e-07
25.1327412287	1.2396398106e-08
25.4469004941	1.30329272568e-06
25.7610597594	1.76440615377e-06
26.0752190248	3.99422450435e-06
26.3893782902	1.05106313353e-05
26.7035375555	9.37885843426e-06
27.0176968209	9.65890359379e-06
27.3318560862	2.17097946834e-05
27.6460153516	1.76860222455e-05
27.960174617	-1.89696119465e-05
28.2743338823	-3.17356882755e-05
28.5884931477	-1.9762383987e-05
28.902652413	-5.97128267551e-06
29.2168116784	4.75108046947e-06
29.5309709437	1.2656863007e-05
29.8451302091	1.71652515862e-05
30.1592894745	1.525410983e-05
30.4734487398	7.03496026578e-06
30.7876080052	-1.08566413777e-06
31.1017672705	-3.96372135541e-06
31.4159265359	-3.2521560364e-06
31.7300858013	-1.63234339865e-06
32.0442450666	-3.96036142703e-07
32.358404332	-6.18316976503e-07
32.6725635973	-2.17205237565e-06
32.9867228627	-2.38757243548e-06
33.3008821281	-1.42195078727e-06
33.6150413934	-1.23002237853e-06
33.9292006588	-2.20595114438e-06
34.2433599241	-4.49984245726e-06
34.5575191895	-7.24591108651e-06
34.8716784548	-7.09029639405e-06
35.1858377202	8.02539410429e-07
35.4999969856	9.01135730435e-06
35.8141562509	9.15473842239e-06
36.1283155163	2.07139246668e-05
36.4424747816	2.83866936585e-05
36.756634047	4.63213396884e-06
37.0707933124	-2.26772260374e-05
37.3849525777	-1.99446029218e-05
37.6991118431	-6.42570653409e-06
38.0132711084	5.60051035683e-06
38.3274303738	1.39948003614e-05
38.6415896392	1.72389998932e-05
38.9557489045	1.36789916965e-05
39.2699081699	3.58567949375e-06
39.5840674352	-6.29326056879e-06
39.8982267006	-1.05688711773e-05
40.212385966	-1.07107091242e-05
40.5265452313	-9.64160807017e-06
40.8407044967	-8.28559618199e-06
41.154863762	-6.60456490554e-06
41.4690230274	-5.53310425439e-06
41.7831822927	-5.43834287368e-06
42.0973415581	-6.03818278686e-06
42.4115008235	-7.11802842832e-06
42.7256600888	-8.24641157247e-06
43.0398193542	-9.34822060836e-06
43.3539786195	-1.03299206004e-05
43.6681378849	-9.47740642858e-06
43.9822971503	-2.24578844751e-06
44.2964564156	9.27125953774e-06
44.610615681	1.12350509455e-05
44.9247749463	1.71736415162e-05
45.2389342117	2.50407371313e-05
45.5530934771	1.45922208786e-05
45.8672527424	-2.02431710138e-05
46.1814120078	-2.98753499533e-05
46.4955712731	-1.77009478019e-05
46.8097305385	-4.24256544197e-06
47.1238898039	6.60197193386e-06
47.4380490692	1.49489085563e-05
47.7522083346	1.94225164323e-05
48.0663675999	1.65689204852e-05
48.3805268653	7.56650189126e-06
48.6946861306	-1.07310102194e-06
49.008845396	-4.94271433974e-06
49.3230046614	-5.61140066703e-06
49.6371639267	-4.92315571283e-06
49.9513231921	-3.71508137746e-06
50.2654824574	-2.41838415435e-06
50.5796417228	-1.07642672703e-06
50.8938009882	-2.41536875137e-07
51.2079602535	-9.35328860744e-07
51.5221195189	-3.92264989184e-06
51.8362787842	-7.88112712661e-06
52.1504380496	-1.00608724332e-05
52.464597315	-1.03133888141e-05
52.7787565803	-7.65093748138e-06
53.0929158457	-3.32654901074e-07
53.407075111	2.70695726403e-06
53.7212343764	6.15470416618e-06
54.0353936417	2.07876775191e-05
54.3495529071	2.7111637032e-05
54.6637121725	1.47382261091e-06
54.9778714378	-2.13677166658e-05
55.2920307032	-1.55369996791e-05
55.6061899685	-1.48126874237e-06
55.9203492339	1.02181029981e-05
56.2345084993	1.90220092971e-05
56.5486677646	2.43965774572e-05
56.86282703	2.40595421591e-05
57.1769862953	1.55014970141e-05
57.4911455607	3.31604942954e-06
57.8053048261	-5.89666418331e-06
58.1194640914	-1.04000057403e-05
58.4336233568	-9.14578222353e-06
58.7477826221	-5.29343482568e-06
59.0619418875	-3.06768588343e-06
59.3761011529	-2.91297760996e-06
59.6902604182	-3.77118926687e-06
60.0044196836	-4.88956573021e-06
60.3185789489	-6.24366824799e-06
60.6327382143	-8.23632136207e-06
60.9468974796	-1.02531044459e-05
61.261056745	-1.20331597425e-05
61.5752160104	-1.15204516836e-05
61.8893752757	-4.76651773303e-06
62.2035345411	3.5555888715e-06
62.5176938064	4.93138405103e-06
62.8318530718	1.58432941554e-05
63.1460123372	2.8285349311e-05
63.4601716025	1.86658473236e-05
63.7743308679	-1.66928851782e-05
64.0884901332	-2.87351483364e-05
64.4026493986	-1.97180989973e-05
64.716808664	-4.76373725211e-06
65.0309679293	9.5883969958e-06
65.3451271947	1.81817778217e-05
65.65928646	2.02672154808e-05
65.9734457254	1.48783492384e-05
66.2876049907	4.89536406433e-06
66.6017642561	-3.07271397131e-06
66.9159235215	-7.14216319176e-06
67.2300827868	-8.38591521112e-06
67.5442420522	-7.98910833954e-06
67.8584013175	-6.78828345698e-06
68.1725605829	-4.78302793018e-06
68.4867198483	-2.90928874911e-06
68.8008791136	-1.31372501145e-06
69.115038379	-1.69145869547e-07
69.4291976443	3.44173074103e-07
69.7433569097	4.21379028339e-07
70.0575161751	-2.0815910732e-06
70.3716754404	-7.77073234689e-06
70.6858347058	-1.05038279044e-05
70.9999939711	-3.70771074106e-06
71.3141532365	1.9703084089e-06
71.6283125019	7.21727685255e-06
71.9424717672	1.81490868428e-05
72.2566310326	1.98058850408e-05
72.5707902979	-8.23710795553e-06
72.8849495633	-2.76272078787e-05
73.1991088286	-1.87079291098e-05
73.513268094	-3.79105285811e-06
73.8274273594	8.07484581653e-06
74.1415866247	1.62592106613e-05
74.4557458901	2.15477506257e-05
74.7699051554	2.09442862734e-05
75.0840644208	1.35175198018e-05
75.3982236862	3.52977452116e-06
75.7123829515	-2.36435459353e-06
76.0265422169	-3.46367728143e-06
76.3407014822	-4.4997689833e-06
76.6548607476	-7.66507557653e-06
76.969020013	-9.11898621699e-06
77.2831792783	-5.99932524076e-06
77.5973385437	-1.25359425367e-06
77.911497809	3.73427251917e-08
78.2256570744	-2.73704798236e-06
78.5398163398	-6.91494233101e-06
78.8539756051	-9.7316888871e-06
79.1681348705	-1.03264617905e-05
79.4822941358	-9.10121493304e-06
79.7964534012	-2.74340656113e-06
80.1106126665	5.40907836132e-06
80.4247719319	7.34499224894e-06
80.7389311973	1.84563255536e-05
81.0530904626	2.99573265496e-05
81.367249728	1.950947615e-05
81.6814089933	-1.27674588605e-05
81.9955682587	-2.02380013871e-05
82.3097275241	-7.94226889685e-06
82.6238867894	2.48052142238e-06
82.9380460548	6.97127597915e-06
83.2522053201	1.12316397567e-05
83.5663645855	1.70202980838e-05
83.8805238509	1.68678188018e-05
84.1946831162	7.8644685776e-06
84.5088423816	-3.20324999691e-06
84.8230016469	-1.00067720737e-05
85.1371609123	-1.09708975083e-05
85.4513201776	-8.16720248098e-06
85.765479443	-5.72992013057e-06
86.0796387084	-4.34883043772e-06
86.3937979737	-3.09039953523e-06
86.7079572391	-2.78117101478e-06
87.0221165044	-2.78388518756e-06
87.3362757698	-2.3407081868e-06
87.6504350352	-2.04215215779e-06
87.9645943005	-2.93697634737e-06
88.2787535659	-4.96328111279e-06
88.5929128312	-4.20386281316e-06
88.9070720966	-1.30324029487e-06
89.221231362	-5.19458487162e-06
89.5353906273	-3.90318543114e-06
89.8495498927	1.27740816157e-05
90.163709158	2.18100380016e-05
90.4778684234	-5.88047586208e-06
90.7920276888	-3.20195060109e-05
91.1061869541	-2.68357879396e-05
91.4203462195	-1.00985529964e-05
91.7345054848	5.7532771129e-06
92.0486647502	1.65960310879e-05
92.3628240155	2.24622020139e-05
92.6769832809	2.2024503748e-05
92.9911425463	1.44006853277e-05
93.3053018116	3.62609975439e-06
93.619461077	-2.52971395579e-06
93.9336203423	-3.59520379878e-06
94.2477796077	-2.87417391827e-06
94.5619388731	-2.2575720593e-06
94.8760981384	-2.26004083835e-06
95.1902574038	-4.72429611322e-06
95.5044166691	-8.21713252982e-06
95.8185759345	-8.10077569607e-06
96.1327351999	-4.27959633828e-06
96.4468944652	-1.26615264345e-06
96.7610537306	-3.20496912218e-06
97.0752129959	-9.59478713289e-06
97.3893722613	-1.42631529948e-05
97.7035315266	-9.20274255878e-06
98.017690792	1.70147796666e-06
98.3318500574	5.24720795031e-06
98.6460093227	1.42835668302e-05
98.9601685881	2.49291735756e-05
99.2743278534	1.75737789664e-05
99.5884871188	-1.35044293393e-05
99.9026463842	-2.30520525504e-05
100.21680565	-1.04323123268e-05
100.530964915	3.88097013826e-06
100.84512418	1.3369491026e-05
101.159283446	1.75168489294e-05
101.473442711	1.55153474475e-05
101.787601976	7.95866872524e-06
102.101761242	8.67146451237e-07
102.415920507	-1.39956725813e-06
102.730079772	-7.31610814395e-07
103.044239038	-2.01985798523e-06
103.358398303	-5.64663420606e-06
103.672557568	-7.38029521935e-06
103.986716834	-4.77251468252e-06
104.300876099	-2.22362180861e-07
104.615035365	1.73626002246e-06
104.92919463	5.21537110141e-07
105.243353895	-1.69324816349e-06
105.557513161	-3.89206706962e-06
105.871672426	-4.90677224679e-06
106.185831691	-4.21337582015e-06
106.499990957	-9.27423210058e-08
106.814150222	6.94319426865e-06
107.128309487	7.48616397489e-06
107.442468753	3.02819997751e-06
107.756628018	7.38761999945e-06
108.070787283	1.26661801806e-05
108.384946549	-2.57257597828e-06
108.699105814	-2.42086469944e-05
109.01326508	-1.79911100005e-05
109.327424345	-4.08266783227e-06
109.64158361	4.58076243788e-06
109.955742876	1.19431972168e-05
110.269902141	2.048123092e-05
110.584061406	2.49598293219e-05
110.898220672	1.96784462266e-05
111.212379937	6.3257962599e-06
111.526539202	-4.91234096077e-06
111.840698468	-1.00648840797e-05
112.154857733	-1.00998450817e-05
112.469016999	-6.97308771984e-06
112.783176264	-3.46982099075e-06
113.097335529	-1.9403738341e-06
113.411494795	-4.55133170399e-06
113.72565406	-1.03904025997e-05
114.039813325	-1.60253318828e-05
114.353972591	-1.69601463782e-05
114.668131856	-1.25483972676e-05
114.982291121	-7.84831221216e-06
115.296450387	-4.86247867792e-06
115.610609652	-2.17546328235e-06
115.924768917	-2.48813128122e-07
116.238928183	-1.46748986722e-06
116.553087448	7.43945732002e-06
116.867246714	2.38879799681e-05
117.181405979	2.52278512549e-05
117.495565244	-6.44619311731e-06
117.80972451	-2.66276492155e-05
118.123883775	-1.84565349401e-05
118.43804304	-2.29851923946e-06
118.752202306	1.22430673891e-05
119.066361571	2.23916888502e-05
119.380520836	2.57052427763e-05
119.694680102	1.69129473529e-05
120.008839367	-7.8010639182e-07
120.322998632	-1.45650677139e-05
120.637157898	-1.63174573151e-05
120.951317163	-1.00975817207e-05
121.265476429	-4.04227671751e-06
121.579635694	-1.50046542983e-06
121.893794959	-2.60115003624e-06
122.207954225	-5.90361357159e-06
122.52211349	-6.69508071974e-06
122.836272755	-4.17161222266e-06
123.150432021	-1.13219077993e-06
123.464591286	-2.98635246315e-07
123.778750551	-2.85166300525e-06
124.092909817	-6.33653318172e-06
124.407069082	-6.31867503144e-06
124.721228348	1.60995263526e-06
125.035387613	1.20275125803e-05
125.349546878	1.42892598072e-05
125.663706144	1.93792995845e-05
125.977865409	2.04962912241e-05
126.292024674	8.18138601894e-07
126.60618394	-3.46699957643e-05
126.920343205	-3.50323639206e-05
127.23450247	-1.25057427285e-05
127.548661736	6.92200958835e-06
127.862821001	1.76569828863e-05
128.176980266	2.10482000493e-05
128.491139532	1.90539958848e-05
128.805298797	1.46671183721e-05
129.119458063	8.54307253325e-06
129.433617328	2.58019511532e-06
129.747776593	-1.48697002066e-06
130.061935859	-5.69632974185e-06
130.376095124	-8.60492138439e-06
130.690254389	-7.62960337404e-06
131.004413655	-2.86654152181e-06
131.31857292	2.29293598319e-06
131.632732185	3.54618559545e-06
131.946891451	-7.79023089208e-08
132.261050716	-7.98830768303e-06
132.575209981	-1.60156497711e-05
132.889369247	-1.69422017191e-05
133.203528512	-1.11216216037e-05
133.517687778	-2.12262042518e-06
133.831847043	7.0880021432e-06
134.146006308	8.65628989817e-06
134.460165574	5.26803677781e-06
134.774324839	1.1103965644e-05
135.088484104	1.88505267407e-05
135.40264337	4.01190235743e-06
135.716802635	-2.04438944329e-05
136.0309619	-1.95017673423e-05
136.345121166	-8.88127128116e-06
136.659280431	9.9783356114e-08
136.973439697	1.05856776719e-05
137.287598962	2.10352314903e-05
137.601758227	2.48414768682e-05
137.915917493	1.66391265611e-05
138.230076758	5.96028238271e-07
138.544236023	-1.30049421744e-05
138.858395289	-1.86766279206e-05
139.172554554	-1.43793379118e-05
139.486713819	-5.48266526477e-06
139.800873085	1.28495780428e-06
140.11503235	3.75487604491e-06
140.429191615	2.08415379031e-06
140.743350881	-2.07516314503e-06
141.057510146	-6.23832983687e-06
141.371669412	-6.49339721382e-06
141.685828677	-3.22635466326e-06
141.999987942	-1.0212875703e-06
142.314147208	-7.2613873885e-07
142.628306473	-7.17154112061e-07
142.942465738	1.30667876252e-06
143.256625004	2.16698629618e-06
143.570784269	8.83850200169e-06
143.884943534	2.04323225651e-05
144.1991028	1.7902804804e-05
144.513262065	-1.73202922367e-05
144.82742133	-4.45925622576e-05
145.141580596	-3.63086745026e-05
145.455739861	-1.30874785146e-05
145.769899127	7.87886551603e-06
146.084058392	2.14329783133e-05
146.398217657	2.69449133478e-05
146.712376923	2.19135709443e-05
147.026536188	9.70675175525e-06
147.340695453	-2.04476683141e-06
147.654854719	-5.37994987141e-06
147.969013984	-2.80099945874e-06
148.283173249	-1.87319705632e-07
148.597332515	1.12431864855e-06
148.91149178	1.39432966192e-07
149.225651046	-1.01267820391e-06
149.539810311	7.5796014785e-07
149.853969576	3.50865213795e-06
150.168128842	3.9885134813e-06
150.482288107	-6.20502860604e-07
150.796447372	-8.81694318236e-06
151.110606638	-1.54056009756e-05
151.424765903	-1.43853936377e-05
151.738925168	-2.74765999587e-06
152.053084434	1.10180740953e-05
152.367243699	1.46936234493e-05
152.681402964	1.93298589756e-05
152.99556223	2.43484787972e-05
153.309721495	1.49622335231e-05
153.623880761	-1.91285274154e-05
153.938040026	-2.84679341266e-05
154.252199291	-1.09598401101e-05
154.566358557	6.4132816932e-06
154.880517822	1.69718475849e-05
155.194677087	2.0719427528e-05
155.508836353	2.07072171173e-05
155.822995618	1.76143795759e-05
156.137154883	9.25101674478e-06
156.451314149	-2.34291042338e-06
156.765473414	-1.33143022294e-05
157.079632679	-2.10170434638e-05
157.393791945	-2.17627316205e-05
157.70795121	-1.55316723459e-05
158.022110476	-6.15766581308e-06
158.336269741	6.18677474396e-07
158.650429006	2.75402186175e-06
158.964588272	1.28760326717e-06
159.278747537	-3.66420949737e-06
159.592906802	-8.91746298142e-06
159.907066068	-1.05570758463e-05
160.221225333	-7.40140541272e-06
160.535384598	-9.81964951389e-07
160.849543864	5.97232683933e-06
161.163703129	9.6747330954e-06
161.477862395	5.90926744976e-06
161.79202166	1.02798490493e-05
162.106180925	1.9631917966e-05
162.420340191	1.06805070855e-05
162.734499456	-2.42587474999e-05
163.048658721	-3.87335911791e-05
163.362817987	-3.01767800698e-05
163.676977252	-1.29576490094e-05
163.991136517	6.66984414237e-06
164.305295783	2.25816662865e-05
164.619455048	2.95519725764e-05
164.933614313	2.5414258497e-05
165.247773579	1.36388718167e-05
165.561932844	6.43747119359e-07
165.87609211	-7.22417716474e-06
166.190251375	-7.55718660366e-06
166.50441064	-2.88170665944e-06
166.818569906	1.97297196208e-06
167.132729171	3.54322002708e-06
167.446888436	2.45684868211e-06
167.761047702	-4.19024072395e-07
168.075206967	-4.02173249407e-06
168.389366232	-6.23877871109e-06
168.703525498	-8.43022048191e-06
169.017684763	-1.26147385831e-05
169.331844029	-1.87291285306e-05
169.646003294	-2.09421456043e-05
169.960162559	-1.21004622606e-05
170.274321825	1.22796331739e-07
170.58848109	8.38200618546e-06
170.902640355	2.12997261481e-05
171.216799621	2.86048605952e-05
171.530958886	6.90244467082e-06
171.845118151	-2.80034950642e-05
172.159277417	-3.00964550235e-05
172.473436682	-1.16778793765e-05
172.787595947	7.97129364033e-06
173.101755213	2.27328147668e-05
173.415914478	3.02775612311e-05
173.730073744	2.89640425481e-05
174.044233009	1.95769711849e-05
174.358392274	5.47881637109e-06
174.67255154	-5.21432239081e-06
174.986710805	-1.11387286959e-05
175.30087007	-1.50019074748e-05
175.615029336	-1.70291672076e-05
175.929188601	-1.4833823783e-05
176.243347866	-7.38293836122e-06
176.557507132	8.94363467158e-07
176.871666397	6.49235362223e-06
177.185825662	8.63795786057e-06
177.499984928	7.07915070315e-06
177.814144193	2.89728319638e-06
178.128303459	-2.95528342329e-06
178.442462724	-6.37941655487e-06
178.756621989	-1.78878503587e-06
179.070781255	9.43341007684e-06
179.38494052	1.66622857856e-05
179.699099785	1.75486946751e-05
180.013259051	2.27772201349e-05
180.327418316	2.40112813379e-05
180.641577581	1.18932997453e-06
180.955736847	-3.05185633278e-05
181.269896112	-3.3722707152e-05
181.584055378	-2.2213756167e-05
181.898214643	-9.95086941246e-06
182.212373908	3.28372751263e-06
182.526533174	1.64830235066e-05
182.840692439	2.26828236483e-05
183.154851704	1.9122692463e-05
183.46901097	8.89557696198e-06
183.783170235	-1.54950565342e-06
184.0973295	-9.11406326794e-06
184.411488766	-1.38801543871e-05
184.725648031	-1.35298525341e-05
185.039807296	-7.5044345679e-06
185.353966562	-6.34734584193e-07
185.668125827	3.57902214878e-06
185.982285093	4.27678164205e-06
186.296444358	2.59766682448e-06
186.610603623	-1.90146017628e-07
186.924762889	-5.05396247094e-06
187.238922154	-1.02023795762e-05
187.553081419	-1.37770799e-05
187.867240685	-1.37456175782e-05
188.18139995	-7.68304162691e-06
188.495559215	-4.89921776229e-07
188.809718481	8.9084667658e-06
189.123877746	2.3490415293e-05
189.438037011	2.8916472125e-05
189.752196277	2.21313009779e-06
190.066355542	-2.58507101993e-05
190.380514808	-2.42558320988e-05
190.694674073	-1.1845313572e-05
191.008833338	1.97154840096e-06
191.322992604	1.68908965013e-05
191.637151869	2.73559915445e-05
191.951311134	2.83603911514e-05
192.2654704	1.98745695991e-05
192.579629665	6.20005533835e-06
192.89378893	-5.84799417949e-06
193.207948196	-1.53874052643e-05
193.522107461	-2.07958992711e-05
193.836266727	-2.15799018908e-05
194.150425992	-1.96226189772e-05
194.464585257	-1.43310991089e-05
194.778744523	-6.80335856692e-06
195.092903788	5.35103559249e-07
195.407063053	5.26299442394e-06
195.721222319	6.29584142361e-06
196.035381584	4.77879988398e-06
196.349540849	6.02630835497e-07
196.663700115	-4.39704420996e-06
196.97785938	-5.78454420604e-06
197.292018645	-2.164679047e-07
197.606177911	6.40424217817e-06
197.920337176	1.3470079427e-05
198.234496442	2.41939088954e-05
198.548655707	2.62427923086e-05
198.862814972	-1.566102484e-06
199.176974238	-3.09009793507e-05
199.491133503	-3.25829542416e-05
199.805292768	-2.23064783779e-05
200.119452034	-1.01963153125e-05
200.433611299	1.90798741236e-06
200.747770564	1.35596755875e-05
201.06192983	1.97375589581e-05
201.376089095	1.82291003561e-05
201.69024836	1.2477027153e-05
202.004407626	6.66485078376e-06
202.318566891	2.49568910381e-06
202.632726157	-1.02719959248e-06
202.946885422	-3.94031182634e-06
203.261044687	-4.1905162285e-06
203.575203953	-1.24281804142e-06
203.889363218	4.01517056565e-06
204.203522483	7.71651821418e-06
204.517681749	8.60385770519e-06
204.831841014	7.43135416333e-06
205.146000279	3.80242634958e-06
205.460159545	-2.09499652174e-06
205.77431881	-9.74446846596e-06
206.088478076	-1.47364907758e-05
206.402637341	-1.23215318023e-05
206.716796606	-8.73178302723e-06
207.030955872	4.21097385677e-07
207.345115137	1.62640012878e-05
207.659274402	2.16201051687e-05
207.973433668	-5.43018933369e-06
208.287592933	-2.63159914124e-05
208.601752198	-1.91683570909e-05
208.915911464	-6.67216472161e-06
209.230070729	2.8455162591e-06
209.544229994	1.1500919955e-05
209.85838926	1.99404968928e-05
210.172548525	2.39479802422e-05
210.486707791	1.96498877713e-05
210.800867056	9.80113164632e-06
211.115026321	9.48893160623e-07
211.429185587	-6.4529626861e-06
211.743344852	-1.23897894743e-05
212.057504117	-1.74334749222e-05
212.371663383	-1.95522861049e-05
212.685822648	-1.58934051445e-05
212.999981913	-8.68198806204e-06
213.314141179	-9.96702325972e-07
213.628300444	4.48518304842e-06
213.942459709	7.05827422511e-06
214.256618975	7.24090325965e-06
214.57077824	4.45098805282e-06
214.884937506	7.63295305727e-07
215.199096771	-1.13626259038e-06
215.513256036	-3.25385150142e-07
215.827415302	-6.52603858066e-07
216.141574567	4.5887436795e-06
216.455733832	1.82209466325e-05
216.769893098	2.2664006561e-05
217.084052363	-3.44671384816e-06
217.398211628	-2.84893989405e-05
217.712370894	-2.75063887735e-05
218.026530159	-1.81500421309e-05
218.340689425	-1.08664768164e-05
218.65484869	-3.5701473181e-06
218.969007955	6.39809186006e-06
219.283167221	1.25356277819e-05
219.597326486	1.19764236208e-05
219.911485751	7.84939239521e-06
220.225645017	4.25873344052e-06
220.539804282	2.13085901037e-06
220.853963547	-3.64985256622e-08
221.168122813	-1.74606564163e-06
221.482282078	-3.22447899189e-06
221.796441343	-4.58573994989e-06
222.110600609	-3.66568267108e-06
222.424759874	-6.21259148598e-07
222.73891914	3.46812270226e-06
223.053078405	5.85931024825e-06
223.36723767	5.27472302772e-06
223.681396936	2.28416022707e-06
223.995556201	-3.35486912376e-06
224.309715466	-8.35868319184e-06
224.623874732	-1.0340623915e-05
224.938033997	-1.17384544201e-05
225.252193262	-4.37232442009e-06
225.566352528	1.2139866045e-05
225.880511793	1.94888979602e-05
226.194671058	-5.2992918022e-06
226.508830324	-2.40529067628e-05
226.822989589	-1.45153194358e-05
227.137148855	1.9877051433e-07
227.45130812	1.09916107007e-05
227.765467385	1.74712793074e-05
228.079626651	2.03016619678e-05
228.393785916	1.9539389905e-05
228.707945181	1.50346932088e-05
229.022104447	8.33644888501e-06
229.336263712	2.70055379389e-06
229.650422977	-2.28104698569e-06
229.964582243	-6.93975113722e-06
230.278741508	-1.19478383613e-05
230.592900774	-1.64405130826e-05
230.907060039	-1.83936670066e-05
231.221219304	-1.55487850869e-05
231.53537857	-7.84524395448e-06
231.849537835	-6.94046427462e-07
232.1636971	3.25267148897e-06
232.477856366	4.50691533495e-06
232.792015631	3.68933194779e-06
233.106174896	2.5760030238e-06
233.420334162	2.71292337258e-06
233.734493427	4.61456971525e-06
234.048652692	2.74037758977e-06
234.362811958	2.02307669301e-06
234.676971223	1.21445350835e-05
234.991130489	1.90662706582e-05
235.305289754	-3.05770658283e-06
235.619449019	-2.60030521513e-05
235.933608285	-2.26622631008e-05
236.24776755	-1.12219950745e-05
236.561926815	-3.51341137869e-06
236.876086081	9.87922257126e-07
237.190245346	5.27635695456e-06
237.504404611	8.62244167098e-06
237.818563877	9.49263612168e-06
238.132723142	6.81337344054e-06
238.446882407	4.05594899093e-06
238.761041673	3.05786299297e-06
239.075200938	2.41381438538e-06
239.389360204	1.86901035612e-06
239.703519469	9.87288228664e-07
240.017678734	-3.59021832574e-07
240.331838	-1.66707198244e-06
240.645997265	-3.15145386357e-06
240.96015653	-2.81561951042e-06
241.274315796	-5.87301230194e-07
241.588475061	1.4976340368e-06
241.902634326	1.85377800872e-06
242.216793592	-8.06822787008e-07
242.530952857	-4.01984467249e-06
242.845112123	-6.14001081365e-06
243.159271388	-1.08802171935e-05
243.473430653	-1.16367599013e-05
243.787589919	1.48454457286e-06
244.101749184	1.26476659675e-05
244.415908449	-6.5368941941e-06
244.730067715	-2.87159712989e-05
245.04422698	-2.09755727314e-05
245.358386245	-4.32554605603e-06
245.672545511	8.87967433243e-06
245.986704776	1.75966924212e-05
246.300864041	2.15609857367e-05
246.615023307	1.91475834737e-05
246.929182572	1.12354343218e-05
247.243341838	1.98411442025e-06
247.557501103	-2.72974897888e-06
247.871660368	-3.47795875632e-06
248.185819634	-3.87839809265e-06
248.499978899	-5.77310903754e-06
248.814138164	-8.4887783524e-06
249.12829743	-1.155190444e-05
249.442456695	-1.37852898328e-05
249.75661596	-1.18398889135e-05
250.070775226	-5.77294688307e-06
250.384934491	5.1987151814e-07
250.699093756	4.1078365378e-06
251.013253022	4.79189706773e-06
251.327412287	4.80805179991e-06
251.641571553	6.17524153761e-06
251.955730818	9.91333331105e-06
252.269890083	1.08501012149e-05
252.584049349	8.02760808753e-06
252.898208614	1.26939875508e-05
253.212367879	1.6661613633e-05
253.526527145	-2.97395766544e-07
253.84068641	-2.60682758016e-05
254.154845675	-2.51875879751e-05
254.469004941	-1.11583667855e-05
254.783164206	-2.78851870862e-07
255.097323472	5.65983897954e-06
255.411482737	7.50884731807e-06
255.725642002	5.60102661849e-06
256.039801268	3.14904464399e-06
256.353960533	9.10522260992e-07
256.668119798	-1.76415117642e-07
256.982279064	-1.19375370529e-07
257.296438329	6.16368868303e-08
257.610597594	8.49335655885e-07
257.92475686	1.44729104692e-06
258.238916125	1.72194515724e-06
258.55307539	1.62358165814e-06
258.867234656	3.68143381882e-07
259.181393921	-7.73883332402e-07
259.495553187	-1.86998171101e-06
259.809712452	-2.23368457154e-06
260.123871717	-7.45845024493e-07
260.438030983	6.61734118546e-07
260.752190248	1.35183009843e-06
261.066349513	1.24154181175e-06
261.380508779	-1.84335446118e-06
261.694668044	-8.02028383159e-06
262.008827309	-2.96082965961e-06
262.322986575	9.06336954268e-06
262.63714584	4.50632634476e-07
262.951305105	-2.51938118825e-05
263.265464371	-2.36373128794e-05
263.579623636	-6.99107762659e-06
263.893782902	8.25625203178e-06
264.207942167	1.9292363617e-05
264.522101432	2.53778739113e-05
264.836260698	2.54139240805e-05
265.150419963	1.85708981554e-05
265.464579228	7.00596701957e-06
265.778738494	-3.38064040247e-06
266.092897759	-8.50493777358e-06
266.407057024	-8.0280162507e-06
266.72121629	-6.18418392418e-06
267.035375555	-5.54936422374e-06
267.349534821	-6.79692590795e-06
267.663694086	-9.48101633733e-06
267.977853351	-1.1480599715e-05
268.292012617	-1.08435102272e-05
268.606171882	-5.92967047264e-06
268.920331147	-2.75959102362e-07
269.234490413	2.49099035034e-06
269.548649678	3.49693586535e-06
269.862808943	4.30931975446e-06
270.176968209	7.4952575188e-06
270.491127474	1.08321674414e-05
270.805286739	8.68337553308e-06
271.119446005	1.1864307709e-05
271.43360527	1.67777719596e-05
271.747764536	6.56301792348e-06
272.061923801	-2.66215540529e-05
272.376083066	-3.75774332409e-05
272.690242332	-2.32938164137e-05
273.004401597	-6.91920394267e-06
273.318560862	4.61715747014e-06
273.632720128	1.01247505737e-05
273.946879393	9.43881067339e-06
274.261038658	4.43680784623e-06
274.575197924	-1.20409989181e-06
274.889357189	-2.42920842168e-06
275.203516454	-4.97425264387e-07
275.51767572	1.18861433188e-06
275.831834985	2.60018932553e-06
276.145994251	3.18469265418e-06
276.460153516	3.73138631402e-06
276.774312781	4.17369368055e-06
277.088472047	3.70440008828e-06
277.402631312	3.21117798805e-06
277.716790577	2.05455805689e-06
278.030949843	6.2012926409e-07
278.345109108	-1.02409564646e-06
278.659268373	-2.56305633847e-06
278.973427639	-1.39008817451e-06
279.287586904	1.7754266924e-06
279.60174617	3.98829318764e-06
279.915905435	-8.6850563337e-07
280.2300647	-3.69236283135e-06
280.544223966	2.09816362755e-06
280.858383231	3.69209276465e-06
281.172542496	-1.91784807301e-05
281.486701762	-3.00585353997e-05
281.800861027	-1.66916506775e-05
282.115020292	7.32195597196e-07
282.429179558	1.40660813103e-05
282.743338823	2.29090710958e-05
283.057498088	2.70281699564e-05
283.371657354	2.34595347036e-05
283.685816619	1.40810783684e-05
283.999975885	3.15162621147e-06
284.31413515	-4.62469709422e-06
284.628294415	-8.83276927976e-06
284.942453681	-1.01202635038e-05
285.256612946	-7.78534015494e-06
285.570772211	-4.84215294934e-06
285.884931477	-3.86828760298e-06
286.199090742	-5.09954924519e-06
286.513250007	-7.76909987318e-06
286.827409273	-8.16742154292e-06
287.141568538	-4.87853902767e-06
287.455727803	4.60111502863e-08
287.769887069	3.41612254945e-06
288.084046334	4.38450209811e-06
288.3982056	6.38454296084e-06
288.712364865	9.9288943027e-06
289.02652413	1.01549529627e-05
289.340683396	9.8657584453e-06
289.654842661	1.57139862559e-05
289.969001926	1.76172910506e-05
290.283161192	-7.06303077225e-06
290.597320457	-3.36759298038e-05
290.911479722	-3.09645367242e-05
291.225638988	-1.64566305759e-05
291.539798253	-1.62399886898e-06
291.853957519	1.00576063323e-05
292.168116784	1.56875213601e-05
292.482276049	1.27674689872e-05
292.796435315	3.34133744826e-06
293.11059458	-4.67799487695e-06
293.424753845	-6.26759202725e-06
293.738913111	-3.87159746443e-06
294.053072376	-1.16939405026e-06
294.367231641	1.00194691808e-07
294.681390907	1.38460252373e-06
294.995550172	2.45547255478e-06
295.309709437	3.16023927103e-06
295.623868703	3.83060444001e-06
295.938027968	3.75095583752e-06
296.252187234	3.51589048039e-06
296.566346499	2.40807623194e-06
296.880505764	3.62197705327e-07
297.19466503	-1.78642477185e-06
297.508824295	-2.88410249232e-06
297.82298356	1.7681338278e-07
298.137142826	2.92386529721e-06
298.451302091	4.33522750306e-07
298.765461356	3.17032171908e-06
299.079620622	6.03991373107e-06
299.393779887	-7.99725914571e-06
299.707939152	-3.17585002298e-05
300.022098418	-2.76476914423e-05
300.336257683	-8.8841731239e-06
300.650416949	6.77909949614e-06
300.964576214	1.81074980457e-05
301.278735479	2.47701945929e-05
301.592894745	2.49037635117e-05
301.90705401	1.91000640969e-05
302.221213275	8.5496411471e-06
302.535372541	-6.18272130966e-07
302.849531806	-6.09552881902e-06
303.163691071	-9.07887614197e-06
303.477850337	-1.00001860641e-05
303.792009602	-9.79125316936e-06
304.106168868	-7.63047449607e-06
304.420328133	-4.99882959042e-06
304.734487398	-4.31527095238e-06
305.048646664	-5.37512227601e-06
305.362805929	-7.29735400934e-06
305.676965194	-6.21910802354e-06
305.99112446	-1.91299840245e-06
306.305283725	2.07020037907e-06
306.61944299	4.99237068608e-06
306.933602256	7.87042781423e-06
307.247761521	1.11224514049e-05
307.561920786	9.72790604756e-06
307.876080052	1.18769771673e-05
308.190239317	1.79761927266e-05
308.504398583	1.21704348883e-05
308.818557848	-1.87356278359e-05
309.132717113	-3.38619893532e-05
309.446876379	-2.42502531541e-05
309.761035644	-1.00642314526e-05
310.075194909	1.29945766488e-06
310.389354175	1.00468053847e-05
310.70351344	1.49840631322e-05
311.017672705	1.21818317396e-05
311.331831971	2.89580843817e-06
311.645991236	-6.13068902133e-06
311.960150501	-8.24070578259e-06
312.274309767	-4.60897785759e-06
312.588469032	-6.84451159828e-07
312.902628298	1.95152229991e-06
313.216787563	3.27749590503e-06
313.530946828	4.0640848956e-06
313.845106094	4.70808923774e-06
314.159265359	4.99407392635e-06
314.473424624	5.37187840777e-06
314.78758389	5.13129768703e-06
315.101743155	4.29576412914e-06
315.41590242	2.76610746217e-06
315.730061686	3.16562597426e-07
316.044220951	-8.75780089034e-07
316.358380217	-4.1760139421e-08
316.672539482	-1.02736615561e-06
316.986698747	-7.1201811665e-07
317.300858013	5.39859974754e-06
317.615017278	5.64923408773e-06
317.929176543	-1.95101167904e-05
318.243335809	-3.9009554944e-05
318.557495074	-2.72697653122e-05
318.871654339	-7.89291509091e-06
319.185813605	6.91880946807e-06
319.49997287	1.65909092377e-05
319.814132135	2.17055396631e-05
320.128291401	2.06939424361e-05
320.442450666	1.34637643058e-05
320.756609932	4.00468803159e-06
321.070769197	-2.75022682412e-06
321.384928462	-6.33056141326e-06
321.699087728	-7.61527505054e-06
322.013246993	-8.05695546518e-06
322.327406258	-7.65343096032e-06
322.641565524	-6.86382005096e-06
322.955724789	-6.06967475341e-06
323.269884054	-4.70597810685e-06
323.58404332	-3.7103514048e-06
323.898202585	-3.85362789571e-06
324.21236185	-4.22152672119e-06
324.526521116	-2.5709964641e-06
324.840680381	1.39592729971e-06
325.154839647	5.34654357131e-06
325.468998912	9.34326864042e-06
325.783158177	1.16826099698e-05
326.097317443	9.37724019446e-06
326.411476708	1.29788763276e-05
326.725635973	1.7791872669e-05
327.039795239	4.92406294162e-06
327.353954504	-2.62565466171e-05
327.668113769	-3.33910629372e-05
327.982273035	-2.07822771324e-05
328.2964323	-7.18940369375e-06
328.610591566	3.46105567153e-06
328.924750831	1.03159997342e-05
329.238910096	1.22559283776e-05
329.553069362	9.61319326064e-06
329.867228627	2.64457028278e-06
330.181387892	-4.61718821626e-06
330.495547158	-7.88663731054e-06
330.809706423	-6.40466523711e-06
331.123865688	-1.91493778795e-06
331.438024954	1.907163557e-06
331.752184219	3.90549078218e-06
332.066343484	4.80737036977e-06
332.38050275	4.93268609852e-06
332.694662015	5.3433102601e-06
333.008821281	5.47037177718e-06
333.322980546	5.26659312242e-06
333.637139811	4.71937031288e-06
333.951299077	3.23048381268e-06
334.265458342	1.8592919098e-06
334.579617607	1.1644115942e-06
334.893776873	1.37640392032e-06
335.207936138	-1.95710746632e-06
335.522095403	-2.68082656778e-06
335.836254669	4.30515502687e-06
336.150413934	3.00217141687e-06
336.464573199	-2.61805276204e-05
336.778732465	-4.14540914383e-05
337.09289173	-2.78558968937e-05
337.407050996	-7.3726574617e-06
337.721210261	8.6008527942e-06
338.035369526	1.86363456793e-05
338.349528792	2.3932630619e-05
338.663688057	2.18771433351e-05
338.977847322	1.43671248321e-05
339.292006588	5.57735023261e-06
339.606165853	-4.42462875633e-07
339.920325118	-2.71400909897e-06
340.234484384	-3.72522982745e-06
340.548643649	-3.72985313024e-06
340.862802915	-3.36199362064e-06
341.17696218	-3.19772388157e-06
341.491121445	-3.11874011357e-06
341.805280711	-4.15703426699e-06
342.119439976	-4.3193080661e-06
342.433599241	-3.7899147926e-06
342.747758507	-3.90561629421e-06
343.061917772	-3.74988391649e-06
343.376077037	-2.49958691462e-06
343.690236303	1.74142573909e-06
344.004395568	7.64373761025e-06
344.318554833	1.02793893708e-05
344.632714099	8.86240649247e-06
344.946873364	1.26639798048e-05
345.26103263	1.65526384159e-05
345.575191895	-4.70585655967e-08
345.88935116	-2.99225314206e-05
346.203510426	-3.20093079142e-05
346.517669691	-1.78081112843e-05
346.831828956	-3.59849258642e-06
347.145988222	7.53227806833e-06
347.460147487	1.40017581747e-05
347.774306752	1.47355127683e-05
348.088466018	9.18205852604e-06
348.402625283	1.28212127468e-06
348.716784548	-4.26413017525e-06
349.030943814	-7.17797381942e-06
349.345103079	-7.2296753844e-06
349.659262345	-4.91053572424e-06
349.97342161	-5.44976468711e-07
350.287580875	3.14848245277e-06
350.601740141	4.4705802005e-06
350.915899406	5.02179967425e-06
351.230058671	4.96234410971e-06
351.544217937	5.13726189321e-06
351.858377202	5.24101122403e-06
352.172536467	4.35576229518e-06
352.486695733	3.45317095088e-06
352.800854998	2.24733822894e-06
353.115014264	2.35802567984e-06
353.429173529	3.29423993359e-06
353.743332794	-5.16329814498e-07
354.05749206	-1.2914580759e-06
354.371651325	3.75487834528e-06
354.68581059	1.17795229035e-06
354.999969856	-2.62444206811e-05
355.314129121	-3.93663815552e-05
355.628288386	-2.61957394567e-05
355.942447652	-7.64036447299e-06
356.256606917	8.87967170208e-06
356.570766182	2.04482303209e-05
356.884925448	2.52683063096e-05
357.199084713	2.32001637735e-05
357.513243979	1.50663092077e-05
357.827403244	6.36833060784e-06
358.141562509	8.73831228358e-07
358.455721775	-2.2994577667e-06
358.76988104	-3.21875604907e-06
359.084040305	-3.38512766869e-06
359.398199571	-3.04202406944e-06
359.712358836	-2.54627973261e-06
360.026518101	-2.90228076002e-06
360.340677367	-3.30605885889e-06
360.654836632	-4.40760711959e-06
360.968995897	-5.13471680446e-06
361.283155163	-4.37684400511e-06
361.597314428	-3.46263754466e-06
361.911473694	-2.12885243318e-06
362.225632959	6.92920958236e-07
362.539792224	6.63424992235e-06
362.85395149	1.12436879543e-05
363.168110755	1.01330710339e-05
363.48227002	1.41504582109e-05
363.796429286	1.75847812373e-05
364.110588551	9.03792841073e-07
364.424747816	-2.85358665537e-05
364.738907082	-3.07845002886e-05
365.053066347	-1.58766381673e-05
365.367225613	-1.6387576944e-06
365.681384878	9.06269474394e-06
365.995544143	1.59336936094e-05
366.309703409	1.63866664115e-05
366.623862674	1.09276851668e-05
366.938021939	9.55275237621e-07
367.252181205	-7.12561422697e-06
367.56634047	-9.65226433533e-06
367.880499735	-9.55788022297e-06
368.194659001	-7.95528001312e-06
368.508818266	-5.0676528121e-06
368.822977531	-1.04799281164e-06
369.137136797	2.85111459883e-06
369.451296062	4.5409102891e-06
369.765455328	5.29416493942e-06
370.079614593	5.51280170805e-06
370.393773858	5.4344117466e-06
370.707933124	5.40832543157e-06
371.022092389	4.45899473718e-06
371.336251654	3.64951660212e-06
371.65041092	3.79665397223e-06
371.964570185	5.04620296143e-06
372.27872945	2.97890267184e-06
372.592888716	1.28888227231e-06
372.907047981	5.47211247494e-06
373.221207246	3.19191471429e-06
373.535366512	-2.37711697251e-05
373.849525777	-4.03632395524e-05
374.163685043	-2.95732576608e-05
374.477844308	-1.21658048794e-05
374.792003573	2.72453617003e-06
375.106162839	1.42400577588e-05
375.420322104	2.13814957867e-05
375.734481369	2.05805330316e-05
376.048640635	1.3483515896e-05
376.3627999	4.8793765127e-06
376.676959165	-8.84250929054e-07
376.991118431	-3.22464645561e-06
377.305277696	-4.18610691813e-06
377.619436962	-3.97168471759e-06
377.933596227	-3.06220279512e-06
378.247755492	-2.41185753576e-06
378.561914758	-2.01311853004e-06
378.876074023	-2.26972032057e-06
379.190233288	-2.78971718798e-06
379.504392554	-3.55636745816e-06
379.818551819	-4.22698312645e-06
380.132711084	-3.50753232276e-06
380.44687035	-1.89096671065e-06
380.761029615	4.59708481099e-07
381.07518888	4.32952313165e-06
381.389348146	8.384446789e-06
381.703507411	8.59063318118e-06
382.017666677	1.23962418406e-05
382.331825942	1.71627775005e-05
382.645985207	5.18122855268e-06
382.960144473	-2.63320308517e-05
383.274303738	-3.29041414258e-05
383.588463003	-1.91994763653e-05
383.902622269	-4.44786636834e-06
384.216781534	7.26428687089e-06
384.530940799	1.45881256946e-05
384.845100065	1.65869983941e-05
385.15925933	1.24276956176e-05
385.473418595	3.46319514857e-06
385.787577861	-5.24707464201e-06
386.101737126	-1.0375153537e-05
386.415896392	-1.06209283425e-05
386.730055657	-8.05188085604e-06
387.044214922	-4.93904079443e-06
387.358374188	-1.75278969643e-06
387.672533453	1.29187760287e-06
387.986692718	4.52725483873e-06
388.300851984	6.68380089122e-06
388.615011249	7.42777291349e-06
388.929170514	7.43595255633e-06
389.24332978	6.60260251636e-06
389.557489045	5.72886746097e-06
389.871648311	4.6785090133e-06
390.185807576	4.35531765974e-06
390.499966841	5.77278915635e-06
390.814126107	4.53352273471e-06
391.128285372	1.87542968788e-06
391.442444637	5.47339826119e-06
391.756603903	5.81505670374e-06
392.070763168	-1.77791763834e-05
392.384922433	-4.28427719902e-05
392.699081699	-3.713488772e-05
393.013240964	-1.86140766008e-05
393.327400229	-2.43046291277e-06
393.641559495	9.75552854072e-06
393.95571876	1.75046746063e-05
394.269878026	1.95419392557e-05
394.584037291	1.55457164151e-05
394.898196556	7.98699956674e-06
395.212355822	2.09874133937e-06
395.526515087	-1.41166459067e-06
395.840674352	-2.54800640782e-06
396.154833618	-2.32424914326e-06
396.468992883	-1.7642023729e-06
396.783152148	-6.40402009322e-07
397.097311414	-2.10403216567e-07
397.411470679	-2.39682880638e-07
397.725629944	-6.49351532652e-07
398.03978921	-1.6339629945e-06
398.353948475	-2.45340423228e-06
398.668107741	-3.69664119584e-06
398.982267006	-3.54292593964e-06
399.296426271	-1.00809316214e-06
399.610585537	2.84539494782e-06
399.924744802	7.1233688208e-06
400.238904067	6.46706740481e-06
400.553063333	7.97962424519e-06
400.867222598	1.41029869184e-05
401.181381863	1.06045411305e-05
401.495541129	-1.83919488381e-05
401.809700394	-3.44953139533e-05
402.12385966	-2.4402841976e-05
402.438018925	-8.85503016946e-06
402.75217819	3.85658306544e-06
403.066337456	1.31613498905e-05
403.380496721	1.75140353809e-05
403.694655986	1.55676887329e-05
404.008815252	8.09850748705e-06
404.322974517	-1.14698212967e-06
404.637133782	-7.23675289233e-06
404.951293048	-1.04273321678e-05
405.265452313	-1.00272271237e-05
405.579611578	-6.27527324831e-06
405.893770844	-2.20444976754e-06
406.207930109	1.17677519667e-06
406.522089375	3.09624662997e-06
406.83624864	4.74733792972e-06
407.150407905	6.53582266118e-06
407.464567171	7.3374086394e-06
407.778726436	7.53325662112e-06
408.092885701	6.38756130153e-06
408.407044967	4.93490287071e-06
408.721204232	4.10197716991e-06
409.035363497	4.29112816924e-06
409.349522763	5.17233513155e-06
409.663682028	1.8314285781e-06
409.977841293	3.80617409365e-06
410.292000559	8.1951714067e-06
410.606159824	-5.11630563719e-06
410.92031909	-3.58539203476e-05
411.234478355	-4.18074991479e-05
411.54863762	-2.64902551718e-05
411.862796886	-7.88841905181e-06
412.176956151	7.25078466841e-06
412.491115416	1.74970307826e-05
412.805274682	2.08176374223e-05
413.119433947	1.8102030925e-05
413.433593212	1.1821839612e-05
413.747752478	5.4943294366e-06
414.061911743	1.92769373388e-06
414.376071009	-3.69502268446e-07
414.690230274	-1.52213198029e-06
415.004389539	-1.34389902696e-06
415.318548805	-1.02579711236e-06
415.63270807	-7.1190781192e-08
415.946867335	3.52328373996e-07
416.261026601	3.99641751974e-07
416.575185866	3.61178520788e-07
416.889345131	-6.91017453548e-07
417.203504397	-1.67350842321e-06
417.517663662	-3.2438693927e-06
417.831822927	-3.66837014637e-06
418.145982193	-5.7254827911e-07
418.460141458	4.58882001897e-06
418.774300724	7.57811163685e-06
419.088459989	6.06607569032e-06
419.402619254	9.75953604263e-06
419.71677852	1.30316809793e-05
420.030937785	-6.25375064351e-06
420.34509705	-3.15436988303e-05
420.659256316	-2.89655843377e-05
420.973415581	-1.38484742176e-05
421.287574846	1.56421342215e-07
421.601734112	1.03550334326e-05
421.915893377	1.72541609477e-05
422.230052642	1.80033228666e-05
422.544211908	1.26844827042e-05
422.858371173	4.06945709904e-06
423.172530439	-3.78001999135e-06
423.486689704	-8.15768585971e-06
423.800848969	-1.02759141224e-05
424.115008235	-9.84321232308e-06
424.4291675	-5.85745230556e-06
424.743326765	-1.202873733e-06
425.057486031	2.48259625878e-06
425.371645296	4.20614067357e-06
425.685804561	4.64063915957e-06
425.999963827	5.32540168186e-06
426.314123092	5.59618307206e-06
426.628282358	5.98394991823e-06
426.942441623	5.66061378792e-06
427.256600888	4.62947444867e-06
427.570760154	4.55407798713e-06
427.884919419	5.41608250858e-06
428.199078684	4.16012774976e-06
428.51323795	2.85032294525e-06
428.827397215	7.30700129269e-06
429.14155648	7.30773414986e-06
429.455715746	-1.86771829692e-05
429.769875011	-4.03957125914e-05
430.084034276	-3.4310556179e-05
430.398193542	-1.86327862806e-05
430.712352807	-2.18689740567e-06
431.026512073	1.11433323869e-05
431.340671338	1.9320095124e-05
431.654830603	1.98452176933e-05
431.968989869	1.3917332734e-05
432.283149134	6.62936720518e-06
432.597308399	1.28304147732e-06
432.911467665	-1.1083082756e-06
433.22562693	-1.93673630488e-06
433.539786195	-2.40811807866e-06
433.853945461	-1.96448299736e-06
434.168104726	-1.53769002249e-06
434.482263991	-8.19573156411e-07
434.796423257	1.10903885425e-07
435.110582522	7.75437357349e-07
435.424741788	1.42831868297e-06
435.738901053	1.01510117147e-06
436.053060318	-7.45105818711e-08
436.367219584	-1.87325777854e-06
436.681378849	-3.10805024254e-06
436.995538114	-2.26387601175e-07
437.30969738	5.29194472175e-06
437.623856645	6.65582330419e-06
437.93801591	8.10618006454e-06
438.252175176	1.2608399658e-05
438.566334441	8.10890875333e-06
438.880493707	-2.0917310655e-05
439.194652972	-3.41489841725e-05
439.508812237	-2.23249772504e-05
439.822971503	-6.92428197935e-06
440.137130768	5.62817752131e-06
440.451290033	1.37914302872e-05
440.765449299	1.77016788341e-05
441.079608564	1.60349368808e-05
441.393767829	8.85619908396e-06
441.707927095	9.33740424981e-07
442.02208636	-4.75770264144e-06
442.336245625	-7.97602837829e-06
442.650404891	-9.68281839261e-06
442.964564156	-9.85824612478e-06
443.278723422	-6.70858206298e-06
443.592882687	-1.88566437435e-06
443.907041952	2.14205014181e-06
444.221201218	4.41073563214e-06
444.535360483	4.81474585099e-06
444.849519748	4.98140439962e-06
445.163679014	4.9321392897e-06
445.477838279	5.01939453574e-06
445.791997544	5.45471571044e-06
446.10615681	5.60784643518e-06
446.420316075	6.73108129094e-06
446.73447534	7.59656848065e-06
447.048634606	4.28799405519e-06
447.362793871	4.99019404591e-06
447.676953137	9.01082766047e-06
447.991112402	8.35896686558e-07
448.305271667	-2.94231375884e-05
448.619430933	-4.0153413189e-05
448.933590198	-2.88826120113e-05
449.247749463	-1.46347578997e-05
449.561908729	-4.82087376249e-07
449.876067994	1.1691466354e-05
450.190227259	1.84662768927e-05
450.504386525	1.78813718399e-05
450.81854579	1.08688270107e-05
451.132705056	3.38947024628e-06
451.446864321	-1.25543451214e-06
451.761023586	-3.18170922785e-06
452.075182852	-3.13918477251e-06
452.389342117	-2.29171978205e-06
452.703501382	-9.86834750218e-07
453.017660648	-3.13756132214e-08
453.331819913	5.83983928098e-07
453.645979178	1.39430765587e-06
453.960138444	2.0862485932e-06
454.274297709	2.83795328941e-06
454.588456974	2.76386760388e-06
454.90261624	1.54926846131e-06
455.216775505	-4.87942274945e-07
455.530934771	-2.44817008427e-06
455.845094036	-6.80250953964e-07
456.159253301	4.02747431073e-06
456.473412567	5.14785458122e-06
456.787571832	9.3469487032e-06
457.101731097	1.36847432304e-05
457.415890363	1.05987522478e-06
457.730049628	-2.83522191032e-05
458.044208893	-3.32445822024e-05
458.358368159	-1.88842776399e-05
458.672527424	-3.97330772121e-06
458.986686689	7.78610518112e-06
459.300845955	1.53384495444e-05
459.61500522	1.70479254718e-05
459.929164486	1.33098543914e-05
460.243323751	5.61547413503e-06
460.557483016	-1.15784521265e-06
460.871642282	-5.03552518134e-06
461.185801547	-7.07653746283e-06
461.499960812	-8.15522537297e-06
461.814120078	-8.69767797516e-06
462.128279343	-6.87352418817e-06
462.442438608	-2.56550315592e-06
462.756597874	1.87423636922e-06
463.070757139	4.96974999494e-06
463.384916405	5.91852364655e-06
463.69907567	6.06313052225e-06
464.013234935	6.0352240617e-06
464.327394201	5.58276802357e-06
464.641553466	5.79722222353e-06
464.955712731	6.33310593588e-06
465.269871997	7.98648180114e-06
465.584031262	8.75845169821e-06
465.898190527	4.78786453004e-06
466.212349793	6.03669748651e-06
466.526509058	8.3366460975e-06
466.840668323	-7.18548517832e-06
467.154827589	-3.55014629998e-05
467.468986854	-3.80820995651e-05
467.78314612	-2.4371925378e-05
468.097305385	-1.11813222936e-05
468.41146465	6.32814126124e-07
468.725623916	1.15500469187e-05
469.039783181	1.73900352754e-05
469.353942446	1.66038165487e-05
469.668101712	9.835074623e-06
469.982260977	2.73144567355e-06
470.296420242	-1.31527155486e-06
470.610579508	-3.31062804451e-06
470.924738773	-3.13500201183e-06
471.238898039	-1.77418645112e-06
471.553057304	7.00409843584e-09
471.867216569	1.83802616841e-06
472.181375835	2.61462247653e-06
472.4955351	3.13549152279e-06
472.809694365	3.2219821688e-06
473.123853631	2.98516236041e-06
473.438012896	2.8064291805e-06
473.752172161	1.6907164591e-06
474.066331427	2.37881067027e-07
474.380490692	-1.39194573568e-06
474.694649957	-8.88525974994e-07
475.008809223	2.19361806599e-06
475.322968488	3.4518053077e-06
475.637127754	9.28103108927e-06
475.951287019	1.33579792032e-05
476.265446284	-3.52150471038e-06
476.57960555	-3.07540180307e-05
476.893764815	-3.18789763102e-05
477.20792408	-1.72445456325e-05
477.522083346	-2.87915099614e-06
477.836242611	8.32431337888e-06
478.150401876	1.60541417431e-05
478.464561142	1.72289060023e-05
478.778720407	1.29668233741e-05
479.092879672	5.39653219526e-06
479.407038938	-1.29525464585e-06
479.721198203	-4.79876988706e-06
480.035357469	-6.36386298027e-06
480.349516734	-6.63818046364e-06
480.663675999	-6.89953220359e-06
480.977835265	-6.62999524216e-06
481.29199453	-3.81028973794e-06
481.606153795	3.30225853107e-07
481.920313061	4.34260122001e-06
482.234472326	6.49008304724e-06
482.548631591	6.9777190333e-06
482.862790857	7.28320856636e-06
483.176950122	6.68966567179e-06
483.491109388	6.23509659851e-06
483.805268653	6.3999255018e-06
484.119427918	7.53745158187e-06
484.433587184	8.04904272454e-06
484.747746449	4.51412847259e-06
485.061905714	6.42191048156e-06
485.37606498	8.10563925689e-06
485.690224245	-1.12598444507e-05
486.00438351	-3.77314817323e-05
486.318542776	-3.66032312608e-05
486.632702041	-2.16992467794e-05
486.946861306	-8.36049417672e-06
487.261020572	1.55908601763e-06
487.575179837	1.04482057767e-05
487.889339103	1.54637241375e-05
488.203498368	1.49383692383e-05
488.517657633	9.37906995186e-06
488.831816899	2.96355317804e-06
489.145976164	-6.46132876788e-07
489.460135429	-2.49908879407e-06
489.774294695	-2.64182177706e-06
490.08845396	-1.40789413936e-06
490.402613225	6.91094866257e-09
490.716772491	1.9415990699e-06
491.030931756	3.05471426549e-06
491.345091021	3.63429068035e-06
491.659250287	4.002150936e-06
491.973409552	3.47909260903e-06
492.287568818	2.83740082014e-06
492.601728083	1.7620198462e-06
492.915887348	7.2834385594e-07
493.230046614	1.44652158764e-07
493.544205879	1.87985903906e-07
493.858365144	1.12036201031e-06
494.17252441	1.42839662641e-06
494.486683675	7.77744622668e-06
494.80084294	1.24139735075e-05
495.115002206	-4.97555012751e-06
495.429161471	-3.13275423305e-05
495.743320737	-3.14659703021e-05
496.057480002	-1.72080221015e-05
496.371639267	-3.0555953843e-06
496.685798533	7.72101939008e-06
496.999957798	1.53326645818e-05
497.314117063	1.70720801039e-05
497.628276329	1.33650610085e-05
497.942435594	6.60845547359e-06
498.256594859	5.37995802775e-08
498.570754125	-4.02850405135e-06
498.88491339	-6.35941763614e-06
499.199072655	-6.80416308497e-06
499.513231921	-6.09207119452e-06
499.827391186	-5.98450728774e-06
500.141550452	-4.84325379427e-06
500.455709717	-1.80796498336e-06
500.769868982	2.59311784625e-06
501.084028248	6.3441586898e-06
501.398187513	7.84464550632e-06
501.712346778	8.4565850777e-06
502.026506044	8.01422261079e-06
502.340665309	7.11433837287e-06
502.654824574	6.60485947157e-06
502.96898384	6.75596310863e-06
503.283143105	6.72912785547e-06
503.59730237	3.38519943698e-06
503.911461636	5.74996766033e-06
504.225620901	8.58807736537e-06
504.539780167	-9.70403253118e-06
504.853939432	-3.66700319339e-05
505.168098697	-3.65383102078e-05
505.482257963	-2.2137449747e-05
505.796417228	-8.16498103067e-06
506.110576493	1.90058509024e-06
506.424735759	9.25117039876e-06
506.738895024	1.29402901779e-05
507.053054289	1.27595638164e-05
507.367213555	8.75525702185e-06
507.68137282	3.59577181451e-06
507.995532086	5.16420989557e-07
508.309691351	-1.16864363501e-06
508.623850616	-1.71091991638e-06
508.938009882	-8.92704511995e-07
509.252169147	-4.25791501952e-08
509.566328412	1.3686288287e-06
509.880487678	2.55075873777e-06
510.194646943	3.33829987834e-06
510.508806208	4.28446669512e-06
510.822965474	4.42481803788e-06
511.137124739	4.26924141567e-06
511.451284004	3.16372669724e-06
511.76544327	1.59109846033e-06
512.079602535	9.06972227855e-07
512.393761801	1.03837619071e-06
512.707921066	1.30011236424e-06
513.022080331	-5.37995089704e-07
513.336239597	4.48441570343e-06
513.650398862	1.05584730688e-05
513.964558127	-3.56501818714e-06
514.278717393	-3.06838119473e-05
514.592876658	-3.24372257937e-05
514.907035923	-1.84496489335e-05
515.221195189	-4.09106543685e-06
515.535354454	6.80334973257e-06
515.849513719	1.44748911742e-05
516.163672985	1.68889175109e-05
516.47783225	1.3858952531e-05
516.791991516	7.67409469774e-06
517.106150781	1.41848339423e-06
517.420310046	-2.51441236455e-06
517.734469312	-5.09919131315e-06
518.048628577	-6.78118457574e-06
518.362787842	-6.43455583287e-06
518.676947108	-5.67996860165e-06
518.991106373	-4.65380006687e-06
519.305265638	-2.81247227634e-06
519.619424904	5.7159164443e-07
519.933584169	5.0779690418e-06
520.247743435	7.91646693659e-06
520.5619027	8.99133750833e-06
520.876061965	8.71304052765e-06
521.190221231	7.56467094263e-06
521.504380496	6.66168325333e-06
521.818539761	6.33975505791e-06
522.132699027	6.30021672185e-06
522.446858292	2.72991450466e-06
522.761017557	4.107517077e-06
523.075176823	8.34509712892e-06
523.389336088	-4.4530538832e-06
523.703495353	-3.25032547777e-05
524.017654619	-3.64504865155e-05
524.331813884	-2.36261951739e-05
524.64597315	-9.97793652587e-06
524.960132415	7.83571323334e-07
525.27429168	8.28220253496e-06
525.588450946	1.1622700283e-05
525.902610211	1.10817343484e-05
526.216769476	8.01768160784e-06
526.530928742	4.3428959857e-06
526.845088007	1.73251151851e-06
527.159247272	6.58056380816e-08
527.473406538	-9.34159469779e-07
527.787565803	-6.68787739323e-07
528.101725068	2.36647037922e-08
528.415884334	1.03119589782e-06
528.730043599	2.08275551829e-06
529.044202865	2.70873839444e-06
529.35836213	3.70616386336e-06
529.672521395	4.43296817442e-06
529.986680661	4.93915707319e-06
530.300839926	5.02298088856e-06
530.614999191	3.83630483548e-06
530.929158457	2.34545435514e-06
531.243317722	1.47737905273e-06
531.557476987	1.45283585947e-06
531.871636253	-1.28548213649e-06
532.185795518	8.77584953374e-07
532.499954784	7.67040066847e-06
532.814114049	2.56245976362e-07
533.128273314	-2.7476628844e-05
533.44243258	-3.38355996801e-05
533.756591845	-2.0900187381e-05
534.07075111	-6.3361436573e-06
534.384910376	5.20597731534e-06
534.699069641	1.31491326508e-05
535.013228906	1.64430667776e-05
535.327388172	1.42703664392e-05
535.641547437	8.12476069977e-06
535.955706702	1.7145398752e-06
536.269865968	-2.16189399079e-06
536.584025233	-3.85131014026e-06
536.898184499	-5.09783956356e-06
537.212343764	-5.42306917536e-06
537.526503029	-5.15037021873e-06
537.840662295	-4.54227354761e-06
538.15482156	-3.12148052818e-06
538.468980825	-9.84598180821e-07
538.783140091	2.48394534714e-06
539.097299356	5.90223828044e-06
539.411458621	7.93761345207e-06
539.725617887	8.45529363281e-06
540.039777152	7.60468034723e-06
540.353936417	6.65866612535e-06
540.668095683	6.36976258047e-06
540.982254948	6.85577525809e-06
541.296414214	4.08245873189e-06
541.610573479	3.09855886444e-06
541.924732744	7.22201516448e-06
542.23889201	2.11127532397e-06
542.553051275	-2.55328565095e-05
542.86721054	-3.72184352771e-05
543.181369806	-2.64073965478e-05
543.495529071	-1.22668261881e-05
543.809688336	-1.08268508546e-06
544.123847602	6.33801514584e-06
544.438006867	1.03262710093e-05
544.752166133	1.02648732172e-05
545.066325398	7.17808546438e-06
545.380484663	4.0140336658e-06
545.694643929	1.94875137853e-06
546.008803194	7.13173136008e-07
546.322962459	-3.6562022559e-07
546.637121725	-7.42898025191e-07
546.95128099	-2.47885301471e-07
547.265440255	4.45313681851e-07
547.579599521	1.3008289666e-06
547.893758786	1.89972818867e-06
548.207918051	2.61844571481e-06
548.522077317	3.68526659709e-06
548.836236582	4.52069947005e-06
549.150395848	5.34244449037e-06
549.464555113	5.41994513456e-06
549.778714378	4.54740176965e-06
550.092873644	3.31356215001e-06
550.407032909	2.21282436602e-06
550.721192174	-8.69593654963e-07
551.03535144	-2.49234074393e-06
551.349510705	3.53617020473e-06
551.66366997	4.5689886282e-06
551.977829236	-1.96799354923e-05
552.291988501	-3.49211531001e-05
552.606147766	-2.53575758802e-05
552.920307032	-1.04866799558e-05
553.234466297	1.99340607649e-06
553.548625563	1.06717495386e-05
553.862784828	1.57131745322e-05
554.176944093	1.51185706751e-05
554.491103359	9.61024891077e-06
554.805262624	2.98562913877e-06
555.119421889	-1.63499207337e-06
555.433581155	-3.23363283654e-06
555.74774042	-3.57201544255e-06
556.061899685	-3.40509245443e-06
556.376058951	-2.84184842618e-06
556.690218216	-3.15799904176e-06
557.004377482	-3.346269874e-06
557.318536747	-2.61633150613e-06
557.632696012	-4.60918986395e-07
557.946855278	2.95406198538e-06
558.261014543	5.57569680782e-06
558.575173808	7.3243457136e-06
558.889333074	7.88963655867e-06
559.203492339	7.53066476731e-06
559.517651604	7.40259506958e-06
559.83181087	7.72523971622e-06
560.145970135	6.77162368326e-06
560.4601294	3.26824396017e-06
560.774288666	5.40547092763e-06
561.088447931	6.59439563817e-06
561.402607197	-1.42640568321e-05
561.716766462	-3.68769493188e-05
562.030925727	-3.22004826799e-05
562.345084993	-1.71280369887e-05
562.659244258	-3.8764564442e-06
562.973403523	4.65044576642e-06
563.287562789	9.45233405412e-06
563.601722054	9.71337650113e-06
563.915881319	7.06342180551e-06
564.230040585	3.98336301294e-06
564.54419985	1.32846724737e-06
564.858359115	1.03817720738e-07
565.172518381	-4.89312201518e-07
565.486677646	-8.44189301125e-07
565.800836912	-2.31122999217e-07
566.114996177	2.85710964666e-07
566.429155442	1.11281036322e-06
566.743314708	1.9645377921e-06
567.057473973	2.56744279683e-06
567.371633238	3.62512215222e-06
567.685792504	4.25242445061e-06
567.999951769	5.10515795566e-06
568.314111034	5.62247350063e-06
568.6282703	5.30569409399e-06
568.942429565	5.0050704604e-06
569.256588831	4.15031579315e-06
569.570748096	2.24315388079e-06
569.884907361	-3.02352990404e-06
570.199066627	-1.40949294588e-06
570.513225892	4.90132327957e-06
570.827385157	-6.68677208617e-06
571.141544423	-3.13829798224e-05
571.455703688	-3.17299246863e-05
571.769862953	-1.75356414755e-05
572.084022219	-3.43339976966e-06
572.398181484	6.96709827442e-06
572.712340749	1.38367351039e-05
573.026500015	1.57038970692e-05
573.34065928	1.22476949433e-05
573.654818546	5.86843591637e-06
573.968977811	-6.35402644511e-08
574.283137076	-2.8574422131e-06
574.597296342	-3.39269350819e-06
574.911455607	-3.32931283519e-06
575.225614872	-2.28926772982e-06
575.539774138	-1.75660477281e-06
575.853933403	-1.99389508559e-06
576.168092668	-2.71639028251e-06
576.482251934	-2.90868618419e-06
576.796411199	-2.9926041673e-07
577.110570464	3.20646580568e-06
577.42472973	6.05034796569e-06
577.738888995	7.80212961882e-06
578.053048261	8.21045277986e-06
578.367207526	8.50756616646e-06
578.681366791	8.62571050132e-06
578.995526057	8.84476614871e-06
579.309685322	5.40491593977e-06
579.623844587	3.52084614135e-06
579.938003853	6.42431529678e-06
580.252163118	-8.42773101623e-07
580.566322383	-2.91799753741e-05
580.880481649	-3.85422804463e-05
581.194640914	-2.59778485389e-05
581.50880018	-1.03861253242e-05
581.822959445	1.54520981569e-06
582.13711871	8.83087820195e-06
582.451277976	1.1051732843e-05
582.765437241	8.31598115281e-06
583.079596506	4.09626334391e-06
583.393755772	9.71193649247e-07
583.707915037	-4.38742074566e-07
584.022074302	-7.85143756998e-07
584.336233568	-9.71506441409e-07
584.650392833	-1.34376177361e-07
584.964552098	1.08891358503e-06
585.278711364	2.13137622369e-06
585.592870629	3.04856574791e-06
585.907029895	3.35144834754e-06
586.22118916	3.83180509571e-06
586.535348425	4.15558070415e-06
586.849507691	4.287595742e-06
587.163666956	4.70772804513e-06
587.477826221	4.6905836453e-06
587.791985487	4.71098950244e-06
588.106144752	4.63421286896e-06
588.420304017	4.58688698722e-06
588.734463283	1.62500760107e-06
589.048622548	-3.22631894818e-06
589.362781813	1.71375468306e-07
589.676941079	2.6524853996e-06
589.991100344	-1.82370777226e-05
590.30525961	-3.53718799985e-05
590.619418875	-2.76084719872e-05
590.93357814	-1.23484098077e-05
591.247737406	7.63839064354e-07
591.561896671	9.87660519284e-06
591.876055936	1.52848270553e-05
592.190215202	1.48239097959e-05
592.504374467	9.79559866596e-06
592.818533732	3.40398497241e-06
593.132692998	-1.40667899443e-06
593.446852263	-3.23388995877e-06
593.761011529	-3.69338091546e-06
594.075170794	-3.20357651336e-06
594.389330059	-2.05641276372e-06
594.703489325	-1.1056101305e-06
595.01764859	-7.82075930501e-07
595.331807855	-1.83183562456e-06
595.645967121	-2.13913462563e-06
595.960126386	9.68765653345e-08
596.274285651	3.74855000732e-06
596.588444917	7.00330326736e-06
596.902604182	8.23091563416e-06
597.216763447	8.33757736603e-06
597.530922713	8.45775750246e-06
597.845081978	8.84921078805e-06
598.159241244	8.54529763333e-06
598.473400509	4.07575296597e-06
598.787559774	4.23521077396e-06
599.10171904	6.15601480631e-06
599.415878305	-9.86137899137e-06
599.73003757	-3.58459646691e-05
600.044196836	-3.58076512332e-05
600.358356101	-2.07754842848e-05
600.672515366	-6.15974768028e-06
600.986674632	4.60970919668e-06
601.300833897	1.12514829373e-05
601.614993162	1.14319779789e-05
601.929152428	6.94884062965e-06
602.243311693	1.62403906458e-06
602.557470959	-9.50426970543e-07
602.871630224	-6.24569625973e-07
603.185789489	-3.41037154205e-07
603.499948755	1.99819871134e-08
603.81410802	1.10352703573e-06
604.128267285	2.1038335718e-06
604.442426551	3.25598019001e-06
604.756585816	3.80749565568e-06
605.070745081	3.96988944611e-06
605.384904347	4.02476668126e-06
605.699063612	3.54485352014e-06
606.013222878	3.47794508427e-06
606.327382143	3.56451084121e-06
606.641541408	3.94983596931e-06
606.955700674	4.42368811689e-06
607.269859939	4.67750993336e-06
607.584019204	5.29667406417e-06
607.89817847	1.23409034836e-06
608.212337735	-1.94050671453e-06
608.526497	1.41612015642e-06
608.840656266	-2.04970009903e-06
609.154815531	-2.63683498568e-05
609.468974796	-3.56690416134e-05
609.783134062	-2.36370881148e-05
610.097293327	-8.51561638344e-06
610.411452593	3.4637249657e-06
610.725611858	1.22899935733e-05
611.039771123	1.64379862795e-05
611.353930389	1.52047175113e-05
611.668089654	9.70806588518e-06
611.982248919	2.8568729922e-06
612.296408185	-1.5375427147e-06
612.61056745	-3.57900920374e-06
612.924726715	-3.88448054059e-06
613.238885981	-2.9798047932e-06
613.553045246	-2.08500442211e-06
613.867204511	-6.65428025974e-07
614.181363777	-1.02357741365e-07
614.495523042	-8.29289306112e-07
614.809682308	-1.15446187594e-06
615.123841573	-2.48949487652e-08
615.438000838	3.55901216862e-06
615.752160104	6.64738160756e-06
616.066319369	7.76414683459e-06
616.380478634	7.94152449553e-06
616.6946379	7.50628850229e-06
617.008797165	8.49558107898e-06
617.32295643	7.89915372229e-06
617.637115696	4.02140267147e-06
617.951274961	5.77842270805e-06
618.265434227	5.92780964954e-06
618.579593492	-1.48750693731e-05
618.893752757	-3.75113613162e-05
619.207912023	-3.33982859139e-05
619.522071288	-1.80727423594e-05
619.836230553	-4.58011283051e-06
620.150389819	5.74461428051e-06
620.464549084	1.17199674796e-05
620.778708349	1.12838097151e-05
621.092867615	6.28905321245e-06
621.40702688	2.24995118445e-07
621.721186145	-1.55273154741e-06
622.035345411	-5.6554480984e-07
622.349504676	9.18575964537e-08
622.663663942	6.83660814849e-07
622.977823207	9.53472911873e-07
623.291982472	1.76050199132e-06
623.606141738	2.68102345619e-06
623.920301003	3.2252514505e-06
624.234460268	3.96989136903e-06
624.548619534	3.91023757007e-06
624.862778799	3.75658664808e-06
625.176938064	3.63293463617e-06
625.49109733	3.60206134764e-06
625.805256595	4.35046753511e-06
626.11941586	4.71288051245e-06
626.433575126	5.41241190134e-06
626.747734391	5.82085917626e-06
627.061893657	1.37118745973e-06
627.376052922	-7.24495110785e-07
627.690212187	1.58970288854e-06
628.004371453	-5.78454189027e-06
628.318530718	-3.04176169988e-05
