0.146093750000000022
0.164062500000000000
0.182031250000000006
0.200000000000000011
0.217968750000000017
0.235937500000000022
0.253906250000000000
0.271874999999999978
0.289843750000000011
0.307812499999999989
0.325781250000000022
0.343750000000000000
0.361718749999999978
0.379687500000000011
0.397656249999999989
0.415625000000000022
0.433593750000000000
0.451562499999999978
0.469531250000000011
0.487499999999999989
0.505468749999999911
0.523437500000000000
0.541406249999999978
0.559374999999999956
0.577343750000000044
0.595312499999999911
0.613281250000000000
0.631249999999999978
0.649218749999999956
0.667187500000000044
0.685156249999999911
0.703125000000000000
0.721093749999999867
0.739062499999999956
0.757031250000000044
0.774999999999999911
0.792968750000000000
0.810937499999999867
0.828906249999999956
0.846875000000000044
0.864843749999999911
0.882812500000000000
0.900781249999999867
0.918749999999999956
0.936718750000000044
0.954687499999999911
0.972656250000000000
0.990624999999999867
1.008593749999999956
1.026562500000000044
1.044531249999999911
1.062500000000000000
1.080468749999999867
1.098437499999999956
1.116406250000000044
1.134374999999999911
1.152343750000000000
1.170312499999999867
1.188281249999999956
1.206249999999999822
1.224218749999999911
1.242187499999999778
1.260156249999999867
1.278124999999999956
1.296093749999999822
1.314062499999999911
1.332031249999999778
1.349999999999999867
1.367968749999999956
1.385937499999999822
1.403906249999999911
1.421874999999999778
1.439843749999999867
1.457812499999999956
1.475781249999999822
1.493749999999999911
1.511718749999999778
1.529687499999999867
1.547656249999999956
1.565624999999999822
1.583593749999999911
1.601562499999999778
1.619531249999999867
1.637499999999999956
1.655468749999999822
1.673437499999999911
1.691406249999999778
1.709374999999999867
1.727343749999999734
1.745312499999999822
1.763281249999999911
1.781249999999999778
1.799218749999999867
1.817187499999999734
1.835156249999999822
1.853124999999999911
1.871093749999999778
1.889062499999999867
1.907031249999999734
1.924999999999999822
1.942968749999999911
1.960937499999999778
1.978906249999999867
1.996874999999999734
2.014843749999999822
2.032812499999999911
2.050781250000000000
2.068750000000000089
2.086718749999999734
2.104687499999999822
2.122656249999999911
2.140625000000000000
2.158593750000000089
2.176562499999999734
2.194531249999999822
2.212499999999999911
2.230468750000000000
2.248437500000000089
2.266406250000000178
2.284374999999999822
2.302343749999999911
2.320312500000000000
2.338281250000000089
2.356250000000000178
2.374218749999999822
2.392187499999999911
2.410156250000000000
2.428125000000000089
2.446093750000000178
2.464062499999999822
2.482031249999999911
2.500000000000000000
2.517968750000000089
2.535937500000000178
2.553906249999999822
